0 0.378125 0.379687 0.031250 0.003125 0.362500 0.378125 2 0.393750 0.379688 2 0.393750 0.380741 2 0.362500 0.381250 2
0 0.238189 0.371094 0.213878 0.070312 0.131250 0.335938 2 0.343750 0.348438 2 0.345128 0.387023 2 0.137500 0.406250 2
0 0.412044 0.401563 0.225913 0.028125 0.299088 0.387500 2 0.525000 0.387500 2 0.520312 0.415625 2 0.306250 0.400000 2
0 0.592187 0.393750 0.121875 0.012500 0.532813 0.392188 2 0.653125 0.387500 2 0.653125 0.389062 2 0.531250 0.400000 2
0 0.600962 0.381784 0.017817 0.002058 0.592053 0.381116 2 0.609870 0.380755 2 0.609375 0.382812 2 0.592053 0.381116 2
0 0.593750 0.374219 0.071875 0.004688 0.560937 0.371875 2 0.629687 0.371875 2 0.629687 0.373437 2 0.557813 0.376563 2
0 0.579688 0.370313 0.109375 0.003125 0.525000 0.368750 2 0.634375 0.368750 2 0.634375 0.368750 2 0.525000 0.371875 2
0 0.485938 0.366749 0.078125 0.004002 0.446875 0.367606 2 0.525000 0.364748 2 0.525000 0.368750 2 0.446875 0.368750 2
0 0.676562 0.382812 0.309375 0.068750 0.521875 0.348438 2 0.831250 0.348438 2 0.825000 0.417187 2 0.523438 0.351441 2
0 0.485156 0.345313 0.073437 0.006250 0.451562 0.342187 2 0.520312 0.343750 2 0.521875 0.348438 2 0.448437 0.348438 2
0 0.384288 0.347698 0.071530 0.001478 0.348523 0.346959 2 0.420053 0.348438 2 0.420053 0.348438 2 0.350000 0.348438 2
0 0.660937 0.398438 0.043750 0.003125 0.640625 0.396875 2 0.682813 0.400000 2 0.682813 0.400000 2 0.639062 0.400000 2
0 0.647276 0.405469 0.030448 0.004688 0.632052 0.405153 2 0.662500 0.403125 2 0.659375 0.407813 2 0.632812 0.407813 2
0 0.678125 0.405562 0.031250 0.004502 0.662500 0.404244 2 0.693750 0.403311 2 0.692187 0.407813 2 0.662500 0.404687 2
0 0.691406 0.401563 0.017187 0.003125 0.682813 0.400000 2 0.696875 0.400000 2 0.700000 0.403125 2 0.682813 0.400000 2
0 0.432031 0.368466 0.032812 0.006819 0.415625 0.368750 2 0.448437 0.365056 2 0.448437 0.371875 2 0.415625 0.368750 2
0 0.419079 0.376110 0.014967 0.007155 0.411595 0.372533 2 0.426563 0.373138 2 0.420312 0.379688 2 0.411595 0.372533 2
0 0.402344 0.375781 0.017188 0.007812 0.395313 0.371875 2 0.410938 0.372506 2 0.409375 0.375000 2 0.393750 0.379688 2
0 0.485938 0.385278 0.078125 0.001806 0.446875 0.384375 2 0.525000 0.384375 2 0.525000 0.385537 2 0.447119 0.386181 2
0 0.486437 0.374219 0.077125 0.004688 0.448437 0.371875 2 0.525000 0.371875 2 0.525000 0.376563 2 0.447875 0.373998 2
0 0.486719 0.363965 0.076563 0.002183 0.448437 0.363445 2 0.525000 0.362873 2 0.525000 0.364408 2 0.448437 0.365056 2
0 0.535937 0.359375 0.196875 0.003125 0.437500 0.357812 2 0.634375 0.359375 2 0.634375 0.360938 2 0.437500 0.360938 2
0 0.498139 0.353372 0.050597 0.003862 0.472841 0.352231 2 0.523438 0.351441 2 0.523438 0.355303 2 0.472841 0.352231 2
0 0.396783 0.387262 0.103309 0.000477 0.345128 0.387023 2 0.448437 0.387500 2 0.448437 0.387500 2 0.345145 0.387500 2
0 0.442688 0.375852 0.010375 0.004545 0.437500 0.373580 2 0.447875 0.373998 2 0.446875 0.376563 2 0.437500 0.378125 2
0 0.485938 0.381873 0.078125 0.004370 0.448437 0.379848 2 0.525000 0.379688 2 0.525000 0.382475 2 0.446875 0.384058 2
0 0.546227 0.380269 0.016920 0.003753 0.537767 0.378392 2 0.554688 0.379688 2 0.553767 0.381892 2 0.541292 0.382145 2
0 0.485938 0.378125 0.078125 0.003125 0.446875 0.376563 2 0.525000 0.377116 2 0.525000 0.378602 2 0.448437 0.379688 2
