0 0.549219 0.052344 0.389063 0.051562 0.354687 0.026562 2 0.743750 0.034375 2 0.734375 0.078125 2 0.354687 0.075000 2
0 0.545312 0.105469 0.381250 0.048438 0.357812 0.081250 2 0.735938 0.084375 2 0.732812 0.129688 2 0.354687 0.125000 2
0 0.545312 0.160156 0.381250 0.054688 0.354687 0.132812 2 0.735938 0.137500 2 0.731250 0.187500 2 0.354687 0.179688 2
0 0.544531 0.208594 0.376562 0.048437 0.356250 0.184375 2 0.732812 0.192188 2 0.728125 0.232813 2 0.356250 0.231250 2
0 0.541406 0.260937 0.370312 0.050000 0.356250 0.235937 2 0.726562 0.240625 2 0.723437 0.285938 2 0.356250 0.282813 2
0 0.541406 0.310156 0.370312 0.048437 0.356250 0.285938 2 0.726562 0.292187 2 0.721875 0.334375 2 0.357812 0.329688 2
0 0.539844 0.357031 0.364063 0.045313 0.360938 0.334375 2 0.721875 0.340625 2 0.715625 0.379688 2 0.357812 0.375000 2
0 0.537500 0.403125 0.359375 0.043750 0.359375 0.381250 2 0.717187 0.385937 2 0.712500 0.425000 2 0.357812 0.418750 2
0 0.537500 0.449219 0.356250 0.045312 0.359375 0.426563 2 0.715625 0.431250 2 0.710938 0.471875 2 0.362500 0.467187 2
0 0.535937 0.495312 0.356250 0.040625 0.359375 0.475000 2 0.714063 0.478125 2 0.712500 0.515625 2 0.357812 0.514062 2
0 0.534375 0.542188 0.356250 0.043750 0.356250 0.520312 2 0.712500 0.521875 2 0.709375 0.564063 2 0.359375 0.557813 2
0 0.534375 0.586719 0.356250 0.045312 0.356250 0.564063 2 0.712500 0.568750 2 0.707812 0.609375 2 0.357812 0.603125 2
0 0.534375 0.631250 0.353125 0.046875 0.357812 0.607812 2 0.710938 0.614062 2 0.700000 0.654687 2 0.357812 0.648438 2
0 0.533594 0.676562 0.354687 0.046875 0.356250 0.653125 2 0.710938 0.659375 2 0.709375 0.700000 2 0.357812 0.695312 2
0 0.534375 0.722656 0.356250 0.045313 0.356250 0.700000 2 0.712500 0.706250 2 0.710938 0.745313 2 0.356250 0.740625 2
0 0.534375 0.767187 0.353125 0.040625 0.357812 0.746875 2 0.710938 0.753125 2 0.707812 0.787500 2 0.357812 0.782813 2
0 0.535156 0.810156 0.351562 0.045312 0.360938 0.787500 2 0.710938 0.793750 2 0.707812 0.832812 2 0.359375 0.829688 2
0 0.533594 0.856250 0.354687 0.046875 0.356250 0.832812 2 0.710938 0.839063 2 0.704688 0.879687 2 0.356250 0.870313 2
0 0.882812 0.036719 0.231250 0.051562 0.771875 0.017188 2 0.000000 0.000000 0 0.000000 0.000000 0 0.767188 0.062500 2
0 0.881250 0.085938 0.234375 0.040625 0.767188 0.068750 2 0.000000 0.000000 0 0.000000 0.000000 0 0.764062 0.103125 2
0 0.878125 0.134375 0.240625 0.046875 0.764062 0.117188 2 0.000000 0.000000 0 0.000000 0.000000 0 0.757812 0.157812 2
0 0.878906 0.187500 0.239062 0.050000 0.765625 0.168750 2 0.000000 0.000000 0 0.000000 0.000000 0 0.759375 0.207813 2
0 0.869531 0.235156 0.257812 0.039062 0.745313 0.218750 2 0.000000 0.000000 0 0.000000 0.000000 0 0.740625 0.251563 2
0 0.868750 0.280469 0.259375 0.039062 0.742188 0.273438 2 0.000000 0.000000 0 0.000000 0.000000 0 0.739062 0.298438 2
0 0.868750 0.328125 0.259375 0.040625 0.740625 0.310937 2 0.000000 0.000000 0 0.000000 0.000000 0 0.739062 0.348438 2
0 0.865625 0.373437 0.265625 0.043750 0.734375 0.353125 2 0.000000 0.000000 0 0.000000 0.000000 0 0.732812 0.393750 2
0 0.864844 0.419531 0.267188 0.039062 0.731250 0.400000 2 0.000000 0.000000 0 0.000000 0.000000 0 0.731250 0.434375 2
0 0.864844 0.460156 0.267188 0.035938 0.731250 0.442188 2 0.000000 0.000000 0 0.000000 0.000000 0 0.731250 0.475000 2
0 0.864844 0.504687 0.267188 0.040625 0.732812 0.484375 2 0.000000 0.000000 0 0.000000 0.000000 0 0.731250 0.515625 2
0 0.865625 0.548438 0.265625 0.043750 0.732812 0.528125 2 0.000000 0.000000 0 0.000000 0.000000 0 0.732812 0.562500 2
0 0.864844 0.588281 0.267188 0.039062 0.731250 0.568750 2 0.000000 0.000000 0 0.000000 0.000000 0 0.731250 0.598437 2
0 0.864844 0.630469 0.267188 0.039062 0.734375 0.610938 2 0.000000 0.000000 0 0.000000 0.000000 0 0.731250 0.646875 2
0 0.864844 0.673437 0.267188 0.040625 0.731250 0.654687 2 0.000000 0.000000 0 0.000000 0.000000 0 0.731250 0.682813 2
0 0.864844 0.716406 0.267188 0.042188 0.732812 0.695312 2 0.000000 0.000000 0 0.000000 0.000000 0 0.731250 0.726562 2
0 0.860937 0.760938 0.275000 0.034375 0.723437 0.743750 2 0.000000 0.000000 0 0.000000 0.000000 0 0.726562 0.770312 2
0 0.860937 0.800781 0.275000 0.035937 0.725000 0.782813 2 0.000000 0.000000 0 0.000000 0.000000 0 0.723437 0.809375 2
0 0.860937 0.840625 0.275000 0.043750 0.723437 0.818750 2 0.000000 0.000000 0 0.000000 0.000000 0 0.723437 0.848437 2
0 0.859375 0.882812 0.278125 0.046875 0.720313 0.859375 2 0.000000 0.000000 0 0.000000 0.000000 0 0.720313 0.893750 2
