0 0.524219 0.036719 0.392188 0.007812 0.329688 0.039062 2 0.720313 0.032813 2 0.720313 0.032813 2 0.328125 0.040625 2
0 0.718750 0.054432 0.065625 0.011989 0.685937 0.051767 2 0.751563 0.048438 2 0.751563 0.048438 2 0.689063 0.060427 2
0 0.451152 0.051192 0.185197 0.010116 0.358553 0.046134 2 0.543750 0.054580 2 0.542188 0.056250 2 0.358553 0.046134 2
0 0.515625 0.038281 0.575000 0.076563 0.000000 0.000000 0 0.000000 0.000000 0 0.785937 0.076563 2 0.240625 0.034375 2
0 0.293750 0.040625 0.068750 0.000000 0.259375 0.040625 2 0.328125 0.040625 2 0.328125 0.040625 2 0.259375 0.040625 2
0 0.296523 0.044883 0.055547 0.000859 0.268750 0.045312 2 0.324297 0.044453 2 0.324297 0.044453 2 0.268750 0.045312 2
0 0.426562 0.061626 0.175000 0.023252 0.342187 0.050000 2 0.514062 0.062500 2 0.514062 0.073252 2 0.339062 0.071945 2
0 0.356503 0.077344 0.069256 0.004687 0.326562 0.075000 2 0.391131 0.078125 2 0.391131 0.078125 2 0.321875 0.079687 2
0 0.461473 0.077627 0.140684 0.002128 0.391131 0.078125 2 0.531250 0.076563 2 0.531816 0.078691 2 0.391131 0.078125 2
0 0.623474 0.079157 0.134302 0.007311 0.556323 0.078198 2 0.690625 0.075502 2 0.687500 0.082812 2 0.559375 0.081250 2
0 0.621659 0.067498 0.137933 0.014142 0.552692 0.073539 2 0.689063 0.060427 2 0.690625 0.074569 2 0.552692 0.073539 2
0 0.662500 0.055101 0.037500 0.006192 0.644573 0.053864 2 0.681250 0.052005 2 0.678125 0.058197 2 0.643750 0.057272 2
0 0.623882 0.049555 0.102236 0.011611 0.575000 0.043750 2 0.675000 0.048438 2 0.675000 0.048438 2 0.572764 0.055361 2
0 0.700781 0.043750 0.126563 0.003125 0.637500 0.042986 2 0.764062 0.042188 2 0.762500 0.045312 2 0.637500 0.043094 2
0 0.592675 0.041787 0.033400 0.002323 0.578125 0.040625 2 0.609375 0.042188 2 0.609375 0.042948 2 0.575975 0.042775 2
0 0.255469 0.061719 0.032812 0.054688 0.239063 0.037500 2 0.248438 0.034375 2 0.271875 0.082812 2 0.246875 0.089063 2
0 0.286719 0.072656 0.020313 0.020312 0.281250 0.062500 2 0.293750 0.062500 2 0.296875 0.075000 2 0.276562 0.082812 2
0 0.750865 0.089473 0.048605 0.002303 0.727303 0.088322 2 0.775167 0.088980 2 0.775167 0.088980 2 0.726562 0.090625 2
0 0.565625 0.049213 0.015625 0.011489 0.560937 0.043469 2 0.573438 0.046875 2 0.573438 0.050000 2 0.557813 0.054958 2
0 0.548437 0.049073 0.009375 0.011012 0.545312 0.043567 2 0.550000 0.043750 2 0.553125 0.053125 2 0.543750 0.054580 2
0 0.507812 0.046042 0.050000 0.004791 0.483050 0.043989 2 0.532813 0.043647 2 0.532813 0.048438 2 0.482812 0.047483 2
0 0.609072 0.057903 0.070797 0.001262 0.573673 0.057461 2 0.643750 0.057272 2 0.644470 0.058534 2 0.573673 0.057461 2
0 0.513281 0.143750 0.532812 0.106250 0.246875 0.090625 2 0.779687 0.098437 2 0.771875 0.176563 2 0.251563 0.196875 2
0 0.299219 0.442459 0.057812 0.008833 0.270313 0.439063 2 0.328125 0.438042 2 0.326562 0.446875 2 0.270313 0.439063 2
0 0.409824 0.475498 0.041523 0.008380 0.389062 0.475000 2 0.430586 0.471308 2 0.428125 0.475000 2 0.390625 0.479687 2
0 0.421094 0.206250 0.260937 0.003125 0.290625 0.204687 2 0.551562 0.207813 2 0.551562 0.207813 2 0.290625 0.204687 2
0 0.508594 0.220312 0.079688 0.000000 0.468750 0.220312 2 0.548438 0.220312 2 0.548438 0.220312 2 0.468750 0.220312 2
0 0.492969 0.202797 0.020313 0.003781 0.484375 0.200906 2 0.503125 0.203125 2 0.503125 0.204687 2 0.482812 0.204687 2
0 0.331250 0.220312 0.015625 0.003125 0.323437 0.220312 2 0.339062 0.218750 2 0.339062 0.221875 2 0.323437 0.220312 2
0 0.416406 0.363281 0.210938 0.001563 0.310937 0.364063 2 0.521875 0.362500 2 0.521875 0.364063 2 0.310937 0.364063 2
0 0.303906 0.364063 0.010937 0.009375 0.298438 0.359375 2 0.306250 0.359375 2 0.309375 0.365625 2 0.298438 0.368750 2
0 0.436213 0.412308 0.184925 0.002741 0.343750 0.410938 2 0.528675 0.411950 2 0.528675 0.411950 2 0.343750 0.413678 2
0 0.424674 0.422366 0.289783 0.006763 0.281250 0.421875 2 0.568750 0.418984 2 0.569566 0.425747 2 0.279783 0.423534 2
0 0.491702 0.427640 0.423691 0.008064 0.279856 0.423608 2 0.701562 0.429248 2 0.703547 0.431672 2 0.281250 0.429688 2
0 0.367969 0.452344 0.082813 0.004688 0.326562 0.450000 2 0.409375 0.450000 2 0.409375 0.450000 2 0.329688 0.454688 2
0 0.427163 0.448673 0.019730 0.002653 0.417298 0.447713 2 0.437028 0.447347 2 0.435937 0.450000 2 0.418750 0.450000 2
0 0.564612 0.439570 0.060473 0.001014 0.534375 0.439063 2 0.594848 0.440077 2 0.594848 0.440077 2 0.534375 0.439063 2
0 0.694531 0.424219 0.014062 0.004688 0.687500 0.421875 2 0.701562 0.423828 2 0.700000 0.426563 2 0.688858 0.426358 2
0 0.673232 0.425363 0.031661 0.004673 0.657402 0.423027 2 0.689063 0.426563 2 0.689063 0.427700 2 0.660817 0.426442 2
0 0.645107 0.418323 0.024589 0.009408 0.632812 0.414522 2 0.652006 0.413619 2 0.657402 0.423027 2 0.635539 0.420711 2
0 0.676886 0.412448 0.049759 0.002342 0.652006 0.413619 2 0.701766 0.411277 2 0.701766 0.411277 2 0.652006 0.413619 2
0 0.669270 0.408594 0.051041 0.001562 0.643750 0.407813 2 0.694791 0.409375 2 0.694791 0.409375 2 0.645312 0.409375 2
0 0.603125 0.408594 0.043750 0.001562 0.581250 0.407813 2 0.625000 0.407813 2 0.625000 0.409375 2 0.582812 0.409375 2
0 0.613281 0.397656 0.260938 0.004688 0.482812 0.395313 2 0.743750 0.400000 2 0.743750 0.400000 2 0.484375 0.400000 2
0 0.595522 0.389272 0.218331 0.005831 0.486356 0.386356 2 0.704688 0.392188 2 0.704688 0.392188 2 0.486356 0.386356 2
0 0.601289 0.380742 0.213047 0.002109 0.495312 0.381250 2 0.707812 0.379688 2 0.707812 0.379688 2 0.494766 0.381797 2
0 0.564616 0.377977 0.088284 0.000892 0.520473 0.378423 2 0.608758 0.377531 2 0.608758 0.377531 2 0.520473 0.378423 2
0 0.486712 0.378386 0.023452 0.000522 0.474986 0.378125 2 0.498437 0.378125 2 0.498437 0.378647 2 0.474986 0.378125 2
0 0.463253 0.376534 0.020256 0.003067 0.453125 0.375000 2 0.471875 0.375000 2 0.473381 0.378067 2 0.453125 0.377344 2
0 0.440941 0.377956 0.024367 0.002787 0.429688 0.376563 2 0.453125 0.377344 2 0.453125 0.379105 2 0.428758 0.379350 2
0 0.376563 0.378906 0.093750 0.004687 0.329688 0.376563 2 0.423438 0.381250 2 0.423438 0.381250 2 0.329688 0.376563 2
0 0.463281 0.389984 0.023438 0.007913 0.451562 0.386028 2 0.475000 0.387848 2 0.475000 0.393941 2 0.451562 0.387500 2
0 0.421581 0.397656 0.111913 0.004688 0.365625 0.395313 2 0.477538 0.400000 2 0.477538 0.400000 2 0.365625 0.395313 2
0 0.456999 0.405321 0.073373 0.004983 0.420312 0.406250 2 0.490625 0.402830 2 0.493686 0.406186 2 0.420312 0.407813 2
0 0.360938 0.407813 0.056250 0.000000 0.332813 0.407813 2 0.389062 0.407813 2 0.389062 0.407813 2 0.332813 0.407813 2
0 0.303906 0.408594 0.042187 0.001562 0.282813 0.407813 2 0.325000 0.407813 2 0.325000 0.407813 2 0.282813 0.409375 2
0 0.382881 0.283788 0.106388 0.001952 0.329688 0.282813 2 0.436075 0.284764 2 0.436075 0.284764 2 0.329688 0.282813 2
0 0.461719 0.301563 0.267188 0.009375 0.328125 0.296875 2 0.595313 0.298438 2 0.595313 0.298438 2 0.328125 0.306250 2
0 0.425781 0.346970 0.123437 0.002936 0.364063 0.348438 2 0.485938 0.345502 2 0.487500 0.348438 2 0.364063 0.348438 2
0 0.476091 0.317037 0.029067 0.003425 0.461558 0.315325 2 0.490625 0.315625 2 0.489063 0.318750 2 0.461558 0.315325 2
0 0.544586 0.361930 0.026672 0.001986 0.531250 0.360938 2 0.557922 0.362923 2 0.557922 0.362923 2 0.531353 0.362603 2
0 0.589063 0.361719 0.040625 0.001562 0.568750 0.360938 2 0.609375 0.360938 2 0.609375 0.361394 2 0.568750 0.362500 2
0 0.624459 0.362260 0.030167 0.003605 0.609375 0.361394 2 0.639542 0.360458 2 0.639542 0.360458 2 0.609375 0.364063 2
0 0.650781 0.362500 0.023438 0.003125 0.639062 0.360938 2 0.662500 0.360938 2 0.662500 0.364063 2 0.639062 0.364063 2
0 0.719110 0.391677 0.046155 0.001022 0.696033 0.391166 2 0.742188 0.392188 2 0.742188 0.392188 2 0.696033 0.391166 2
0 0.651330 0.440708 0.112964 0.002959 0.594848 0.440077 2 0.706416 0.439228 2 0.707812 0.442188 2 0.594848 0.440077 2
0 0.446437 0.410156 0.163375 0.001563 0.364750 0.409375 2 0.528125 0.410938 2 0.528125 0.410938 2 0.364750 0.409375 2
0 0.360809 0.439836 0.033713 0.004297 0.348250 0.437688 2 0.377666 0.441728 2 0.377666 0.441728 2 0.343953 0.441984 2
0 0.359375 0.443860 0.031250 0.003345 0.343750 0.442188 2 0.375000 0.445312 2 0.375000 0.445533 2 0.343750 0.445312 2
0 0.412500 0.443480 0.018750 0.002584 0.403125 0.442188 2 0.421875 0.442188 2 0.421875 0.444772 2 0.403125 0.442188 2
0 0.446094 0.440625 0.048438 0.003125 0.421875 0.441392 2 0.470313 0.439063 2 0.470313 0.442188 2 0.421875 0.442188 2
0 0.482916 0.440839 0.025206 0.003553 0.470313 0.439063 2 0.495519 0.440831 2 0.495519 0.440831 2 0.470313 0.442616 2
0 0.410938 0.440227 0.021875 0.002330 0.400000 0.439063 2 0.421875 0.439063 2 0.421875 0.441392 2 0.400000 0.439063 2
0 0.389525 0.440307 0.022800 0.002489 0.378125 0.439063 2 0.400000 0.439063 2 0.400925 0.441552 2 0.378125 0.440625 2
0 0.437500 0.198258 0.096875 0.009016 0.390625 0.196875 2 0.485938 0.193750 2 0.484375 0.200906 2 0.389062 0.202766 2
0 0.440625 0.380948 0.025000 0.002522 0.428645 0.379688 2 0.453125 0.379688 2 0.453125 0.382209 2 0.428125 0.381250 2
0 0.462748 0.384039 0.021630 0.004047 0.453125 0.382209 2 0.472672 0.382016 2 0.473562 0.386063 2 0.451933 0.385566 2
0 0.475781 0.379325 0.045312 0.000725 0.453125 0.379105 2 0.498437 0.378962 2 0.498437 0.379688 2 0.453125 0.379688 2
0 0.536902 0.413870 0.023070 0.003047 0.528278 0.412347 2 0.548438 0.412369 2 0.548438 0.415394 2 0.525367 0.415258 2
0 0.605529 0.410938 0.098317 0.000000 0.556370 0.410938 2 0.654687 0.410938 2 0.654687 0.410938 2 0.556370 0.410938 2
0 0.571094 0.419816 0.014062 0.008494 0.564063 0.415625 2 0.578125 0.415569 2 0.576562 0.424062 2 0.564063 0.415625 2
0 0.588281 0.421553 0.017188 0.008731 0.579688 0.417187 2 0.596875 0.418750 2 0.592187 0.425919 2 0.585073 0.425864 2
0 0.630269 0.427313 0.052269 0.002606 0.604134 0.426009 2 0.656403 0.426409 2 0.654197 0.428616 2 0.604134 0.426009 2
0 0.382812 0.444302 0.015625 0.005147 0.377666 0.441728 2 0.390625 0.442188 2 0.390625 0.445278 2 0.375000 0.446875 2
0 0.511719 0.219531 0.523438 0.095313 0.250000 0.171875 2 0.773438 0.176563 2 0.759375 0.253125 2 0.265625 0.267188 2
0 0.500000 0.489844 0.440625 0.007812 0.279687 0.485938 2 0.720313 0.493750 2 0.720313 0.493750 2 0.281250 0.493750 2
0 0.525670 0.482031 0.048661 0.007812 0.501339 0.478125 2 0.550000 0.481250 2 0.548438 0.485938 2 0.501339 0.478125 2
0 0.332812 0.425000 0.096875 0.003125 0.284375 0.423438 2 0.381250 0.426563 2 0.381250 0.426563 2 0.284375 0.423438 2
0 0.460156 0.426324 0.157813 0.000477 0.381250 0.426086 2 0.539062 0.426563 2 0.539062 0.426563 2 0.381250 0.426563 2
0 0.372534 0.484365 0.185692 0.003105 0.281250 0.482812 2 0.465380 0.485088 2 0.465380 0.485088 2 0.279687 0.485917 2
0 0.625781 0.482812 0.051563 0.009375 0.600000 0.479687 2 0.650000 0.478125 2 0.651563 0.487500 2 0.600000 0.482812 2
0 0.481920 0.478125 0.038839 0.000000 0.462500 0.478125 2 0.501339 0.478125 2 0.501339 0.478125 2 0.462500 0.478125 2
0 0.393105 0.471094 0.166916 0.004688 0.312500 0.468750 2 0.476562 0.473438 2 0.476562 0.473438 2 0.309647 0.473166 2
0 0.362500 0.518750 0.153125 0.003125 0.285938 0.520312 2 0.439063 0.517188 2 0.439063 0.517188 2 0.285938 0.520312 2
0 0.387500 0.539915 0.112500 0.001420 0.331250 0.539205 2 0.443750 0.540625 2 0.443750 0.540625 2 0.331250 0.540625 2
0 0.603385 0.535559 0.041145 0.000758 0.582812 0.535937 2 0.623958 0.535180 2 0.623958 0.535180 2 0.582812 0.535937 2
0 0.564844 0.534375 0.035937 0.003125 0.546875 0.532813 2 0.582812 0.535937 2 0.582812 0.535937 2 0.546875 0.534375 2
0 0.517188 0.535156 0.062500 0.001562 0.485938 0.534375 2 0.548438 0.535937 2 0.548438 0.535937 2 0.485938 0.534375 2
0 0.423516 0.533594 0.102969 0.004687 0.373437 0.531250 2 0.475000 0.535937 2 0.475000 0.535937 2 0.372031 0.534219 2
0 0.317187 0.535937 0.028125 0.000000 0.303125 0.535937 2 0.331250 0.535937 2 0.331250 0.535937 2 0.303125 0.535937 2
0 0.471759 0.443319 0.081642 0.002262 0.430938 0.442188 2 0.512580 0.442695 2 0.512580 0.442695 2 0.431842 0.444450 2
0 0.461194 0.440238 0.063012 0.002350 0.429688 0.439063 2 0.492700 0.439984 2 0.492700 0.439984 2 0.430628 0.441413 2
0 0.458203 0.481495 0.114844 0.006739 0.400781 0.478125 2 0.515625 0.484375 2 0.515625 0.484864 2 0.400781 0.478125 2
0 0.562030 0.481421 0.027184 0.006592 0.550000 0.479063 2 0.571094 0.478125 2 0.575622 0.484595 2 0.548438 0.484717 2
0 0.511719 0.278906 0.510938 0.070313 0.256250 0.243750 2 0.767188 0.248438 2 0.759375 0.314063 2 0.257812 0.314063 2
0 0.433594 0.535937 0.285937 0.009375 0.298438 0.531250 2 0.576562 0.540625 2 0.576562 0.540625 2 0.290625 0.540625 2
0 0.615552 0.539136 0.077978 0.006103 0.576562 0.537877 2 0.654541 0.536084 2 0.650000 0.542188 2 0.576562 0.540625 2
0 0.528125 0.042484 0.168750 0.002533 0.443750 0.043750 2 0.610938 0.041217 2 0.612500 0.043750 2 0.443750 0.043750 2
0 0.510938 0.346094 0.496875 0.073437 0.262500 0.309375 2 0.759375 0.314063 2 0.751563 0.378125 2 0.262500 0.382812 2
0 0.628906 0.039844 0.042188 0.007812 0.607812 0.035937 2 0.650000 0.040625 2 0.649133 0.043056 2 0.609375 0.043750 2
0 0.505469 0.645312 0.248437 0.000000 0.381250 0.645312 2 0.629687 0.645312 2 0.629687 0.645312 2 0.381250 0.645312 2
0 0.582031 0.041406 0.042188 0.010938 0.560937 0.035937 2 0.603125 0.039062 2 0.603125 0.040625 2 0.562500 0.046875 2
0 0.533594 0.402344 0.001563 0.007812 0.532813 0.398438 2 0.534375 0.398438 2 0.532813 0.406250 2 0.532813 0.406250 2
0 0.504687 0.403125 0.006250 0.003125 0.503125 0.401562 2 0.507812 0.401562 2 0.506250 0.404687 2 0.501563 0.403125 2
0 0.405469 0.401563 0.257813 0.050000 0.276562 0.376563 2 0.534375 0.387500 2 0.532813 0.390625 2 0.276562 0.426563 2
0 0.534375 0.417187 0.003125 0.006250 0.532813 0.414062 2 0.535937 0.415625 2 0.532813 0.420312 2 0.532813 0.420312 2
0 0.509375 0.426563 0.006250 0.006250 0.507812 0.423438 2 0.509375 0.423438 2 0.512500 0.429688 2 0.506250 0.426563 2
0 0.644531 0.409375 0.201563 0.050000 0.543750 0.389062 2 0.745313 0.384375 2 0.737500 0.434375 2 0.543750 0.428125 2
0 0.297656 0.469531 0.060937 0.070312 0.267188 0.439063 2 0.328125 0.434375 2 0.313839 0.495312 2 0.270313 0.504687 2
0 0.532813 0.464844 0.406250 0.073438 0.331250 0.434375 2 0.735938 0.428125 2 0.735938 0.501563 2 0.329688 0.442188 2
0 0.503125 0.523438 0.468750 0.053125 0.268750 0.496875 2 0.737500 0.498437 2 0.732812 0.550000 2 0.271875 0.546875 2
0 0.506250 0.580469 0.459375 0.054688 0.276562 0.553125 2 0.735938 0.556250 2 0.726562 0.607812 2 0.278125 0.603125 2
0 0.505469 0.632031 0.445312 0.039062 0.282813 0.612500 2 0.728125 0.614062 2 0.720313 0.651563 2 0.282813 0.650000 2
0 0.504687 0.683594 0.437500 0.045313 0.285938 0.660937 2 0.723437 0.660937 2 0.718750 0.703125 2 0.285938 0.706250 2
0 0.503906 0.732812 0.435938 0.043750 0.285938 0.710938 2 0.721875 0.710938 2 0.714063 0.754687 2 0.287500 0.754687 2
0 0.899219 0.081250 0.198437 0.071875 0.804688 0.054688 2 0.000000 0.000000 0 0.000000 0.000000 0 0.800000 0.117188 2
0 0.907812 0.153125 0.181250 0.056250 0.817187 0.125000 2 0.000000 0.000000 0 0.000000 0.000000 0 0.826562 0.181250 2
0 0.896094 0.217187 0.204688 0.053125 0.793750 0.196875 2 0.000000 0.000000 0 0.000000 0.000000 0 0.796875 0.243750 2
0 0.895312 0.283594 0.206250 0.048437 0.793750 0.259375 2 0.000000 0.000000 0 0.000000 0.000000 0 0.792188 0.306250 2
0 0.892969 0.348437 0.210938 0.043750 0.789062 0.326562 2 0.000000 0.000000 0 0.000000 0.000000 0 0.787500 0.367188 2
0 0.896094 0.404687 0.204688 0.037500 0.793750 0.385937 2 0.000000 0.000000 0 0.000000 0.000000 0 0.793750 0.421875 2
0 0.896875 0.463281 0.203125 0.035938 0.798438 0.453125 2 0.000000 0.000000 0 0.000000 0.000000 0 0.795312 0.481250 2
0 0.891406 0.520312 0.214062 0.037500 0.784375 0.512500 2 0.000000 0.000000 0 0.000000 0.000000 0 0.792188 0.539062 2
0 0.884375 0.572656 0.228125 0.045312 0.770312 0.551562 2 0.000000 0.000000 0 0.000000 0.000000 0 0.770312 0.589063 2
0 0.882812 0.625781 0.231250 0.039062 0.778125 0.606250 2 0.000000 0.000000 0 0.000000 0.000000 0 0.767188 0.645312 2
0 0.872656 0.671094 0.232812 0.035938 0.771875 0.653125 2 0.989062 0.653125 2 0.975000 0.687500 2 0.756250 0.689063 2
0 0.874219 0.716406 0.248437 0.039062 0.754687 0.696875 2 0.000000 0.000000 0 0.000000 0.000000 0 0.750000 0.731250 2
0 0.866406 0.764062 0.264062 0.043750 0.753125 0.742188 2 0.000000 0.000000 0 0.000000 0.000000 0 0.734375 0.775000 2
0 0.911719 0.019531 0.173438 0.039062 0.000000 0.000000 0 0.000000 0.000000 0 0.000000 0.000000 0 0.828125 0.037500 2
