0 0.264062 0.085938 0.362500 0.056250 0.082812 0.057813 2 0.445312 0.073438 2 0.443750 0.114062 2 0.084375 0.101562 2
0 0.265625 0.135156 0.359375 0.051563 0.087500 0.109375 2 0.445312 0.121875 2 0.443750 0.160938 2 0.085938 0.150000 2
0 0.264844 0.183594 0.354688 0.057812 0.087500 0.154688 2 0.442188 0.165625 2 0.442188 0.212500 2 0.087500 0.200000 2
0 0.266406 0.228906 0.354687 0.048437 0.089063 0.204687 2 0.443750 0.215625 2 0.440625 0.253125 2 0.090625 0.246875 2
0 0.265625 0.275781 0.346875 0.048437 0.092188 0.251563 2 0.439063 0.257812 2 0.439063 0.300000 2 0.093750 0.292187 2
0 0.268750 0.322656 0.346875 0.045313 0.095312 0.300000 2 0.442188 0.303125 2 0.442188 0.345313 2 0.096875 0.337500 2
0 0.270313 0.364844 0.340625 0.039062 0.100000 0.345313 2 0.440625 0.350000 2 0.435937 0.384375 2 0.103125 0.382812 2
0 0.267969 0.408594 0.332813 0.042187 0.101562 0.387500 2 0.434375 0.389062 2 0.434375 0.429688 2 0.101562 0.425000 2
0 0.271875 0.450781 0.337500 0.039062 0.103125 0.431250 2 0.440625 0.435937 2 0.434375 0.468750 2 0.104688 0.470313 2
0 0.271094 0.494531 0.335938 0.039062 0.106250 0.475000 2 0.439063 0.481250 2 0.432812 0.514062 2 0.103125 0.512500 2
0 0.268750 0.536719 0.331250 0.039062 0.103125 0.517188 2 0.434375 0.520312 2 0.429688 0.556250 2 0.104688 0.554688 2
0 0.273438 0.578125 0.337500 0.037500 0.104688 0.559375 2 0.440625 0.560937 2 0.442188 0.590625 2 0.106250 0.596875 2
0 0.271094 0.619531 0.335938 0.039062 0.103125 0.600000 2 0.439063 0.601562 2 0.432812 0.639062 2 0.103125 0.635938 2
0 0.271875 0.664062 0.337500 0.040625 0.103125 0.643750 2 0.437500 0.643750 2 0.440625 0.678125 2 0.106250 0.684375 2
0 0.272656 0.704687 0.332813 0.040625 0.106250 0.685937 2 0.439063 0.684375 2 0.439063 0.721875 2 0.107813 0.725000 2
0 0.274219 0.744531 0.329688 0.035937 0.109375 0.731250 2 0.439063 0.726562 2 0.434375 0.760938 2 0.109375 0.762500 2
0 0.272656 0.785937 0.329688 0.037500 0.109375 0.770312 2 0.435937 0.767188 2 0.437500 0.800000 2 0.107813 0.804688 2
0 0.272656 0.827344 0.332813 0.035938 0.107813 0.812500 2 0.437500 0.809375 2 0.439063 0.845313 2 0.106250 0.843750 2
0 0.666406 0.081250 0.414062 0.043750 0.459375 0.059375 2 0.873437 0.059375 2 0.871875 0.103125 2 0.459375 0.096875 2
0 0.664062 0.126562 0.412500 0.040625 0.459375 0.106250 2 0.870313 0.107813 2 0.865625 0.146875 2 0.457813 0.140625 2
0 0.660937 0.169531 0.406250 0.042187 0.459375 0.148438 2 0.864062 0.153125 2 0.856250 0.190625 2 0.457813 0.184375 2
0 0.643750 0.214844 0.356250 0.045312 0.467187 0.192188 2 0.821875 0.198437 2 0.820312 0.237500 2 0.465625 0.234375 2
0 0.651563 0.258594 0.396875 0.032813 0.456250 0.242188 2 0.850000 0.243750 2 0.842187 0.271875 2 0.453125 0.275000 2
0 0.650781 0.303906 0.392188 0.029687 0.457813 0.289062 2 0.846875 0.289062 2 0.845313 0.318750 2 0.454688 0.314063 2
0 0.650781 0.342969 0.398438 0.035938 0.457813 0.325000 2 0.850000 0.326562 2 0.846875 0.360938 2 0.451562 0.354687 2
0 0.645312 0.381250 0.393750 0.040625 0.450000 0.360938 2 0.842187 0.367188 2 0.839063 0.401562 2 0.448437 0.398438 2
0 0.645312 0.421875 0.390625 0.034375 0.450000 0.404687 2 0.840625 0.406250 2 0.839063 0.437500 2 0.450000 0.439063 2
0 0.644531 0.461719 0.385938 0.039062 0.451562 0.443750 2 0.837500 0.442188 2 0.837500 0.481250 2 0.451562 0.475000 2
0 0.644531 0.500000 0.385938 0.034375 0.453125 0.482812 2 0.837500 0.484375 2 0.835938 0.517188 2 0.451562 0.515625 2
0 0.642969 0.539062 0.382812 0.034375 0.453125 0.521875 2 0.834375 0.523438 2 0.834375 0.556250 2 0.451562 0.556250 2
0 0.642969 0.575781 0.382812 0.032813 0.451562 0.560937 2 0.834375 0.559375 2 0.829688 0.592187 2 0.451562 0.589063 2
0 0.640625 0.615625 0.378125 0.028125 0.451562 0.601562 2 0.829688 0.601562 2 0.826562 0.629687 2 0.451562 0.629687 2
0 0.641406 0.653906 0.379688 0.032813 0.451562 0.637500 2 0.831250 0.637500 2 0.828125 0.665625 2 0.453125 0.670312 2
0 0.641406 0.692969 0.379688 0.032813 0.451562 0.676562 2 0.831250 0.676562 2 0.829688 0.706250 2 0.451562 0.709375 2
0 0.639062 0.730469 0.378125 0.035937 0.450000 0.712500 2 0.828125 0.714063 2 0.825000 0.746875 2 0.451562 0.748437 2
0 0.635938 0.765625 0.378125 0.034375 0.448437 0.753125 2 0.821875 0.748437 2 0.825000 0.782813 2 0.446875 0.782813 2
0 0.636719 0.803906 0.373438 0.035938 0.450000 0.789062 2 0.823438 0.785937 2 0.821875 0.821875 2 0.450000 0.821875 2
0 0.633594 0.842187 0.376563 0.034375 0.445312 0.825000 2 0.821875 0.826562 2 0.818750 0.859375 2 0.445312 0.859375 2
