0 0.275000 0.143750 0.359375 0.053125 0.095312 0.117188 2 0.454688 0.129688 2 0.451562 0.170313 2 0.096875 0.162500 2
0 0.276562 0.192188 0.356250 0.046875 0.098437 0.168750 2 0.454688 0.176563 2 0.454688 0.215625 2 0.100000 0.207813 2
0 0.276562 0.238281 0.356250 0.054688 0.098437 0.210938 2 0.454688 0.220312 2 0.453125 0.265625 2 0.098437 0.257812 2
0 0.276562 0.283594 0.353125 0.045313 0.100000 0.260937 2 0.453125 0.268750 2 0.451562 0.306250 2 0.100000 0.301563 2
0 0.276562 0.330469 0.350000 0.045313 0.103125 0.307812 2 0.451562 0.310937 2 0.450000 0.353125 2 0.101562 0.345313 2
0 0.278125 0.375781 0.350000 0.042187 0.103125 0.354687 2 0.453125 0.357812 2 0.451562 0.396875 2 0.103125 0.392188 2
0 0.278906 0.418750 0.342187 0.037500 0.109375 0.400000 2 0.450000 0.403125 2 0.445312 0.437500 2 0.107813 0.432812 2
0 0.277344 0.461719 0.339063 0.039062 0.109375 0.442188 2 0.446875 0.445312 2 0.446875 0.481250 2 0.107813 0.478125 2
0 0.279687 0.503906 0.343750 0.039062 0.107813 0.484375 2 0.451562 0.490625 2 0.450000 0.523438 2 0.107813 0.521875 2
0 0.277344 0.548437 0.339063 0.037500 0.109375 0.531250 2 0.446875 0.529687 2 0.445312 0.567187 2 0.107813 0.567187 2
0 0.277344 0.591406 0.342187 0.039062 0.106250 0.571875 2 0.448437 0.575000 2 0.446875 0.607812 2 0.107813 0.610938 2
0 0.276562 0.634375 0.340625 0.037500 0.106250 0.618750 2 0.445312 0.615625 2 0.446875 0.653125 2 0.107813 0.650000 2
0 0.276562 0.677344 0.340625 0.035937 0.107813 0.659375 2 0.446875 0.659375 2 0.440625 0.695312 2 0.106250 0.695312 2
0 0.276562 0.721875 0.340625 0.043750 0.106250 0.704688 2 0.445312 0.700000 2 0.446875 0.739062 2 0.107813 0.743750 2
0 0.278125 0.764844 0.343750 0.042187 0.106250 0.746875 2 0.450000 0.743750 2 0.446875 0.784375 2 0.106250 0.785937 2
0 0.278906 0.808594 0.342187 0.039062 0.107813 0.793750 2 0.450000 0.789062 2 0.446875 0.821875 2 0.109375 0.828125 2
0 0.277344 0.852344 0.342187 0.039062 0.109375 0.834375 2 0.448437 0.832812 2 0.442188 0.871875 2 0.106250 0.870313 2
0 0.276562 0.895312 0.340625 0.040625 0.106250 0.879687 2 0.446875 0.875000 2 0.446875 0.912500 2 0.106250 0.915625 2
0 0.677344 0.135156 0.410938 0.042188 0.473438 0.114062 2 0.882812 0.115625 2 0.881250 0.153125 2 0.471875 0.156250 2
0 0.675781 0.178906 0.410937 0.039062 0.471875 0.159375 2 0.881250 0.159375 2 0.876563 0.198437 2 0.470313 0.196875 2
0 0.671094 0.221094 0.401562 0.039062 0.470313 0.203125 2 0.870313 0.201563 2 0.871875 0.239063 2 0.471875 0.240625 2
0 0.654687 0.266406 0.359375 0.039062 0.479687 0.246875 2 0.834375 0.250000 2 0.834375 0.285938 2 0.475000 0.285938 2
0 0.664062 0.310156 0.400000 0.032812 0.464062 0.293750 2 0.864062 0.293750 2 0.864062 0.325000 2 0.465625 0.326562 2
0 0.664062 0.352344 0.396875 0.032813 0.465625 0.340625 2 0.862500 0.335938 2 0.862500 0.368750 2 0.465625 0.364063 2
0 0.664062 0.392188 0.400000 0.037500 0.465625 0.375000 2 0.864062 0.373437 2 0.864062 0.410938 2 0.464062 0.407813 2
0 0.658594 0.432812 0.401562 0.037500 0.460938 0.414062 2 0.859375 0.418750 2 0.857812 0.451562 2 0.457813 0.450000 2
0 0.660156 0.474219 0.398438 0.035938 0.462500 0.456250 2 0.859375 0.459375 2 0.856250 0.492188 2 0.460938 0.489063 2
0 0.660937 0.513281 0.396875 0.035938 0.465625 0.495312 2 0.859375 0.495312 2 0.857812 0.531250 2 0.462500 0.528125 2
0 0.660937 0.553125 0.393750 0.034375 0.464062 0.535937 2 0.857812 0.539062 2 0.856250 0.570312 2 0.464062 0.568750 2
0 0.659375 0.593750 0.393750 0.034375 0.464062 0.576562 2 0.856250 0.576562 2 0.856250 0.607812 2 0.462500 0.610938 2
0 0.659375 0.632031 0.390625 0.035938 0.465625 0.614062 2 0.854688 0.615625 2 0.853125 0.650000 2 0.464062 0.646875 2
0 0.657031 0.671094 0.389062 0.035938 0.462500 0.653125 2 0.851562 0.653125 2 0.850000 0.685937 2 0.462500 0.689063 2
0 0.658594 0.710938 0.389063 0.034375 0.464062 0.695312 2 0.853125 0.693750 2 0.848437 0.726562 2 0.464062 0.728125 2
0 0.657031 0.750000 0.395313 0.034375 0.464062 0.734375 2 0.853125 0.732812 2 0.854688 0.767188 2 0.459375 0.767188 2
0 0.655469 0.793750 0.392188 0.040625 0.459375 0.776563 2 0.851562 0.773438 2 0.851562 0.807813 2 0.464062 0.814063 2
0 0.654687 0.829687 0.390625 0.037500 0.459375 0.817187 2 0.850000 0.810937 2 0.848437 0.846875 2 0.459375 0.848437 2
0 0.654687 0.869531 0.396875 0.032813 0.457813 0.854688 2 0.853125 0.853125 2 0.850000 0.885938 2 0.456250 0.885938 2
0 0.652344 0.910156 0.392187 0.042188 0.456250 0.890625 2 0.848437 0.889062 2 0.848437 0.926562 2 0.457813 0.931250 2
