0 0.262500 0.189844 0.359375 0.054688 0.082812 0.162500 2 0.442188 0.178125 2 0.440625 0.217188 2 0.082812 0.206250 2
0 0.262500 0.239844 0.359375 0.045313 0.085938 0.217188 2 0.440625 0.226562 2 0.442188 0.262500 2 0.082812 0.253125 2
0 0.262500 0.284375 0.359375 0.053125 0.082812 0.257812 2 0.442188 0.270313 2 0.442188 0.310937 2 0.084375 0.301563 2
0 0.263281 0.329688 0.357812 0.046875 0.085938 0.306250 2 0.442188 0.318750 2 0.437500 0.353125 2 0.084375 0.345313 2
0 0.262500 0.375781 0.353125 0.048438 0.085938 0.351562 2 0.439063 0.359375 2 0.434375 0.400000 2 0.085938 0.392188 2
0 0.262500 0.420312 0.353125 0.043750 0.087500 0.398438 2 0.439063 0.403125 2 0.439063 0.442188 2 0.085938 0.435937 2
0 0.264062 0.464062 0.346875 0.040625 0.092188 0.443750 2 0.437500 0.450000 2 0.429688 0.484375 2 0.090625 0.478125 2
0 0.260937 0.506250 0.343750 0.043750 0.090625 0.484375 2 0.431250 0.490625 2 0.432812 0.528125 2 0.089063 0.521875 2
0 0.262500 0.550781 0.343750 0.039062 0.095312 0.531250 2 0.434375 0.535937 2 0.431250 0.570312 2 0.090625 0.570312 2
0 0.259375 0.596094 0.343750 0.039062 0.090625 0.576562 2 0.431250 0.576562 2 0.428125 0.615625 2 0.087500 0.614062 2
0 0.258594 0.639063 0.348437 0.040625 0.085938 0.618750 2 0.432812 0.621875 2 0.428125 0.659375 2 0.084375 0.656250 2
0 0.261719 0.684375 0.351562 0.037500 0.087500 0.665625 2 0.437500 0.668750 2 0.429688 0.703125 2 0.085938 0.700000 2
0 0.257812 0.728125 0.350000 0.040625 0.084375 0.707812 2 0.432812 0.707812 2 0.428125 0.746875 2 0.082812 0.748437 2
0 0.256250 0.771875 0.346875 0.037500 0.082812 0.754687 2 0.429688 0.753125 2 0.429688 0.789062 2 0.082812 0.790625 2
0 0.258594 0.815625 0.351562 0.043750 0.084375 0.798438 2 0.434375 0.793750 2 0.429688 0.835938 2 0.082812 0.837500 2
0 0.259375 0.858594 0.350000 0.035938 0.085938 0.845313 2 0.434375 0.840625 2 0.432812 0.873437 2 0.084375 0.876563 2
0 0.257031 0.903125 0.348438 0.043750 0.084375 0.887500 2 0.431250 0.881250 2 0.426563 0.923438 2 0.082812 0.925000 2
0 0.255469 0.948438 0.351562 0.043750 0.081250 0.929688 2 0.431250 0.926562 2 0.429688 0.967187 2 0.079687 0.970313 2
0 0.660156 0.188281 0.401563 0.042188 0.460938 0.167187 2 0.860938 0.170313 2 0.860938 0.209375 2 0.459375 0.204687 2
0 0.660156 0.232812 0.401563 0.040625 0.459375 0.212500 2 0.860938 0.212500 2 0.857812 0.253125 2 0.459375 0.250000 2
0 0.656250 0.275000 0.396875 0.040625 0.457813 0.254688 2 0.854688 0.257812 2 0.851562 0.295312 2 0.457813 0.290625 2
0 0.639844 0.317969 0.351563 0.045313 0.468750 0.295312 2 0.815625 0.301563 2 0.814063 0.340625 2 0.464062 0.335938 2
0 0.649219 0.360938 0.395313 0.037500 0.453125 0.342187 2 0.846875 0.346875 2 0.845313 0.375000 2 0.451562 0.379688 2
0 0.646875 0.403906 0.393750 0.032812 0.453125 0.390625 2 0.843750 0.387500 2 0.843750 0.420312 2 0.450000 0.414062 2
0 0.646094 0.442188 0.398438 0.040625 0.451562 0.421875 2 0.845313 0.423438 2 0.845313 0.462500 2 0.446875 0.454688 2
0 0.644531 0.482813 0.395312 0.040625 0.446875 0.462500 2 0.842187 0.467187 2 0.840625 0.503125 2 0.448437 0.501563 2
0 0.644531 0.522656 0.395312 0.035938 0.448437 0.504687 2 0.842187 0.509375 2 0.840625 0.540625 2 0.446875 0.540625 2
0 0.645312 0.561719 0.393750 0.035938 0.450000 0.543750 2 0.842187 0.546875 2 0.840625 0.579688 2 0.448437 0.576562 2
0 0.646094 0.600781 0.392187 0.035938 0.450000 0.582812 2 0.842187 0.590625 2 0.840625 0.618750 2 0.450000 0.617188 2
0 0.643750 0.641406 0.390625 0.035938 0.450000 0.623437 2 0.839063 0.625000 2 0.837500 0.657813 2 0.448437 0.659375 2
0 0.643750 0.681250 0.390625 0.034375 0.450000 0.664062 2 0.839063 0.664062 2 0.835938 0.698438 2 0.448437 0.696875 2
0 0.642188 0.720313 0.390625 0.034375 0.446875 0.703125 2 0.837500 0.704688 2 0.834375 0.734375 2 0.446875 0.737500 2
0 0.642969 0.758594 0.389063 0.035938 0.451562 0.743750 2 0.837500 0.740625 2 0.834375 0.775000 2 0.448437 0.776563 2
0 0.642188 0.802344 0.390625 0.039062 0.448437 0.785937 2 0.837500 0.782813 2 0.835938 0.818750 2 0.446875 0.821875 2
0 0.639844 0.842188 0.395313 0.037500 0.445312 0.825000 2 0.837500 0.823438 2 0.835938 0.859375 2 0.442188 0.860938 2
0 0.639062 0.883594 0.393750 0.035938 0.443750 0.871875 2 0.835938 0.865625 2 0.834375 0.898438 2 0.442188 0.901563 2
0 0.639844 0.921875 0.392188 0.037500 0.443750 0.907813 2 0.835938 0.903125 2 0.834375 0.939063 2 0.443750 0.940625 2
0 0.635156 0.963281 0.395312 0.042188 0.440625 0.942187 2 0.832812 0.942187 2 0.832812 0.978125 2 0.437500 0.984375 2
