0 0.471875 0.018750 0.459375 0.037500 0.000000 0.000000 0 0.000000 0.000000 0 0.701562 0.037500 2 0.243750 0.037500 2
0 0.478125 0.071094 0.459375 0.054688 0.248438 0.043750 2 0.706250 0.045312 2 0.707812 0.098437 2 0.248438 0.095312 2
0 0.478906 0.134375 0.464062 0.062500 0.246875 0.103125 2 0.710938 0.107813 2 0.709375 0.165625 2 0.250000 0.164062 2
0 0.478906 0.197656 0.454688 0.057812 0.251563 0.168750 2 0.706250 0.170313 2 0.703125 0.226562 2 0.253125 0.220312 2
0 0.478906 0.255469 0.451563 0.054688 0.253125 0.228125 2 0.704688 0.231250 2 0.703125 0.282813 2 0.253125 0.279687 2
0 0.474219 0.315625 0.448438 0.059375 0.253125 0.285938 2 0.698438 0.293750 2 0.695312 0.345313 2 0.250000 0.337500 2
0 0.473438 0.371875 0.443750 0.053125 0.251563 0.345313 2 0.695312 0.351562 2 0.693750 0.396875 2 0.253125 0.398438 2
0 0.476562 0.431250 0.440625 0.053125 0.260937 0.404687 2 0.696875 0.407813 2 0.692187 0.457813 2 0.256250 0.451562 2
0 0.475781 0.489063 0.442188 0.056250 0.254688 0.460938 2 0.696875 0.465625 2 0.692187 0.517188 2 0.256250 0.515625 2
0 0.475000 0.544531 0.437500 0.048438 0.256250 0.520312 2 0.692187 0.521875 2 0.693750 0.567187 2 0.256250 0.568750 2
0 0.477344 0.601562 0.439063 0.050000 0.257812 0.576562 2 0.696875 0.576562 2 0.693750 0.626563 2 0.257812 0.626563 2
0 0.476562 0.657813 0.434375 0.046875 0.259375 0.637500 2 0.693750 0.634375 2 0.692187 0.676562 2 0.265625 0.681250 2
0 0.478906 0.710938 0.429688 0.043750 0.264062 0.689063 2 0.693750 0.692187 2 0.693750 0.728125 2 0.264062 0.732812 2
0 0.481250 0.765625 0.421875 0.050000 0.270313 0.743750 2 0.692187 0.740625 2 0.690625 0.782813 2 0.270313 0.790625 2
0 0.483594 0.821094 0.426563 0.039062 0.270313 0.801562 2 0.696875 0.803125 2 0.692187 0.837500 2 0.273438 0.840625 2
0 0.487500 0.871094 0.418750 0.057813 0.278125 0.851562 2 0.696875 0.842187 2 0.695312 0.893750 2 0.279687 0.900000 2
0 0.485156 0.926562 0.426563 0.046875 0.273438 0.912500 2 0.698438 0.903125 2 0.695312 0.950000 2 0.271875 0.950000 2
0 0.485156 0.980469 0.439063 0.035937 0.267188 0.965625 2 0.704688 0.962500 2 0.000000 0.000000 0 0.000000 0.000000 0
