0 0.497656 0.055469 0.501562 0.070312 0.246875 0.023438 2 0.748437 0.020313 2 0.746875 0.087500 2 0.246875 0.090625 2
0 0.497656 0.124219 0.495313 0.064062 0.250000 0.098437 2 0.745313 0.092188 2 0.743750 0.156250 2 0.251563 0.154688 2
0 0.496875 0.191406 0.487500 0.060937 0.253125 0.164062 2 0.740625 0.160938 2 0.737500 0.221875 2 0.254688 0.220312 2
0 0.493750 0.256250 0.484375 0.059375 0.251563 0.226562 2 0.735938 0.226562 2 0.732812 0.285938 2 0.251563 0.285938 2
0 0.492969 0.321094 0.476562 0.054688 0.254688 0.293750 2 0.731250 0.293750 2 0.731250 0.346875 2 0.254688 0.348438 2
0 0.497656 0.383594 0.473438 0.054688 0.262500 0.357812 2 0.734375 0.356250 2 0.731250 0.407813 2 0.260937 0.410938 2
0 0.496094 0.445312 0.476562 0.056250 0.257812 0.417187 2 0.734375 0.417187 2 0.731250 0.473438 2 0.257812 0.471875 2
0 0.495313 0.505469 0.468750 0.054688 0.262500 0.478125 2 0.728125 0.479687 2 0.729688 0.528125 2 0.260937 0.532813 2
0 0.500000 0.567187 0.471875 0.056250 0.264062 0.539062 2 0.735938 0.539062 2 0.735938 0.589063 2 0.264062 0.595313 2
0 0.498438 0.624219 0.462500 0.048438 0.267188 0.603125 2 0.729688 0.600000 2 0.728125 0.643750 2 0.268750 0.648438 2
0 0.501563 0.683594 0.462500 0.042188 0.270313 0.662500 2 0.732812 0.662500 2 0.729688 0.703125 2 0.271875 0.704688 2
0 0.504687 0.738281 0.456250 0.057813 0.276562 0.717187 2 0.729688 0.709375 2 0.732812 0.757812 2 0.279687 0.767188 2
0 0.509375 0.799219 0.456250 0.051562 0.281250 0.778125 2 0.737500 0.773438 2 0.735938 0.818750 2 0.281250 0.825000 2
0 0.512500 0.857812 0.456250 0.062500 0.284375 0.834375 2 0.740625 0.826562 2 0.737500 0.881250 2 0.284375 0.889062 2
0 0.511719 0.920312 0.457812 0.050000 0.282813 0.896875 2 0.740625 0.895312 2 0.739062 0.939063 2 0.282813 0.945312 2
0 0.510938 0.971875 0.468750 0.053125 0.276562 0.954688 2 0.743750 0.945312 2 0.000000 0.000000 0 0.000000 0.000000 0
