0 0.474219 0.036719 0.579687 0.073438 0.189062 0.017188 2 0.000000 0.000000 0 0.762500 0.062500 2 0.184375 0.073438 2
0 0.482031 0.104688 0.595312 0.071875 0.187500 0.078125 2 0.776563 0.068750 2 0.779687 0.137500 2 0.184375 0.140625 2
0 0.482813 0.184375 0.603125 0.078125 0.184375 0.150000 2 0.782813 0.145313 2 0.784375 0.215625 2 0.181250 0.223438 2
0 0.485156 0.258594 0.601562 0.070312 0.184375 0.229687 2 0.785937 0.223438 2 0.784375 0.292187 2 0.185938 0.293750 2
0 0.483594 0.336719 0.601562 0.070312 0.184375 0.301563 2 0.784375 0.303125 2 0.782813 0.371875 2 0.182812 0.371875 2
0 0.478906 0.416406 0.604688 0.067188 0.178125 0.382812 2 0.781250 0.384375 2 0.779687 0.446875 2 0.176563 0.450000 2
0 0.477344 0.494531 0.604688 0.073437 0.175000 0.459375 2 0.779687 0.457813 2 0.775000 0.517188 2 0.176563 0.531250 2
0 0.483594 0.569531 0.614062 0.082813 0.181250 0.537500 2 0.784375 0.528125 2 0.790625 0.604688 2 0.176563 0.610938 2
0 0.479687 0.652344 0.615625 0.079687 0.176563 0.615625 2 0.787500 0.612500 2 0.787500 0.689063 2 0.171875 0.692187 2
0 0.479688 0.736719 0.621875 0.076562 0.171875 0.700000 2 0.790625 0.698438 2 0.789062 0.765625 2 0.168750 0.775000 2
0 0.485156 0.819531 0.632812 0.095313 0.168750 0.785937 2 0.798438 0.771875 2 0.801562 0.853125 2 0.170313 0.867188 2
0 0.484375 0.902344 0.634375 0.082812 0.167187 0.873437 2 0.800000 0.860938 2 0.801562 0.932813 2 0.171875 0.943750 2
0 0.489063 0.971094 0.646875 0.054688 0.165625 0.953125 2 0.806250 0.943750 2 0.000000 0.000000 0 0.000000 0.000000 0
