0 0.231250 0.056250 0.400000 0.056250 0.031250 0.028125 2 0.431250 0.040625 2 0.431250 0.084375 2 0.035937 0.079687 2
0 0.235938 0.112500 0.390625 0.043750 0.043750 0.092188 2 0.431250 0.090625 2 0.431250 0.134375 2 0.040625 0.129688 2
0 0.404687 0.164062 0.059375 0.040625 0.378125 0.143750 2 0.429688 0.143750 2 0.434375 0.184375 2 0.375000 0.181250 2
0 0.297656 0.161719 0.148438 0.032812 0.231250 0.145313 2 0.370312 0.150000 2 0.371875 0.176563 2 0.223438 0.178125 2
0 0.135156 0.163281 0.176563 0.045313 0.048438 0.140625 2 0.218750 0.148438 2 0.223438 0.178125 2 0.046875 0.185938 2
0 0.241406 0.214062 0.385937 0.043750 0.048438 0.192188 2 0.434375 0.193750 2 0.434375 0.235937 2 0.048438 0.235937 2
0 0.246094 0.264062 0.385938 0.043750 0.053125 0.245312 2 0.434375 0.242188 2 0.439063 0.285938 2 0.056250 0.285938 2
0 0.251563 0.314844 0.381250 0.045313 0.060937 0.296875 2 0.434375 0.292187 2 0.442188 0.332813 2 0.068750 0.337500 2
0 0.258594 0.363281 0.379687 0.045312 0.068750 0.343750 2 0.446875 0.340625 2 0.448437 0.379688 2 0.071875 0.385937 2
0 0.263281 0.410938 0.376562 0.053125 0.075000 0.393750 2 0.451562 0.384375 2 0.450000 0.429688 2 0.079687 0.437500 2
0 0.263281 0.459375 0.373437 0.050000 0.076563 0.443750 2 0.448437 0.434375 2 0.450000 0.475000 2 0.078125 0.484375 2
0 0.266406 0.507812 0.367188 0.028125 0.082812 0.493750 2 0.450000 0.496875 2 0.450000 0.515625 2 0.084375 0.521875 2
0 0.272656 0.550781 0.364063 0.045313 0.090625 0.537500 2 0.443750 0.528125 2 0.454688 0.559375 2 0.092188 0.573438 2
0 0.276562 0.597656 0.362500 0.057813 0.095312 0.582812 2 0.457813 0.568750 2 0.457813 0.609375 2 0.095312 0.626563 2
0 0.279688 0.642969 0.365625 0.054688 0.096875 0.631250 2 0.457813 0.615625 2 0.462500 0.651563 2 0.098437 0.670312 2
0 0.275000 0.689844 0.340625 0.042188 0.104688 0.676562 2 0.445312 0.668750 2 0.442188 0.693750 2 0.109375 0.710938 2
0 0.285938 0.736719 0.353125 0.035937 0.109375 0.718750 2 0.462500 0.720313 2 0.460938 0.735938 2 0.109375 0.754687 2
0 0.286719 0.781250 0.351562 0.037500 0.110937 0.765625 2 0.462500 0.762500 2 0.462500 0.778125 2 0.110937 0.800000 2
0 0.296094 0.860938 0.354688 0.050000 0.118750 0.853125 2 0.473438 0.835938 2 0.473438 0.865625 2 0.123438 0.885938 2
0 0.292969 0.807813 0.354688 0.043750 0.115625 0.809375 2 0.468750 0.785937 2 0.470313 0.821875 2 0.117188 0.829688 2
0 0.664062 0.059375 0.362500 0.046875 0.485938 0.037500 2 0.845313 0.035937 2 0.840625 0.081250 2 0.482812 0.082812 2
0 0.668750 0.110937 0.359375 0.040625 0.489063 0.090625 2 0.848437 0.090625 2 0.846875 0.131250 2 0.489063 0.131250 2
0 0.666406 0.163281 0.360938 0.051562 0.485938 0.142187 2 0.846875 0.137500 2 0.845313 0.181250 2 0.485938 0.189062 2
0 0.667188 0.210938 0.353125 0.037500 0.490625 0.195312 2 0.843750 0.192188 2 0.843750 0.226562 2 0.490625 0.229687 2
0 0.663281 0.257031 0.348438 0.045312 0.498437 0.240625 2 0.837500 0.234375 2 0.834375 0.271875 2 0.489063 0.279687 2
0 0.664062 0.303125 0.346875 0.043750 0.490625 0.292187 2 0.837500 0.281250 2 0.834375 0.318750 2 0.490625 0.325000 2
0 0.664062 0.350000 0.350000 0.040625 0.489063 0.337500 2 0.839063 0.329688 2 0.835938 0.365625 2 0.490625 0.370312 2
0 0.664844 0.398438 0.345313 0.034375 0.495312 0.381250 2 0.837500 0.389062 2 0.837500 0.410938 2 0.492188 0.415625 2
0 0.663281 0.443750 0.348438 0.046875 0.489063 0.426563 2 0.837500 0.420312 2 0.835938 0.457813 2 0.490625 0.467187 2
0 0.660156 0.489063 0.351562 0.053125 0.484375 0.473438 2 0.835938 0.462500 2 0.832812 0.504687 2 0.489063 0.515625 2
0 0.660156 0.529688 0.342188 0.040625 0.489063 0.520312 2 0.831250 0.509375 2 0.828125 0.542188 2 0.489063 0.550000 2
0 0.656250 0.576562 0.331250 0.043750 0.490625 0.564063 2 0.821875 0.554688 2 0.821875 0.587500 2 0.496875 0.598437 2
0 0.657031 0.625000 0.329688 0.034375 0.492188 0.607812 2 0.821875 0.623437 2 0.821875 0.626563 2 0.493750 0.642188 2
0 0.661719 0.661719 0.335938 0.023438 0.493750 0.650000 2 0.829688 0.660937 2 0.829688 0.668750 2 0.498437 0.673438 2
0 0.661719 0.703125 0.332813 0.043750 0.495312 0.692187 2 0.826562 0.681250 2 0.828125 0.709375 2 0.496875 0.725000 2
0 0.658594 0.739844 0.329688 0.029687 0.493750 0.735938 2 0.821875 0.725000 2 0.823438 0.750000 2 0.495312 0.754687 2
0 0.658594 0.782812 0.326563 0.040625 0.495312 0.776563 2 0.820312 0.762500 2 0.821875 0.795312 2 0.498437 0.803125 2
0 0.662500 0.832031 0.334375 0.057813 0.495312 0.817187 2 0.829688 0.803125 2 0.829688 0.839063 2 0.496875 0.860938 2
