0 0.235156 0.053125 0.389062 0.056250 0.040625 0.035937 2 0.426563 0.025000 2 0.429688 0.035937 2 0.040625 0.081250 2
0 0.242188 0.116406 0.400000 0.054687 0.042188 0.089063 2 0.435937 0.090625 2 0.442188 0.114062 2 0.043750 0.143750 2
0 0.235937 0.169531 0.384375 0.051563 0.043750 0.143750 2 0.425000 0.148438 2 0.428125 0.181250 2 0.043750 0.195312 2
0 0.235156 0.217969 0.376563 0.048437 0.048438 0.200000 2 0.423438 0.193750 2 0.423438 0.235937 2 0.046875 0.242188 2
0 0.243750 0.270313 0.375000 0.037500 0.056250 0.253125 2 0.431250 0.251563 2 0.423438 0.282813 2 0.057813 0.289062 2
0 0.241406 0.321094 0.367188 0.048438 0.057813 0.304688 2 0.423438 0.296875 2 0.425000 0.337500 2 0.064062 0.345313 2
0 0.252344 0.370313 0.373438 0.043750 0.067187 0.350000 2 0.437500 0.348438 2 0.439063 0.387500 2 0.065625 0.392188 2
0 0.262500 0.421875 0.390625 0.043750 0.067187 0.400000 2 0.457813 0.403125 2 0.456250 0.439063 2 0.068750 0.443750 2
0 0.255469 0.472656 0.376562 0.042188 0.067187 0.451562 2 0.443750 0.451562 2 0.440625 0.493750 2 0.070312 0.492188 2
0 0.256250 0.521094 0.368750 0.045312 0.071875 0.498437 2 0.439063 0.500000 2 0.440625 0.543750 2 0.075000 0.540625 2
0 0.260156 0.566406 0.364063 0.042188 0.079687 0.545312 2 0.442188 0.551562 2 0.442188 0.587500 2 0.078125 0.581250 2
0 0.264062 0.617969 0.368750 0.048438 0.079687 0.593750 2 0.448437 0.593750 2 0.443750 0.642188 2 0.082812 0.634375 2
0 0.264844 0.663281 0.360938 0.048438 0.084375 0.639062 2 0.445312 0.646875 2 0.440625 0.687500 2 0.085938 0.676562 2
0 0.269531 0.708594 0.360938 0.048438 0.089063 0.684375 2 0.450000 0.692187 2 0.446875 0.732812 2 0.090625 0.726562 2
0 0.271094 0.759375 0.357812 0.053125 0.092188 0.732812 2 0.450000 0.739062 2 0.442188 0.785937 2 0.092188 0.771875 2
0 0.273438 0.804688 0.362500 0.053125 0.092188 0.778125 2 0.454688 0.790625 2 0.443750 0.831250 2 0.093750 0.814063 2
0 0.272656 0.849219 0.354688 0.057813 0.095312 0.820312 2 0.450000 0.832812 2 0.445312 0.878125 2 0.098437 0.859375 2
0 0.276562 0.896094 0.359375 0.070312 0.096875 0.860938 2 0.456250 0.876563 2 0.451562 0.931250 2 0.098437 0.901563 2
0 0.707031 0.032031 0.442187 0.064062 0.485938 0.015625 2 0.000000 0.000000 0 0.925000 0.034375 2 0.485938 0.064062 2
0 0.706250 0.083594 0.434375 0.076563 0.489063 0.071875 2 0.920312 0.045312 2 0.923438 0.098437 2 0.489063 0.121875 2
0 0.703906 0.142969 0.439063 0.076562 0.487500 0.125000 2 0.923438 0.104688 2 0.920312 0.160938 2 0.484375 0.181250 2
0 0.703125 0.200000 0.431250 0.062500 0.487500 0.189062 2 0.918750 0.168750 2 0.915625 0.215625 2 0.487500 0.231250 2
0 0.699219 0.250781 0.426562 0.054688 0.490625 0.239063 2 0.912500 0.223438 2 0.900000 0.267188 2 0.485938 0.278125 2
0 0.696875 0.310937 0.425000 0.065625 0.485938 0.292187 2 0.909375 0.278125 2 0.907813 0.332813 2 0.484375 0.343750 2
0 0.693750 0.362500 0.415625 0.050000 0.487500 0.350000 2 0.901563 0.337500 2 0.885938 0.382812 2 0.485938 0.387500 2
0 0.692969 0.417969 0.417188 0.042188 0.485938 0.396875 2 0.901563 0.396875 2 0.901563 0.439063 2 0.484375 0.439063 2
0 0.690625 0.471094 0.421875 0.051563 0.482812 0.445312 2 0.901563 0.448437 2 0.901563 0.496875 2 0.479687 0.489063 2
0 0.689844 0.522656 0.423438 0.054688 0.481250 0.495312 2 0.901563 0.500000 2 0.898438 0.550000 2 0.478125 0.542188 2
0 0.687500 0.575000 0.415625 0.050000 0.481250 0.550000 2 0.895312 0.559375 2 0.887500 0.600000 2 0.479687 0.589063 2
0 0.682813 0.624219 0.409375 0.051563 0.478125 0.598437 2 0.887500 0.606250 2 0.885938 0.650000 2 0.481250 0.640625 2
0 0.684375 0.674219 0.409375 0.057813 0.479687 0.645312 2 0.889062 0.662500 2 0.887500 0.703125 2 0.482812 0.689063 2
0 0.685156 0.728125 0.407812 0.062500 0.481250 0.696875 2 0.889062 0.709375 2 0.887500 0.759375 2 0.482812 0.737500 2
0 0.682813 0.775000 0.403125 0.062500 0.481250 0.743750 2 0.884375 0.767188 2 0.878125 0.806250 2 0.484375 0.782813 2
0 0.682813 0.824219 0.403125 0.070312 0.481250 0.789062 2 0.884375 0.809375 2 0.873437 0.859375 2 0.481250 0.831250 2
0 0.681250 0.873438 0.403125 0.071875 0.479687 0.837500 2 0.882812 0.865625 2 0.878125 0.909375 2 0.484375 0.878125 2
0 0.681250 0.921094 0.406250 0.085938 0.478125 0.878125 2 0.884375 0.907813 2 0.884375 0.964063 2 0.479687 0.932813 2
