0 0.285156 0.043750 0.370313 0.068750 0.100000 0.009375 2 0.470313 0.039062 2 0.468750 0.078125 2 0.103125 0.057813 2
0 0.285938 0.096094 0.365625 0.054688 0.103125 0.068750 2 0.468750 0.084375 2 0.450000 0.123438 2 0.103125 0.107813 2
0 0.286719 0.142187 0.357812 0.056250 0.109375 0.114062 2 0.465625 0.134375 2 0.465625 0.170313 2 0.107813 0.159375 2
0 0.287500 0.194531 0.356250 0.057813 0.110937 0.165625 2 0.465625 0.181250 2 0.462500 0.223438 2 0.109375 0.207813 2
0 0.288281 0.239063 0.354688 0.056250 0.110937 0.210938 2 0.465625 0.226562 2 0.465625 0.267188 2 0.112500 0.257812 2
0 0.289844 0.286719 0.351562 0.051563 0.114062 0.260937 2 0.465625 0.278125 2 0.465625 0.312500 2 0.118750 0.298438 2
0 0.295313 0.331250 0.350000 0.046875 0.120313 0.307812 2 0.470313 0.315625 2 0.470313 0.354687 2 0.121875 0.345313 2
0 0.297656 0.376563 0.348437 0.050000 0.125000 0.351562 2 0.471875 0.357812 2 0.468750 0.401562 2 0.123438 0.393750 2
0 0.297656 0.420312 0.348437 0.043750 0.125000 0.398438 2 0.471875 0.403125 2 0.467187 0.442188 2 0.123438 0.437500 2
0 0.298438 0.462500 0.343750 0.037500 0.126562 0.443750 2 0.470313 0.446875 2 0.467187 0.481250 2 0.126562 0.479687 2
0 0.300781 0.503906 0.339063 0.032812 0.131250 0.489063 2 0.468750 0.487500 2 0.470313 0.518750 2 0.131250 0.520312 2
0 0.303125 0.548437 0.340625 0.040625 0.132812 0.528125 2 0.473438 0.528125 2 0.470313 0.568750 2 0.132812 0.567187 2
0 0.301563 0.591406 0.337500 0.039062 0.132812 0.575000 2 0.470313 0.571875 2 0.467187 0.604688 2 0.140625 0.610938 2
0 0.303906 0.628906 0.332813 0.035937 0.137500 0.614062 2 0.470313 0.610938 2 0.465625 0.646875 2 0.139063 0.645312 2
0 0.304688 0.671094 0.331250 0.035938 0.139063 0.653125 2 0.470313 0.653125 2 0.460938 0.687500 2 0.140625 0.689063 2
0 0.304688 0.710156 0.331250 0.035938 0.139063 0.700000 2 0.467187 0.692187 2 0.470313 0.723437 2 0.139063 0.728125 2
0 0.307031 0.747656 0.326563 0.039062 0.143750 0.735938 2 0.470313 0.728125 2 0.468750 0.764062 2 0.145313 0.767188 2
0 0.307813 0.787500 0.325000 0.043750 0.145313 0.773438 2 0.470313 0.765625 2 0.468750 0.806250 2 0.145313 0.809375 2
0 0.685937 0.067187 0.343750 0.053125 0.517188 0.040625 2 0.857812 0.054688 2 0.856250 0.093750 2 0.514062 0.082812 2
0 0.685156 0.117188 0.339063 0.053125 0.520312 0.090625 2 0.854688 0.101562 2 0.851562 0.143750 2 0.515625 0.128125 2
0 0.682031 0.164062 0.335938 0.050000 0.515625 0.139063 2 0.850000 0.148438 2 0.848437 0.189062 2 0.514062 0.181250 2
0 0.680469 0.209375 0.332813 0.046875 0.515625 0.185938 2 0.846875 0.193750 2 0.843750 0.232813 2 0.514062 0.223438 2
0 0.675000 0.253125 0.337500 0.040625 0.515625 0.232813 2 0.843750 0.239063 2 0.835938 0.273438 2 0.506250 0.262500 2
0 0.673437 0.298438 0.334375 0.034375 0.506250 0.282813 2 0.840625 0.281250 2 0.835938 0.315625 2 0.506250 0.312500 2
0 0.671094 0.339844 0.329688 0.045312 0.507812 0.317188 2 0.835938 0.325000 2 0.829688 0.362500 2 0.506250 0.353125 2
0 0.667969 0.383594 0.326563 0.039062 0.504687 0.364063 2 0.831250 0.371875 2 0.825000 0.403125 2 0.507812 0.395313 2
0 0.666406 0.424219 0.323438 0.042187 0.504687 0.403125 2 0.828125 0.409375 2 0.825000 0.445312 2 0.504687 0.442188 2
0 0.660937 0.465625 0.325000 0.043750 0.500000 0.443750 2 0.823438 0.448437 2 0.821875 0.487500 2 0.498437 0.484375 2
0 0.657812 0.507812 0.318750 0.034375 0.498437 0.490625 2 0.817187 0.492188 2 0.812500 0.525000 2 0.498437 0.520312 2
0 0.656250 0.548437 0.315625 0.037500 0.501563 0.529687 2 0.814063 0.529687 2 0.809375 0.567187 2 0.498437 0.564063 2
0 0.653906 0.588281 0.314062 0.032813 0.496875 0.571875 2 0.810937 0.573438 2 0.807813 0.604688 2 0.498437 0.603125 2
0 0.654687 0.628125 0.312500 0.034375 0.500000 0.610938 2 0.810937 0.612500 2 0.807813 0.645312 2 0.498437 0.640625 2
0 0.651563 0.665625 0.309375 0.031250 0.496875 0.650000 2 0.806250 0.651563 2 0.800000 0.681250 2 0.498437 0.681250 2
0 0.646875 0.703906 0.309375 0.035938 0.493750 0.687500 2 0.801562 0.685937 2 0.798438 0.721875 2 0.492188 0.720313 2
0 0.646094 0.742188 0.307813 0.031250 0.492188 0.726562 2 0.800000 0.726562 2 0.798438 0.756250 2 0.495312 0.757812 2
0 0.646094 0.779688 0.310937 0.040625 0.490625 0.762500 2 0.801562 0.759375 2 0.798438 0.800000 2 0.490625 0.800000 2
0 0.923437 0.274219 0.150000 0.029687 0.848437 0.260937 2 0.000000 0.000000 0 0.000000 0.000000 0 0.848437 0.287500 2
0 0.923437 0.311719 0.150000 0.026562 0.853125 0.298438 2 0.000000 0.000000 0 0.000000 0.000000 0 0.848437 0.317188 2
0 0.919531 0.353125 0.157813 0.021875 0.845313 0.345313 2 0.000000 0.000000 0 0.000000 0.000000 0 0.840625 0.362500 2
0 0.919531 0.390625 0.157813 0.034375 0.840625 0.373437 2 0.000000 0.000000 0 0.000000 0.000000 0 0.842187 0.407813 2
0 0.917188 0.428125 0.162500 0.031250 0.837500 0.412500 2 0.000000 0.000000 0 0.000000 0.000000 0 0.835938 0.442188 2
0 0.914062 0.466406 0.168750 0.032812 0.835938 0.450000 2 0.000000 0.000000 0 0.000000 0.000000 0 0.829688 0.481250 2
0 0.913281 0.501563 0.170312 0.028125 0.834375 0.487500 2 0.000000 0.000000 0 0.000000 0.000000 0 0.828125 0.514062 2
0 0.915625 0.537500 0.165625 0.028125 0.832812 0.523438 2 0.000000 0.000000 0 0.000000 0.000000 0 0.834375 0.550000 2
0 0.912500 0.574219 0.171875 0.029688 0.826562 0.562500 2 0.000000 0.000000 0 0.000000 0.000000 0 0.828125 0.587500 2
0 0.911719 0.610938 0.173438 0.034375 0.825000 0.593750 2 0.000000 0.000000 0 0.000000 0.000000 0 0.826562 0.623437 2
0 0.909375 0.647656 0.178125 0.032813 0.825000 0.631250 2 0.000000 0.000000 0 0.000000 0.000000 0 0.820312 0.656250 2
0 0.908594 0.682031 0.179688 0.035937 0.818750 0.664062 2 0.000000 0.000000 0 0.000000 0.000000 0 0.818750 0.693750 2
0 0.910156 0.717187 0.176562 0.031250 0.821875 0.701562 2 0.000000 0.000000 0 0.000000 0.000000 0 0.828125 0.729688 2
0 0.909375 0.752344 0.178125 0.026563 0.826562 0.742188 2 0.000000 0.000000 0 0.000000 0.000000 0 0.820312 0.759375 2
0 0.907031 0.785937 0.182812 0.034375 0.815625 0.770312 2 0.000000 0.000000 0 0.000000 0.000000 0 0.818750 0.800000 2
