0 0.430469 0.042969 0.723438 0.085938 0.000000 0.000000 0 0.000000 0.000000 0 0.789062 0.079687 2 0.079687 0.085938 2
0 0.429688 0.114844 0.709375 0.089062 0.075000 0.070312 2 0.784375 0.085938 2 0.781250 0.159375 2 0.082812 0.154688 2
0 0.428906 0.190625 0.698437 0.068750 0.079687 0.156250 2 0.778125 0.164062 2 0.775000 0.225000 2 0.090625 0.220312 2
0 0.429688 0.263281 0.693750 0.064062 0.082812 0.231250 2 0.776563 0.240625 2 0.770312 0.295312 2 0.084375 0.293750 2
0 0.428125 0.335938 0.684375 0.065625 0.085938 0.307812 2 0.770312 0.303125 2 0.764062 0.367188 2 0.090625 0.368750 2
0 0.427344 0.409375 0.676562 0.071875 0.089063 0.381250 2 0.765625 0.373437 2 0.757812 0.437500 2 0.095312 0.445312 2
0 0.431250 0.476562 0.665625 0.065625 0.098437 0.451562 2 0.764062 0.443750 2 0.760938 0.496875 2 0.103125 0.509375 2
0 0.434375 0.541406 0.650000 0.064063 0.109375 0.523438 2 0.759375 0.509375 2 0.754687 0.559375 2 0.115625 0.573438 2
0 0.435156 0.605469 0.642188 0.060938 0.114062 0.584375 2 0.756250 0.575000 2 0.751563 0.620313 2 0.115625 0.635938 2
0 0.431250 0.667188 0.634375 0.068750 0.114062 0.645312 2 0.748437 0.632812 2 0.746875 0.685937 2 0.114062 0.701562 2
0 0.432812 0.730469 0.628125 0.073438 0.118750 0.710938 2 0.746875 0.693750 2 0.746875 0.745313 2 0.123438 0.767188 2
0 0.432812 0.788281 0.621875 0.079688 0.121875 0.770312 2 0.743750 0.748437 2 0.742188 0.806250 2 0.125000 0.828125 2
0 0.430469 0.850781 0.617188 0.076562 0.121875 0.835938 2 0.739062 0.812500 2 0.739062 0.859375 2 0.126562 0.889062 2
0 0.432031 0.903906 0.610938 0.079688 0.128125 0.870313 2 0.737500 0.864062 2 0.735938 0.920312 2 0.126562 0.943750 2
0 0.431250 0.956250 0.609375 0.084375 0.126562 0.948438 2 0.735938 0.914062 2 0.731250 0.968750 2 0.000000 0.000000 0
0 0.902344 0.617969 0.192187 0.051563 0.820312 0.593750 2 0.000000 0.000000 0 0.000000 0.000000 0 0.806250 0.642188 2
0 0.897656 0.682031 0.201562 0.057813 0.812500 0.653125 2 0.000000 0.000000 0 0.000000 0.000000 0 0.796875 0.706250 2
0 0.898438 0.743750 0.200000 0.046875 0.801562 0.723437 2 0.000000 0.000000 0 0.000000 0.000000 0 0.798438 0.765625 2
0 0.892187 0.800781 0.212500 0.048437 0.792188 0.776563 2 0.000000 0.000000 0 0.000000 0.000000 0 0.785937 0.825000 2
0 0.890625 0.867188 0.215625 0.040625 0.782813 0.860938 2 0.000000 0.000000 0 0.000000 0.000000 0 0.782813 0.887500 2
0 0.889062 0.925000 0.218750 0.050000 0.781250 0.906250 2 0.000000 0.000000 0 0.000000 0.000000 0 0.779687 0.950000 2
