0 0.558594 0.403125 0.707812 0.103125 0.204687 0.351562 2 0.912500 0.353125 2 0.909375 0.450000 2 0.210938 0.454688 2
0 0.485156 0.507812 0.751563 0.121875 0.110937 0.446875 2 0.860938 0.468750 2 0.853125 0.568750 2 0.109375 0.540625 2
0 0.396094 0.621875 0.545312 0.025000 0.126562 0.629687 2 0.668750 0.609375 2 0.668750 0.610938 2 0.123438 0.634375 2
0 0.466406 0.600000 0.776563 0.093750 0.079687 0.553125 2 0.854688 0.575000 2 0.850000 0.646875 2 0.078125 0.578125 2
0 0.254467 0.639062 0.099559 0.003125 0.204687 0.637500 2 0.304247 0.638256 2 0.304247 0.638256 2 0.206250 0.640625 2
0 0.468750 0.637500 0.040625 0.025000 0.450000 0.625000 2 0.485938 0.626563 2 0.489063 0.650000 2 0.448437 0.650000 2
0 0.450781 0.671094 0.823438 0.035938 0.039062 0.654687 2 0.851562 0.653125 2 0.862500 0.689063 2 0.039062 0.679688 2
0 0.455469 0.709045 0.523438 0.006211 0.193750 0.707812 2 0.717187 0.705939 2 0.717187 0.712150 2 0.193750 0.707812 2
0 0.548854 0.719557 0.332083 0.006405 0.382812 0.718750 2 0.714895 0.716355 2 0.712500 0.722759 2 0.382812 0.720313 2
0 0.777344 0.725000 0.129687 0.043750 0.712500 0.722759 2 0.842187 0.703125 2 0.832812 0.746875 2 0.720313 0.742188 2
0 0.136068 0.736719 0.080989 0.007812 0.095573 0.738411 2 0.176563 0.732812 2 0.176563 0.740625 2 0.095573 0.738411 2
0 0.437500 0.809375 0.793750 0.093750 0.040625 0.762500 2 0.834375 0.775000 2 0.828125 0.856250 2 0.040625 0.854688 2
