0 0.282031 0.276927 0.126563 0.006978 0.220312 0.273438 2 0.343750 0.273438 2 0.345313 0.280416 2 0.218750 0.278125 2
0 0.384795 0.278867 0.077284 0.013984 0.348438 0.271875 2 0.421875 0.275000 2 0.423438 0.285859 2 0.346153 0.280409 2
0 0.539844 0.559375 0.910938 0.156250 0.087500 0.485938 2 0.000000 0.000000 0 0.964063 0.596875 2 0.084375 0.637500 2
0 0.470059 0.464063 0.483869 0.003125 0.228125 0.462500 2 0.711994 0.465625 2 0.711994 0.465625 2 0.228125 0.462500 2
0 0.316406 0.484375 0.251563 0.003125 0.190625 0.484470 2 0.442188 0.482812 2 0.442188 0.482812 2 0.190625 0.485938 2
0 0.788281 0.628125 0.332813 0.006250 0.625000 0.625000 2 0.954688 0.626563 2 0.954688 0.629687 2 0.621875 0.631250 2
0 0.524219 0.671875 0.876563 0.143750 0.085938 0.648438 2 0.962500 0.600000 2 0.940625 0.682813 2 0.098437 0.743750 2
0 0.421094 0.165625 0.442188 0.078125 0.200000 0.126562 2 0.642188 0.142187 2 0.637500 0.204687 2 0.201563 0.185938 2
0 0.422656 0.100781 0.454688 0.085937 0.195312 0.057813 2 0.650000 0.076563 2 0.642188 0.143750 2 0.204687 0.142187 2
0 0.416406 0.227344 0.435938 0.070312 0.198437 0.192188 2 0.634375 0.209375 2 0.626563 0.262500 2 0.203125 0.262500 2
0 0.428125 0.047656 0.465625 0.095312 0.000000 0.000000 0 0.000000 0.000000 0 0.650000 0.081250 2 0.196875 0.095312 2
