0 0.250781 0.153125 0.439063 0.056250 0.031250 0.137500 2 0.468750 0.125000 2 0.470313 0.165625 2 0.031250 0.181250 2
0 0.253906 0.196094 0.442187 0.054688 0.032813 0.182812 2 0.464062 0.168750 2 0.475000 0.209375 2 0.042188 0.223438 2
0 0.709375 0.176563 0.421875 0.065625 0.498437 0.164062 2 0.920312 0.143750 2 0.918750 0.193750 2 0.500000 0.209375 2
0 0.701562 0.229688 0.412500 0.059375 0.495312 0.215625 2 0.907813 0.200000 2 0.906250 0.245312 2 0.500000 0.259375 2
0 0.703125 0.283594 0.415625 0.057812 0.495312 0.270313 2 0.910937 0.254688 2 0.910937 0.298438 2 0.500000 0.312500 2
0 0.703125 0.336719 0.421875 0.067188 0.493750 0.318750 2 0.914062 0.303125 2 0.912500 0.356250 2 0.492188 0.370312 2
0 0.255469 0.249219 0.429688 0.042188 0.040625 0.228125 2 0.470313 0.234375 2 0.470313 0.254688 2 0.048438 0.270313 2
0 0.259375 0.288281 0.425000 0.051563 0.046875 0.278125 2 0.457813 0.262500 2 0.471875 0.301563 2 0.046875 0.314063 2
0 0.260937 0.339844 0.425000 0.032813 0.048438 0.323437 2 0.470313 0.325000 2 0.473438 0.340625 2 0.048438 0.356250 2
0 0.265625 0.378906 0.425000 0.057813 0.053125 0.365625 2 0.478125 0.350000 2 0.478125 0.392188 2 0.053125 0.407813 2
0 0.703125 0.387500 0.415625 0.056250 0.495312 0.375000 2 0.907813 0.359375 2 0.910937 0.407813 2 0.496875 0.415625 2
0 0.703125 0.442969 0.415625 0.048437 0.495312 0.428125 2 0.906250 0.418750 2 0.910937 0.459375 2 0.498437 0.467187 2
0 0.701563 0.492969 0.415625 0.051563 0.496875 0.475000 2 0.901563 0.467187 2 0.909375 0.518750 2 0.493750 0.518750 2
0 0.264063 0.421875 0.428125 0.050000 0.054688 0.407813 2 0.478125 0.396875 2 0.478125 0.439063 2 0.050000 0.446875 2
0 0.260937 0.467969 0.434375 0.042187 0.043750 0.453125 2 0.478125 0.446875 2 0.478125 0.481250 2 0.045312 0.489063 2
0 0.260156 0.510156 0.442188 0.048438 0.040625 0.495312 2 0.478125 0.485938 2 0.481250 0.529687 2 0.039062 0.534375 2
0 0.258594 0.555469 0.439063 0.032813 0.042188 0.543750 2 0.478125 0.539062 2 0.476562 0.570312 2 0.039062 0.571875 2
0 0.703125 0.549219 0.415625 0.042188 0.496875 0.529687 2 0.909375 0.528125 2 0.910937 0.567187 2 0.495312 0.570312 2
0 0.259375 0.604688 0.443750 0.040625 0.037500 0.590625 2 0.481250 0.584375 2 0.478125 0.618750 2 0.037500 0.625000 2
0 0.704687 0.597656 0.412500 0.045313 0.498437 0.579688 2 0.910937 0.575000 2 0.909375 0.617188 2 0.501563 0.620313 2
0 0.709375 0.654688 0.412500 0.040625 0.503125 0.637500 2 0.915625 0.634375 2 0.915625 0.673438 2 0.504687 0.675000 2
0 0.711719 0.708594 0.423438 0.054688 0.500000 0.681250 2 0.923438 0.684375 2 0.921875 0.735938 2 0.500000 0.734375 2
0 0.708594 0.762500 0.423437 0.050000 0.496875 0.737500 2 0.920312 0.742188 2 0.917188 0.787500 2 0.498437 0.784375 2
0 0.257031 0.653125 0.442188 0.043750 0.035937 0.631250 2 0.478125 0.631250 2 0.473438 0.668750 2 0.035937 0.675000 2
0 0.257031 0.697656 0.442188 0.042188 0.035937 0.681250 2 0.478125 0.676562 2 0.475000 0.714063 2 0.035937 0.718750 2
0 0.260937 0.742969 0.446875 0.035938 0.037500 0.726562 2 0.484375 0.725000 2 0.476562 0.760938 2 0.040625 0.757812 2
0 0.263281 0.787500 0.445312 0.043750 0.040625 0.770312 2 0.485938 0.765625 2 0.485938 0.809375 2 0.040625 0.806250 2
0 0.710156 0.817969 0.420312 0.048438 0.500000 0.793750 2 0.920312 0.793750 2 0.917188 0.842187 2 0.500000 0.832812 2
0 0.709375 0.864844 0.418750 0.048438 0.500000 0.840625 2 0.918750 0.848437 2 0.915625 0.889062 2 0.501563 0.889062 2
0 0.710938 0.919531 0.415625 0.051562 0.503125 0.893750 2 0.918750 0.895312 2 0.918750 0.945312 2 0.504687 0.939063 2
0 0.712500 0.970312 0.421875 0.056250 0.501563 0.942187 2 0.923438 0.951562 2 0.000000 0.000000 0 0.000000 0.000000 0
0 0.259375 0.836719 0.443750 0.048438 0.039062 0.812500 2 0.481250 0.817187 2 0.481250 0.860938 2 0.037500 0.856250 2
0 0.259375 0.883594 0.440625 0.048438 0.040625 0.859375 2 0.479687 0.864062 2 0.476562 0.907813 2 0.039062 0.898438 2
0 0.262500 0.928906 0.443750 0.042187 0.040625 0.907813 2 0.484375 0.912500 2 0.479687 0.950000 2 0.043750 0.942187 2
0 0.258594 0.971875 0.445312 0.053125 0.035937 0.945312 2 0.481250 0.957812 2 0.000000 0.000000 0 0.000000 0.000000 0
