0 0.278906 0.075000 0.414062 0.062500 0.071875 0.043750 2 0.485938 0.057813 2 0.484375 0.106250 2 0.071875 0.096875 2
0 0.757031 0.082031 0.457813 0.054688 0.529687 0.054688 2 0.985938 0.064062 2 0.981250 0.109375 2 0.528125 0.093750 2
0 0.278125 0.130469 0.412500 0.054688 0.071875 0.103125 2 0.484375 0.112500 2 0.478125 0.157812 2 0.071875 0.148438 2
0 0.752344 0.174219 0.457812 0.054688 0.532813 0.146875 2 0.981250 0.160938 2 0.976562 0.201563 2 0.523438 0.189062 2
0 0.747656 0.221875 0.451562 0.043750 0.526563 0.200000 2 0.973437 0.207813 2 0.970313 0.243750 2 0.521875 0.235937 2
0 0.275781 0.185156 0.410938 0.054688 0.071875 0.157812 2 0.481250 0.167187 2 0.478125 0.212500 2 0.070312 0.204687 2
0 0.273438 0.235156 0.409375 0.060938 0.070312 0.204687 2 0.478125 0.215625 2 0.478125 0.265625 2 0.068750 0.254688 2
0 0.746875 0.269531 0.453125 0.042188 0.525000 0.248438 2 0.973437 0.250000 2 0.971875 0.290625 2 0.520312 0.281250 2
0 0.271875 0.287500 0.409375 0.056250 0.067187 0.259375 2 0.476562 0.270313 2 0.473438 0.315625 2 0.067187 0.306250 2
0 0.273438 0.340625 0.409375 0.056250 0.070312 0.312500 2 0.478125 0.320312 2 0.478125 0.368750 2 0.068750 0.357812 2
0 0.274219 0.392188 0.407813 0.053125 0.073438 0.365625 2 0.478125 0.373437 2 0.478125 0.418750 2 0.070312 0.410938 2
0 0.271875 0.440625 0.409375 0.050000 0.068750 0.415625 2 0.476562 0.425000 2 0.473438 0.465625 2 0.067187 0.465625 2
0 0.273438 0.492969 0.406250 0.045312 0.071875 0.470313 2 0.476562 0.475000 2 0.476562 0.515625 2 0.070312 0.514062 2
0 0.273438 0.542969 0.409375 0.045313 0.070312 0.520312 2 0.478125 0.521875 2 0.478125 0.564063 2 0.068750 0.565625 2
0 0.274219 0.599219 0.407813 0.048438 0.070312 0.576562 2 0.478125 0.575000 2 0.476562 0.623437 2 0.070312 0.621875 2
0 0.275781 0.650781 0.407813 0.042188 0.071875 0.629687 2 0.479687 0.629687 2 0.476562 0.668750 2 0.075000 0.671875 2
0 0.274219 0.700000 0.404687 0.043750 0.076563 0.679688 2 0.476562 0.678125 2 0.475000 0.718750 2 0.071875 0.721875 2
0 0.275000 0.750000 0.406250 0.046875 0.071875 0.731250 2 0.478125 0.726562 2 0.476562 0.768750 2 0.075000 0.773438 2
0 0.371094 0.801562 0.214063 0.040625 0.264062 0.785937 2 0.478125 0.781250 2 0.478125 0.817187 2 0.267188 0.821875 2
0 0.170313 0.803125 0.175000 0.040625 0.082812 0.782813 2 0.257812 0.787500 2 0.254688 0.818750 2 0.082812 0.823438 2
0 0.286719 0.853906 0.398438 0.042188 0.087500 0.832812 2 0.485938 0.835938 2 0.485938 0.868750 2 0.092188 0.875000 2
0 0.285156 0.901563 0.395312 0.043750 0.087500 0.881250 2 0.482812 0.879687 2 0.475000 0.921875 2 0.092188 0.923438 2
0 0.286719 0.949219 0.398438 0.045313 0.087500 0.929688 2 0.485938 0.926562 2 0.484375 0.964063 2 0.089063 0.971875 2
0 0.748437 0.316406 0.450000 0.042188 0.523438 0.298438 2 0.971875 0.295312 2 0.973437 0.337500 2 0.525000 0.332813 2
0 0.746094 0.363281 0.445312 0.042188 0.523438 0.346875 2 0.968750 0.342187 2 0.965625 0.384375 2 0.528125 0.381250 2
0 0.742188 0.453906 0.440625 0.039062 0.521875 0.434375 2 0.962500 0.439063 2 0.959375 0.473438 2 0.521875 0.470313 2
0 0.740625 0.500000 0.440625 0.037500 0.520312 0.482812 2 0.960938 0.481250 2 0.959375 0.518750 2 0.520312 0.515625 2
0 0.742969 0.544531 0.439063 0.035937 0.523438 0.528125 2 0.962500 0.526563 2 0.959375 0.562500 2 0.525000 0.560937 2
0 0.742188 0.590625 0.437500 0.043750 0.525000 0.568750 2 0.960938 0.568750 2 0.957812 0.612500 2 0.523438 0.610938 2
0 0.737500 0.635156 0.431250 0.032813 0.521875 0.621875 2 0.953125 0.618750 2 0.948438 0.651563 2 0.523438 0.648438 2
0 0.739062 0.679688 0.431250 0.034375 0.525000 0.665625 2 0.954688 0.662500 2 0.954688 0.696875 2 0.523438 0.695312 2
0 0.736719 0.723437 0.432813 0.037500 0.528125 0.707812 2 0.953125 0.704688 2 0.953125 0.742188 2 0.520312 0.740625 2
0 0.735937 0.771094 0.431250 0.032813 0.520312 0.754687 2 0.951562 0.754687 2 0.948438 0.782813 2 0.520312 0.787500 2
0 0.737500 0.816406 0.434375 0.045313 0.520312 0.798438 2 0.953125 0.793750 2 0.954688 0.834375 2 0.520312 0.839063 2
0 0.735937 0.858594 0.431250 0.039062 0.520312 0.845313 2 0.951562 0.839063 2 0.946875 0.871875 2 0.520312 0.878125 2
0 0.729688 0.905469 0.418750 0.042187 0.520312 0.884375 2 0.939063 0.915625 2 0.939063 0.917188 2 0.520312 0.926562 2
0 0.737500 0.942187 0.434375 0.037500 0.520312 0.929688 2 0.954688 0.923438 2 0.951562 0.959375 2 0.520312 0.960938 2
