0 0.535937 0.204687 0.478125 0.062500 0.300000 0.173437 2 0.773438 0.179688 2 0.775000 0.232813 2 0.296875 0.235937 2
0 0.540625 0.267188 0.475000 0.043750 0.303125 0.245312 2 0.778125 0.246875 2 0.778125 0.289062 2 0.303125 0.289062 2
0 0.532031 0.327344 0.485938 0.057812 0.293750 0.298438 2 0.773438 0.301563 2 0.775000 0.356250 2 0.289062 0.356250 2
0 0.531250 0.390625 0.481250 0.050000 0.293750 0.368750 2 0.771875 0.365625 2 0.771875 0.414062 2 0.290625 0.415625 2
0 0.530469 0.453906 0.489063 0.064063 0.290625 0.425000 2 0.775000 0.421875 2 0.775000 0.485938 2 0.285938 0.481250 2
0 0.524219 0.516406 0.489063 0.051563 0.281250 0.490625 2 0.768750 0.492188 2 0.764062 0.542188 2 0.279687 0.542188 2
0 0.525781 0.587500 0.498438 0.068750 0.281250 0.554688 2 0.773438 0.553125 2 0.775000 0.617188 2 0.276562 0.621875 2
0 0.528125 0.653125 0.500000 0.062500 0.278125 0.626563 2 0.776563 0.621875 2 0.778125 0.682813 2 0.278125 0.684375 2
0 0.538281 0.717187 0.495312 0.059375 0.290625 0.693750 2 0.782813 0.687500 2 0.785937 0.740625 2 0.295312 0.746875 2
0 0.537500 0.785937 0.503125 0.062500 0.287500 0.757812 2 0.787500 0.754687 2 0.789062 0.815625 2 0.285938 0.817187 2
0 0.532031 0.860156 0.510938 0.064063 0.278125 0.828125 2 0.787500 0.832812 2 0.778125 0.882812 2 0.276562 0.892188 2
0 0.539844 0.938281 0.523438 0.070312 0.282813 0.904687 2 0.801562 0.903125 2 0.801562 0.968750 2 0.278125 0.973437 2
