0 0.250000 0.617930 0.075000 0.007736 0.212500 0.614062 2 0.282813 0.614062 2 0.287500 0.621353 2 0.214062 0.621798 2
0 0.243750 0.640594 0.087500 0.034438 0.207813 0.623375 2 0.287500 0.642500 2 0.287500 0.657813 2 0.200000 0.657813 2
0 0.346631 0.647059 0.118262 0.016502 0.287500 0.638808 2 0.405762 0.655309 2 0.405762 0.655309 2 0.287500 0.642500 2
0 0.606006 0.632031 0.400488 0.051563 0.405762 0.655309 2 0.803125 0.606250 2 0.806250 0.657813 2 0.405762 0.655309 2
0 0.501562 0.636127 0.178125 0.027745 0.414062 0.627205 2 0.590625 0.622255 2 0.587500 0.650000 2 0.412500 0.650000 2
0 0.653125 0.620502 0.125000 0.003505 0.591433 0.619505 2 0.715625 0.618750 2 0.715625 0.618750 2 0.590625 0.622255 2
0 0.502344 0.614984 0.179688 0.011217 0.417187 0.609375 2 0.592187 0.615625 2 0.591433 0.619505 2 0.412500 0.620592 2
0 0.350781 0.625673 0.126563 0.010161 0.287500 0.621353 2 0.412500 0.620592 2 0.414062 0.627205 2 0.287500 0.630753 2
0 0.265587 0.634780 0.043825 0.008055 0.243675 0.631981 2 0.287500 0.630753 2 0.287500 0.638808 2 0.243675 0.631981 2
0 0.484375 0.691406 0.600000 0.054688 0.184375 0.664062 2 0.784375 0.664062 2 0.782813 0.714063 2 0.187500 0.718750 2
