0 0.525781 0.107813 0.757812 0.075000 0.151562 0.084375 2 0.904687 0.070312 2 0.903125 0.131250 2 0.146875 0.145313 2
0 0.525000 0.176563 0.759375 0.078125 0.151562 0.154688 2 0.904687 0.137500 2 0.898438 0.201563 2 0.145313 0.215625 2
0 0.529687 0.250000 0.771875 0.078125 0.146875 0.226562 2 0.909375 0.210938 2 0.915625 0.279687 2 0.143750 0.289062 2
0 0.528125 0.328125 0.775000 0.081250 0.142187 0.300000 2 0.915625 0.287500 2 0.915625 0.353125 2 0.140625 0.368750 2
0 0.530469 0.401563 0.776562 0.081250 0.143750 0.376563 2 0.909375 0.360938 2 0.918750 0.426563 2 0.142187 0.442188 2
0 0.535156 0.480469 0.782812 0.076563 0.143750 0.451562 2 0.923438 0.442188 2 0.926562 0.506250 2 0.143750 0.518750 2
0 0.225592 0.611530 0.057434 0.001184 0.196875 0.610938 2 0.254309 0.612122 2 0.254309 0.612122 2 0.196875 0.610938 2
0 0.307031 0.610756 0.107813 0.002763 0.253125 0.609375 2 0.360938 0.610938 2 0.360938 0.610938 2 0.255052 0.612138 2
0 0.582812 0.840625 0.187500 0.015625 0.489063 0.848437 2 0.676562 0.832812 2 0.676562 0.832812 2 0.489063 0.848437 2
0 0.461818 0.806932 0.048239 0.010739 0.440625 0.801562 2 0.485938 0.801562 2 0.485938 0.801562 2 0.437698 0.812302 2
0 0.736418 0.897744 0.047836 0.010578 0.712500 0.892455 2 0.760336 0.895312 2 0.754780 0.903033 2 0.712500 0.893750 2
0 0.532031 0.559375 0.776563 0.084375 0.146875 0.525000 2 0.918750 0.517188 2 0.920312 0.592187 2 0.143750 0.601562 2
0 0.197656 0.739844 0.064062 0.007812 0.165625 0.735938 2 0.229687 0.742188 2 0.229687 0.743750 2 0.171875 0.743750 2
0 0.247656 0.739062 0.039063 0.006250 0.228125 0.735938 2 0.267188 0.735938 2 0.267188 0.742188 2 0.232813 0.742188 2
0 0.250194 0.816600 0.081638 0.001175 0.209375 0.817187 2 0.291013 0.816013 2 0.291013 0.816013 2 0.209375 0.817187 2
0 0.375781 0.821113 0.217187 0.001523 0.267188 0.820352 2 0.484375 0.820911 2 0.484375 0.821875 2 0.267188 0.821875 2
0 0.696094 0.822841 0.423438 0.001933 0.484375 0.821875 2 0.907813 0.821875 2 0.907813 0.821875 2 0.484375 0.823808 2
0 0.339062 0.828310 0.290625 0.009005 0.193750 0.832812 2 0.484375 0.823808 2 0.484375 0.828569 2 0.193750 0.832812 2
0 0.396198 0.835156 0.141978 0.004688 0.325209 0.832812 2 0.467187 0.832812 2 0.464062 0.837500 2 0.325209 0.832812 2
0 0.541406 0.834375 0.057813 0.003125 0.512500 0.832812 2 0.570312 0.832812 2 0.570312 0.834375 2 0.514062 0.835938 2
0 0.713281 0.831250 0.132812 0.003125 0.646875 0.831533 2 0.779687 0.829688 2 0.778125 0.832812 2 0.646875 0.831869 2
0 0.550220 0.819109 0.136822 0.003605 0.481809 0.817747 2 0.618631 0.817306 2 0.618631 0.817306 2 0.484375 0.820911 2
0 0.730342 0.817842 0.073184 0.001309 0.693750 0.817187 2 0.766934 0.818497 2 0.766934 0.818497 2 0.693750 0.817909 2
0 0.787612 0.816339 0.034152 0.004375 0.771875 0.817187 2 0.804600 0.814152 2 0.804688 0.817187 2 0.770536 0.818527 2
0 0.757968 0.812655 0.053436 0.003436 0.731250 0.810937 2 0.784686 0.814373 2 0.784686 0.814373 2 0.731250 0.811613 2
0 0.756250 0.800000 0.046875 0.003125 0.734375 0.798438 2 0.779687 0.800000 2 0.779687 0.801562 2 0.732812 0.801562 2
0 0.614062 0.800000 0.059375 0.003125 0.585938 0.798438 2 0.643750 0.801562 2 0.643750 0.801562 2 0.584375 0.801562 2
0 0.534375 0.800000 0.100000 0.003125 0.484375 0.798438 2 0.584375 0.801562 2 0.584375 0.801562 2 0.485938 0.801562 2
0 0.517188 0.894531 0.156250 0.004687 0.439063 0.895312 2 0.595313 0.892188 2 0.595313 0.892188 2 0.439063 0.896875 2
0 0.362500 0.894539 0.153125 0.001547 0.285938 0.895312 2 0.439063 0.893766 2 0.439063 0.895312 2 0.285938 0.895312 2
0 0.492188 0.737500 0.128125 0.003125 0.428125 0.739062 2 0.556250 0.735938 2 0.556250 0.735938 2 0.428125 0.739062 2
0 0.553125 0.897656 0.162500 0.004688 0.471875 0.895312 2 0.632812 0.895312 2 0.634375 0.900000 2 0.471875 0.895312 2
0 0.667969 0.898438 0.054688 0.006250 0.640625 0.896562 2 0.695312 0.895312 2 0.695312 0.896875 2 0.640625 0.901563 2
0 0.758594 0.903171 0.045312 0.009283 0.735938 0.906250 2 0.781159 0.898530 2 0.781250 0.907813 2 0.735938 0.907813 2
0 0.772263 0.892969 0.055475 0.004687 0.744525 0.890625 2 0.800000 0.895312 2 0.800000 0.895312 2 0.744525 0.890625 2
0 0.308006 0.816600 0.033988 0.001175 0.291013 0.816013 2 0.325000 0.817187 2 0.325000 0.817187 2 0.291013 0.816013 2
0 0.567442 0.810123 0.177616 0.004753 0.478634 0.811448 2 0.656250 0.807747 2 0.651563 0.812500 2 0.478634 0.811448 2
0 0.543420 0.830798 0.060034 0.002222 0.515625 0.829688 2 0.573438 0.830378 2 0.573438 0.831250 2 0.513403 0.831909 2
0 0.526562 0.632031 0.768750 0.082813 0.142187 0.600000 2 0.910937 0.590625 2 0.910937 0.590625 2 0.142187 0.673438 2
0 0.730293 0.637324 0.345664 0.000352 0.557461 0.637148 2 0.903125 0.637500 2 0.903125 0.637500 2 0.557461 0.637148 2
0 0.595535 0.673189 0.031798 0.000497 0.579636 0.673438 2 0.611434 0.672941 2 0.611434 0.672941 2 0.579636 0.673438 2
0 0.617868 0.672013 0.012867 0.001855 0.613189 0.671186 2 0.623437 0.671086 2 0.624302 0.672741 2 0.611434 0.672941 2
0 0.634291 0.672272 0.010794 0.000794 0.629687 0.671875 2 0.639687 0.672500 2 0.639687 0.672500 2 0.628894 0.672669 2
0 0.648989 0.671616 0.013603 0.001689 0.643167 0.670895 2 0.655791 0.670772 2 0.655072 0.672259 2 0.642188 0.672461 2
0 0.673277 0.671330 0.028447 0.001733 0.660523 0.670727 2 0.687500 0.670464 2 0.687500 0.671753 2 0.659053 0.672197 2
0 0.691530 0.672532 0.008061 0.001811 0.687500 0.671753 2 0.695561 0.671627 2 0.695561 0.671627 2 0.687500 0.673438 2
0 0.707624 0.671000 0.024127 0.001253 0.696812 0.670373 2 0.719688 0.671250 2 0.719688 0.671250 2 0.695561 0.671627 2
0 0.727245 0.670771 0.012575 0.000917 0.721875 0.670312 2 0.733533 0.671033 2 0.733533 0.671033 2 0.720958 0.671230 2
0 0.742874 0.670887 0.012089 0.000188 0.736830 0.670981 2 0.748919 0.670794 2 0.748919 0.670794 2 0.736830 0.670981 2
0 0.758748 0.670640 0.019658 0.000308 0.748919 0.670794 2 0.768577 0.670486 2 0.768577 0.670486 2 0.748919 0.670794 2
0 0.774132 0.670027 0.011111 0.000917 0.768577 0.670486 2 0.779687 0.669569 2 0.779687 0.670312 2 0.768577 0.670486 2
0 0.784375 0.671020 0.009375 0.001709 0.779687 0.670312 2 0.789062 0.670166 2 0.787500 0.671875 2 0.779687 0.670312 2
0 0.799111 0.671680 0.011153 0.003516 0.793534 0.670095 2 0.804688 0.669922 2 0.804688 0.670312 2 0.796875 0.673438 2
0 0.813591 0.670002 0.011558 0.000620 0.807813 0.669873 2 0.819370 0.669692 2 0.819370 0.669692 2 0.807813 0.670312 2
0 0.825683 0.669436 0.012625 0.000513 0.819883 0.669180 2 0.831995 0.669495 2 0.831995 0.669495 2 0.819370 0.669692 2
0 0.850909 0.669199 0.016289 0.000255 0.842764 0.669327 2 0.859053 0.669072 2 0.859053 0.669072 2 0.842764 0.669327 2
0 0.730469 0.662500 0.339063 0.009375 0.560937 0.658984 2 0.900000 0.657813 2 0.892188 0.667188 2 0.564063 0.663119 2
0 0.864844 0.650000 0.039062 0.000000 0.845313 0.650000 2 0.884375 0.650000 2 0.884375 0.650000 2 0.845313 0.650000 2
0 0.728906 0.646644 0.317187 0.006713 0.570312 0.643288 2 0.887500 0.645312 2 0.887500 0.646875 2 0.570312 0.650000 2
0 0.869984 0.633141 0.005592 0.002467 0.867188 0.632812 2 0.872780 0.631908 2 0.870313 0.634375 2 0.867188 0.634375 2
0 0.888734 0.631250 0.031908 0.003125 0.872780 0.631908 2 0.904687 0.629687 2 0.903125 0.632812 2 0.872780 0.631908 2
0 0.864062 0.629920 0.012500 0.000464 0.857812 0.629687 2 0.870313 0.629687 2 0.870313 0.629997 2 0.857812 0.630152 2
0 0.715631 0.618750 0.312513 0.009375 0.559375 0.614062 2 0.871888 0.617175 2 0.871875 0.623437 2 0.563248 0.622689 2
0 0.897656 0.621094 0.051563 0.039062 0.871875 0.607812 2 0.923438 0.601562 2 0.923438 0.640625 2 0.871888 0.617175 2
0 0.850358 0.601985 0.080300 0.006864 0.810937 0.599209 2 0.890508 0.598553 2 0.886569 0.603756 2 0.810208 0.605417 2
0 0.520312 0.646094 0.046875 0.001563 0.496875 0.645312 2 0.543750 0.645312 2 0.543750 0.646875 2 0.496875 0.646875 2
0 0.520312 0.630469 0.003125 0.001563 0.518750 0.629687 2 0.521875 0.629687 2 0.521875 0.631250 2 0.518750 0.631250 2
0 0.504687 0.638281 0.003125 0.001563 0.503125 0.637500 2 0.506250 0.637500 2 0.506250 0.639062 2 0.503125 0.639062 2
0 0.539844 0.814844 0.142188 0.001563 0.468750 0.814063 2 0.610938 0.814063 2 0.610938 0.814063 2 0.468750 0.815625 2
0 0.332031 0.815625 0.004687 0.003125 0.329688 0.814063 2 0.334375 0.817187 2 0.334375 0.817187 2 0.329688 0.815625 2
0 0.315625 0.815625 0.003125 0.003125 0.314063 0.814063 2 0.317188 0.817187 2 0.317188 0.817187 2 0.314063 0.817187 2
0 0.300781 0.815625 0.010938 0.003125 0.296875 0.814063 2 0.306250 0.814063 2 0.306250 0.814063 2 0.295312 0.817187 2
0 0.379688 0.895312 0.181250 0.000000 0.289062 0.895312 2 0.470313 0.895312 2 0.470313 0.895312 2 0.289062 0.895312 2
0 0.539062 0.894339 0.137500 0.001947 0.470313 0.894150 2 0.607812 0.893366 2 0.606250 0.895312 2 0.470313 0.895312 2
0 0.447656 0.901563 0.323437 0.003125 0.285938 0.903125 2 0.609375 0.900000 2 0.609375 0.903125 2 0.285938 0.903125 2
0 0.682031 0.903906 0.145312 0.001563 0.609375 0.903125 2 0.754687 0.903125 2 0.754687 0.903125 2 0.609375 0.904687 2
0 0.674330 0.899888 0.004911 0.003348 0.671875 0.898292 2 0.676786 0.898214 2 0.673438 0.901563 2 0.673438 0.901563 2
0 0.682143 0.897545 0.010714 0.001339 0.676786 0.898214 2 0.687500 0.896875 2 0.687500 0.898047 2 0.676786 0.898214 2
0 0.689285 0.899777 0.003570 0.003570 0.687500 0.898047 2 0.691070 0.897992 2 0.689063 0.901563 2 0.689063 0.901563 2
0 0.695095 0.897434 0.008050 0.001117 0.692187 0.896875 2 0.699120 0.897866 2 0.699120 0.897866 2 0.691070 0.897992 2
0 0.703032 0.897805 0.007823 0.000122 0.699120 0.897866 2 0.706944 0.897744 2 0.706944 0.897744 2 0.699120 0.897866 2
0 0.712847 0.897309 0.011806 0.000869 0.707812 0.896875 2 0.718750 0.896875 2 0.718750 0.897559 2 0.706944 0.897744 2
0 0.720784 0.898748 0.004067 0.002505 0.718750 0.897559 2 0.722817 0.897495 2 0.722817 0.897495 2 0.718750 0.900000 2
0 0.736687 0.898695 0.014127 0.002611 0.729623 0.897389 2 0.743750 0.898438 2 0.743750 0.900000 2 0.729623 0.897389 2
0 0.745255 0.896580 0.006136 0.001214 0.742188 0.895973 2 0.748323 0.897097 2 0.748323 0.897097 2 0.742500 0.897188 2
0 0.753849 0.898548 0.011052 0.002903 0.748323 0.897097 2 0.759375 0.898438 2 0.759375 0.900000 2 0.750000 0.900000 2
0 0.771094 0.896130 0.026563 0.001634 0.757812 0.895728 2 0.784375 0.895312 2 0.784375 0.895312 2 0.757884 0.896947 2
0 0.759416 0.893027 0.012184 0.001445 0.753323 0.892386 2 0.765508 0.892305 2 0.765508 0.892305 2 0.754687 0.893750 2
0 0.746417 0.892647 0.006722 0.000472 0.743486 0.892453 2 0.749778 0.892411 2 0.749778 0.892411 2 0.743056 0.892883 2
0 0.727553 0.893132 0.013644 0.001236 0.720731 0.892606 2 0.734375 0.892514 2 0.734375 0.893750 2 0.720731 0.892606 2
0 0.712550 0.892661 0.014678 0.000100 0.705211 0.892711 2 0.719889 0.892611 2 0.719889 0.892611 2 0.705211 0.892711 2
0 0.697189 0.894013 0.014997 0.002598 0.689691 0.892816 2 0.704688 0.892714 2 0.704688 0.895312 2 0.689691 0.892816 2
0 0.682391 0.893284 0.013342 0.000931 0.675720 0.892909 2 0.689063 0.892819 2 0.689063 0.893750 2 0.675720 0.892909 2
0 0.666038 0.893342 0.011675 0.000816 0.660200 0.893014 2 0.671875 0.892934 2 0.671875 0.893750 2 0.660200 0.893014 2
0 0.658225 0.891833 0.003950 0.002416 0.657813 0.890625 2 0.657813 0.890625 2 0.660200 0.893014 2 0.656250 0.893041 2
0 0.644888 0.892666 0.008525 0.000958 0.640625 0.892188 2 0.649150 0.893088 2 0.649150 0.893088 2 0.640625 0.893145 2
0 0.635218 0.893773 0.012117 0.001256 0.629159 0.893222 2 0.640625 0.893145 2 0.641277 0.894402 2 0.629159 0.893222 2
0 0.621875 0.894210 0.006250 0.001920 0.618750 0.893292 2 0.625000 0.893250 2 0.623580 0.895170 2 0.618750 0.893750 2
0 0.613281 0.891995 0.010938 0.002741 0.609375 0.890625 2 0.618750 0.892188 2 0.618750 0.893292 2 0.607812 0.893366 2
0 0.446032 0.893345 0.013939 0.002314 0.439063 0.892188 2 0.453002 0.893873 2 0.452463 0.894412 2 0.439063 0.894502 2
0 0.285938 0.896094 0.006250 0.007812 0.282813 0.892188 2 0.289062 0.895312 2 0.289062 0.895312 2 0.282813 0.900000 2
0 0.918750 0.592187 0.009375 0.003125 0.914062 0.590625 2 0.923438 0.590625 2 0.923438 0.593750 2 0.914062 0.590625 2
0 0.900905 0.598469 0.007564 0.000063 0.897123 0.598500 2 0.904687 0.598437 2 0.904687 0.598437 2 0.897123 0.598500 2
0 0.917188 0.658594 0.034375 0.004687 0.901563 0.656250 2 0.931250 0.656250 2 0.934375 0.660937 2 0.900000 0.657813 2
0 0.556199 0.606516 0.068139 0.001042 0.522130 0.605995 2 0.590269 0.607038 2 0.590269 0.607038 2 0.522130 0.605995 2
0 0.519531 0.614062 0.045313 0.000000 0.496875 0.614062 2 0.542188 0.614062 2 0.542188 0.614062 2 0.496875 0.614062 2
0 0.548438 0.616406 0.015625 0.004688 0.542188 0.614062 2 0.556250 0.617188 2 0.556250 0.618750 2 0.540625 0.618750 2
0 0.507940 0.606904 0.028380 0.001817 0.493750 0.606250 2 0.522130 0.605995 2 0.522130 0.605995 2 0.495312 0.607812 2
0 0.692969 0.634326 0.335938 0.000098 0.525098 0.634277 2 0.860938 0.634375 2 0.860938 0.634375 2 0.525000 0.634375 2
0 0.864062 0.631250 0.012500 0.000000 0.857812 0.631250 2 0.870313 0.631250 2 0.870313 0.631250 2 0.857812 0.631250 2
0 0.842280 0.630701 0.031064 0.001098 0.826748 0.630537 2 0.857812 0.630152 2 0.857812 0.631250 2 0.826748 0.630537 2
0 0.678218 0.630894 0.297061 0.000713 0.529687 0.631250 2 0.826748 0.630537 2 0.826748 0.630537 2 0.529687 0.631250 2
0 0.525781 0.630469 0.007812 0.001563 0.521875 0.631250 2 0.529687 0.629687 2 0.529687 0.631250 2 0.521875 0.631250 2
0 0.534541 0.637334 0.040956 0.000331 0.514062 0.637500 2 0.555019 0.637169 2 0.555019 0.637169 2 0.514062 0.637500 2
0 0.510156 0.649219 0.004687 0.001563 0.507812 0.648438 2 0.510938 0.648438 2 0.512500 0.650000 2 0.507812 0.650000 2
0 0.504687 0.650781 0.006250 0.001563 0.501563 0.650000 2 0.507812 0.650000 2 0.507812 0.651563 2 0.501563 0.651563 2
0 0.541406 0.650781 0.057813 0.001563 0.512500 0.650000 2 0.570312 0.650000 2 0.570312 0.651563 2 0.512500 0.651563 2
0 0.521094 0.660178 0.048437 0.001519 0.496875 0.660764 2 0.545312 0.659419 2 0.545312 0.660937 2 0.496875 0.660937 2
0 0.535184 0.669952 0.006314 0.002403 0.532027 0.670312 2 0.537500 0.668750 2 0.538341 0.671153 2 0.532027 0.670312 2
0 0.553499 0.622656 0.019498 0.001563 0.543750 0.621875 2 0.563248 0.622689 2 0.563248 0.622689 2 0.543750 0.623437 2
0 0.589636 0.669739 0.053875 0.003875 0.565183 0.668308 2 0.616573 0.667802 2 0.615625 0.670312 2 0.562698 0.671677 2
0 0.693306 0.606378 0.206075 0.001319 0.590269 0.607038 2 0.796344 0.605719 2 0.796344 0.605719 2 0.590269 0.607038 2
0 0.650000 0.666509 0.012500 0.002045 0.643750 0.665486 2 0.656250 0.667188 2 0.656250 0.667411 2 0.644092 0.667531 2
0 0.677332 0.666395 0.007789 0.001539 0.673438 0.665625 2 0.681227 0.667164 2 0.681227 0.667164 2 0.673438 0.665625 2
0 0.671940 0.668984 0.012370 0.003333 0.665755 0.667317 2 0.678125 0.668750 2 0.678125 0.670312 2 0.668412 0.670650 2
0 0.659852 0.669054 0.008123 0.003436 0.656250 0.667411 2 0.663914 0.667336 2 0.662500 0.670312 2 0.655791 0.670772 2
0 0.633880 0.669423 0.025991 0.003327 0.620884 0.667759 2 0.646875 0.668750 2 0.646875 0.668750 2 0.623437 0.671086 2
0 0.646873 0.896512 0.031245 0.002400 0.631250 0.895312 2 0.662495 0.895312 2 0.662495 0.895312 2 0.631250 0.897712 2
0 0.675000 0.896194 0.009375 0.001763 0.670312 0.895312 2 0.679688 0.895312 2 0.679688 0.896875 2 0.671875 0.897075 2
0 0.804422 0.608959 0.016156 0.007083 0.796344 0.605719 2 0.810208 0.605417 2 0.812500 0.612500 2 0.798438 0.610938 2
0 0.773438 0.665902 0.015625 0.000555 0.765625 0.665625 2 0.781250 0.665625 2 0.781250 0.666180 2 0.765625 0.665625 2
0 0.740309 0.666118 0.005617 0.000986 0.737500 0.665625 2 0.743117 0.666555 2 0.743117 0.666555 2 0.737500 0.666611 2
0 0.812729 0.667416 0.043292 0.002667 0.791083 0.666083 2 0.834375 0.668750 2 0.834375 0.668750 2 0.792188 0.668750 2
0 0.784375 0.667874 0.009375 0.003389 0.781250 0.666180 2 0.789062 0.668750 2 0.789062 0.669478 2 0.779687 0.669569 2
0 0.757496 0.668100 0.028758 0.003091 0.743117 0.666555 2 0.771875 0.668750 2 0.771875 0.669645 2 0.743117 0.666555 2
0 0.713247 0.668791 0.054756 0.003345 0.685869 0.667119 2 0.740625 0.668750 2 0.739414 0.669961 2 0.687500 0.670464 2
0 0.752344 0.895606 0.010938 0.000587 0.746875 0.895312 2 0.757812 0.895312 2 0.757812 0.895728 2 0.746875 0.895900 2
0 0.721094 0.895777 0.007812 0.000930 0.717187 0.895312 2 0.725000 0.895312 2 0.725000 0.896242 2 0.717187 0.895312 2
0 0.707812 0.895937 0.006250 0.001248 0.704688 0.895312 2 0.710938 0.895312 2 0.710938 0.896462 2 0.704688 0.896561 2
0 0.689844 0.896023 0.007812 0.001420 0.685937 0.895312 2 0.693750 0.895312 2 0.693750 0.896733 2 0.685937 0.895312 2
0 0.366129 0.721891 0.454133 0.043719 0.150000 0.700031 2 0.590625 0.712500 2 0.593195 0.735383 2 0.139063 0.743750 2
0 0.902344 0.691466 0.032812 0.004806 0.885938 0.689063 2 0.918750 0.690625 2 0.918750 0.693750 2 0.889062 0.693869 2
0 0.534375 0.753125 0.621875 0.003125 0.223438 0.754687 2 0.845313 0.751563 2 0.845313 0.751563 2 0.223438 0.754687 2
0 0.202344 0.687449 0.129688 0.015523 0.139063 0.681250 2 0.267188 0.679688 2 0.267086 0.695211 2 0.137500 0.685937 2
0 0.210156 0.698181 0.120313 0.003637 0.150000 0.696837 2 0.268238 0.696362 2 0.270313 0.700000 2 0.150000 0.700000 2
0 0.598743 0.741499 0.112686 0.000952 0.542400 0.741975 2 0.655086 0.741023 2 0.655086 0.741023 2 0.542400 0.741975 2
0 0.781921 0.739953 0.211158 0.001781 0.676342 0.740844 2 0.887500 0.739062 2 0.887500 0.739062 2 0.676342 0.740844 2
0 0.900781 0.733594 0.051562 0.004688 0.878125 0.731250 2 0.926562 0.731250 2 0.926562 0.731250 2 0.875000 0.735938 2
0 0.872961 0.729831 0.010328 0.002837 0.867797 0.728734 2 0.876563 0.728413 2 0.878125 0.731250 2 0.867797 0.728734 2
0 0.898343 0.726237 0.049811 0.004350 0.873437 0.724062 2 0.923248 0.724591 2 0.923248 0.724591 2 0.876563 0.728413 2
0 0.839948 0.719844 0.079480 0.008437 0.800208 0.720522 2 0.879687 0.715625 2 0.873437 0.724062 2 0.803064 0.723498 2
0 0.697734 0.716597 0.216689 0.007850 0.590625 0.715027 2 0.806078 0.712672 2 0.800208 0.720522 2 0.589389 0.718423 2
0 0.815625 0.714895 0.006250 0.004584 0.812500 0.712603 2 0.818750 0.714063 2 0.818750 0.717187 2 0.812500 0.714063 2
0 0.872364 0.708885 0.019728 0.000980 0.862500 0.708617 2 0.882228 0.708395 2 0.881250 0.709375 2 0.862500 0.709375 2
0 0.899048 0.707641 0.036661 0.000722 0.880717 0.707280 2 0.917188 0.707642 2 0.917378 0.708002 2 0.880717 0.707280 2
0 0.889063 0.705709 0.053125 0.002044 0.862500 0.706250 2 0.915625 0.704688 2 0.915625 0.704688 2 0.862500 0.706731 2
0 0.828125 0.705469 0.056250 0.001563 0.800000 0.704688 2 0.856250 0.706250 2 0.856250 0.706250 2 0.801562 0.706250 2
0 0.734188 0.702877 0.137873 0.003622 0.665252 0.704688 2 0.803125 0.701066 2 0.800000 0.704688 2 0.665252 0.704688 2
0 0.840810 0.700533 0.075370 0.001066 0.803125 0.700000 2 0.878125 0.700000 2 0.878495 0.700370 2 0.803125 0.701066 2
0 0.896875 0.696962 0.043750 0.006075 0.875000 0.693925 2 0.918750 0.700000 2 0.918750 0.700000 2 0.875000 0.696875 2
0 0.907031 0.677344 0.064063 0.023438 0.875000 0.668750 2 0.939063 0.665625 2 0.939063 0.671875 2 0.875000 0.689063 2
0 0.822656 0.678125 0.073438 0.003125 0.785937 0.676562 2 0.859375 0.676562 2 0.859375 0.678125 2 0.785937 0.679688 2
0 0.687994 0.682320 0.195887 0.011514 0.590625 0.684375 2 0.785937 0.676562 2 0.785937 0.676562 2 0.590050 0.688077 2
0 0.545806 0.688570 0.088487 0.000986 0.501563 0.689063 2 0.590050 0.688077 2 0.590050 0.688077 2 0.501563 0.689063 2
0 0.540191 0.690973 0.099133 0.002430 0.490625 0.692187 2 0.589758 0.689758 2 0.589758 0.689758 2 0.490625 0.692187 2
0 0.481250 0.693926 0.009375 0.003189 0.476562 0.692455 2 0.485938 0.692331 2 0.484375 0.695494 2 0.478125 0.695520 2
0 0.377448 0.689740 0.204480 0.010730 0.281250 0.684375 2 0.479687 0.685937 2 0.476562 0.692455 2 0.275208 0.695105 2
0 0.916555 0.684434 0.010641 0.000119 0.911234 0.684494 2 0.921875 0.684375 2 0.921875 0.684375 2 0.911234 0.684494 2
0 0.536719 0.696094 0.107812 0.007812 0.484375 0.695494 2 0.590625 0.692187 2 0.589302 0.695073 2 0.482812 0.700000 2
0 0.543750 0.707978 0.096875 0.009044 0.495312 0.703456 2 0.592187 0.704688 2 0.590625 0.708584 2 0.501563 0.712500 2
0 0.704687 0.709737 0.228125 0.003848 0.590625 0.708584 2 0.818750 0.707812 2 0.818750 0.709106 2 0.590625 0.711661 2
0 0.698438 0.710905 0.215625 0.003191 0.590625 0.712323 2 0.804688 0.709309 2 0.806250 0.712500 2 0.590625 0.712500 2
0 0.585801 0.703719 0.012227 0.001391 0.579688 0.703125 2 0.590625 0.703023 2 0.591914 0.704414 2 0.579688 0.704294 2
0 0.672834 0.701512 0.164417 0.003023 0.590625 0.700000 2 0.755042 0.700000 2 0.755042 0.700000 2 0.590625 0.703023 2
0 0.779084 0.700000 0.048083 0.000000 0.755042 0.700000 2 0.803125 0.700000 2 0.803125 0.700000 2 0.755042 0.700000 2
0 0.834761 0.695409 0.072647 0.002933 0.799520 0.694228 2 0.871084 0.693942 2 0.871084 0.693942 2 0.798438 0.696875 2
0 0.882031 0.692962 0.014062 0.001550 0.875000 0.692187 2 0.889062 0.692187 2 0.889062 0.693003 2 0.875000 0.693738 2
0 0.732241 0.690416 0.285519 0.003544 0.589481 0.688644 2 0.875000 0.689063 2 0.875000 0.692187 2 0.590625 0.692187 2
0 0.377344 0.697760 0.207813 0.004480 0.275000 0.696336 2 0.478125 0.695520 2 0.481250 0.700000 2 0.273438 0.700000 2
0 0.570125 0.737349 0.049022 0.002823 0.548438 0.735938 2 0.593750 0.735938 2 0.594636 0.738384 2 0.545614 0.738761 2
0 0.565984 0.739822 0.041344 0.001519 0.545312 0.739062 2 0.586656 0.739062 2 0.586656 0.739062 2 0.545312 0.740581 2
0 0.609597 0.738579 0.045881 0.000967 0.586656 0.739062 2 0.632537 0.738095 2 0.632537 0.738095 2 0.586656 0.739062 2
0 0.688791 0.737664 0.112508 0.000862 0.632537 0.738095 2 0.745045 0.737233 2 0.745045 0.737233 2 0.632537 0.738095 2
0 0.812654 0.736565 0.124692 0.001255 0.751563 0.735938 2 0.875000 0.735938 2 0.875000 0.736237 2 0.750308 0.737192 2
0 0.840534 0.731829 0.014634 0.001158 0.834375 0.731250 2 0.846875 0.731250 2 0.847852 0.732227 2 0.833217 0.732408 2
0 0.852616 0.729291 0.014855 0.000545 0.845189 0.729564 2 0.860044 0.729019 2 0.860044 0.729019 2 0.845189 0.729564 2
0 0.838291 0.728916 0.013797 0.001297 0.831392 0.728267 2 0.845189 0.729564 2 0.845189 0.729564 2 0.831392 0.728267 2
0 0.805105 0.730294 0.029622 0.002575 0.791506 0.729006 2 0.819916 0.730494 2 0.819916 0.730494 2 0.790294 0.731581 2
0 0.762389 0.732606 0.055809 0.002050 0.734484 0.733631 2 0.790294 0.731581 2 0.790294 0.731581 2 0.734484 0.733631 2
0 0.663840 0.734784 0.141289 0.002306 0.593195 0.735383 2 0.734484 0.733631 2 0.734484 0.733631 2 0.593750 0.735938 2
0 0.641910 0.723994 0.108820 0.001113 0.587500 0.723437 2 0.696320 0.724022 2 0.696320 0.724022 2 0.588612 0.724550 2
0 0.749692 0.723760 0.106744 0.000523 0.696320 0.724022 2 0.803064 0.723498 2 0.803064 0.723498 2 0.696320 0.724022 2
0 0.843360 0.707866 0.024220 0.002136 0.832263 0.706798 2 0.855470 0.707030 2 0.855470 0.707030 2 0.831250 0.708934 2
0 0.866683 0.707932 0.023991 0.001345 0.854688 0.707812 2 0.878678 0.707259 2 0.878125 0.708273 2 0.854688 0.708605 2
0 0.865178 0.726697 0.010269 0.004644 0.862327 0.725173 2 0.870313 0.724375 2 0.867797 0.728734 2 0.860044 0.729019 2
0 0.806958 0.732025 0.010791 0.001550 0.801562 0.731250 2 0.810937 0.731250 2 0.812353 0.732666 2 0.801562 0.732800 2
0 0.547656 0.785156 0.810937 0.076563 0.142187 0.756250 2 0.950000 0.746875 2 0.953125 0.820312 2 0.142187 0.823438 2
0 0.542103 0.828320 0.262331 0.002734 0.410938 0.826953 2 0.673269 0.828991 2 0.673269 0.828991 2 0.412500 0.829688 2
0 0.469531 0.875781 0.685937 0.095313 0.128125 0.828125 2 0.812500 0.914062 2 0.810937 0.921875 2 0.126562 0.923438 2
0 0.888702 0.871875 0.135095 0.090625 0.821155 0.839063 2 0.954688 0.826562 2 0.956250 0.917188 2 0.866323 0.910239 2
0 0.633762 0.833594 0.295648 0.007812 0.485938 0.829688 2 0.781586 0.832477 2 0.778125 0.837500 2 0.485938 0.829688 2
0 0.546094 0.957031 0.835938 0.082812 0.128125 0.925000 2 0.962500 0.915625 2 0.000000 0.000000 0 0.000000 0.000000 0
0 0.418750 0.912984 0.265625 0.004092 0.285938 0.910937 2 0.551562 0.910937 2 0.551562 0.910937 2 0.289062 0.915030 2
