0 0.561719 0.067187 0.785937 0.084375 0.168750 0.025000 2 0.954688 0.025000 2 0.950000 0.100000 2 0.176563 0.109375 2
0 0.563281 0.146094 0.773438 0.076563 0.176563 0.110937 2 0.950000 0.107813 2 0.946875 0.176563 2 0.176563 0.184375 2
0 0.554688 0.232031 0.753125 0.079687 0.178125 0.195312 2 0.928125 0.192188 2 0.931250 0.262500 2 0.184375 0.271875 2
0 0.543750 0.598437 0.106250 0.000000 0.490625 0.598437 2 0.596875 0.598437 2 0.596875 0.598437 2 0.490625 0.598437 2
0 0.553125 0.307813 0.737500 0.075000 0.184375 0.273438 2 0.912500 0.270313 2 0.921875 0.337500 2 0.184375 0.345313 2
0 0.572656 0.534375 0.176562 0.003125 0.484375 0.532813 2 0.660937 0.535937 2 0.660937 0.535937 2 0.484375 0.534375 2
0 0.551562 0.550000 0.131250 0.003125 0.485938 0.548438 2 0.617188 0.548438 2 0.615313 0.551250 2 0.486111 0.551562 2
0 0.834375 0.275000 0.046875 0.009375 0.814063 0.275000 2 0.857812 0.270313 2 0.851562 0.279687 2 0.810937 0.278125 2
0 0.558594 0.378906 0.732813 0.082812 0.192188 0.348438 2 0.923438 0.337500 2 0.925000 0.407813 2 0.192188 0.420312 2
0 0.468833 0.352261 0.118916 0.004853 0.410184 0.350753 2 0.528291 0.349834 2 0.528125 0.354687 2 0.409375 0.353125 2
0 0.355469 0.351955 0.101562 0.002341 0.306250 0.351562 2 0.406250 0.350784 2 0.406250 0.353125 2 0.304688 0.353125 2
0 0.562500 0.448438 0.728125 0.075000 0.201563 0.418750 2 0.926562 0.410938 2 0.915625 0.462500 2 0.198437 0.485938 2
0 0.872656 0.478389 0.085938 0.000528 0.829688 0.478125 2 0.915625 0.478125 2 0.915625 0.478125 2 0.829688 0.478653 2
0 0.898438 0.468750 0.046875 0.003125 0.875000 0.467187 2 0.921875 0.470313 2 0.921875 0.470313 2 0.875000 0.470313 2
0 0.540205 0.740625 0.146036 0.003125 0.467187 0.739062 2 0.613223 0.739786 2 0.613223 0.739786 2 0.468750 0.742188 2
0 0.557031 0.519531 0.739062 0.076563 0.187500 0.485938 2 0.926562 0.481250 2 0.918750 0.548438 2 0.192188 0.557813 2
0 0.363063 0.583594 0.329252 0.032813 0.200000 0.575000 2 0.527689 0.567187 2 0.527689 0.567187 2 0.198437 0.600000 2
0 0.321094 0.617847 0.232813 0.017431 0.209375 0.610889 2 0.433070 0.609131 2 0.437500 0.621241 2 0.204687 0.626563 2
0 0.479558 0.608537 0.092975 0.001188 0.433070 0.609131 2 0.526045 0.607944 2 0.526045 0.607944 2 0.433070 0.609131 2
0 0.259375 0.563195 0.103125 0.007639 0.207813 0.559375 2 0.310937 0.565625 2 0.310937 0.567014 2 0.210769 0.564231 2
0 0.454688 0.626402 0.034375 0.000320 0.437500 0.626361 2 0.471875 0.626242 2 0.471875 0.626563 2 0.437500 0.626563 2
0 0.657031 0.624463 0.064063 0.001073 0.625000 0.623927 2 0.689063 0.625000 2 0.689063 0.625000 2 0.625000 0.625000 2
0 0.735938 0.618750 0.093750 0.000000 0.689063 0.618750 2 0.782813 0.618750 2 0.782813 0.618750 2 0.689063 0.618750 2
0 0.753906 0.613662 0.104688 0.005448 0.701562 0.614062 2 0.806250 0.610938 2 0.806250 0.610938 2 0.702322 0.616386 2
0 0.798437 0.603781 0.025000 0.012028 0.787200 0.598738 2 0.808483 0.597767 2 0.810937 0.609795 2 0.785937 0.606361 2
0 0.831057 0.611929 0.043364 0.004267 0.810937 0.609795 2 0.852739 0.612886 2 0.852739 0.612886 2 0.809375 0.614062 2
0 0.865625 0.611114 0.015625 0.006603 0.860938 0.607812 2 0.873437 0.613750 2 0.873437 0.614416 2 0.857812 0.613261 2
0 0.876678 0.601562 0.077894 0.031250 0.837731 0.594111 2 0.915625 0.585938 2 0.914062 0.617188 2 0.837731 0.594111 2
0 0.841762 0.589551 0.032102 0.004102 0.825711 0.587500 2 0.857812 0.590625 2 0.857812 0.591602 2 0.825711 0.587500 2
0 0.812074 0.582031 0.027273 0.014063 0.798438 0.575000 2 0.817187 0.575000 2 0.825711 0.587500 2 0.798438 0.589063 2
0 0.775754 0.571438 0.060677 0.007123 0.745416 0.575000 2 0.806092 0.567877 2 0.806092 0.567877 2 0.745416 0.575000 2
0 0.680251 0.563281 0.305123 0.007812 0.527689 0.567187 2 0.832812 0.559375 2 0.832812 0.559375 2 0.527689 0.567187 2
0 0.200000 0.610937 0.003125 0.009375 0.200000 0.606250 2 0.200000 0.606250 2 0.201563 0.615625 2 0.198437 0.615625 2
0 0.896875 0.565625 0.043750 0.018750 0.875000 0.556250 2 0.918750 0.556250 2 0.912500 0.575000 2 0.884375 0.573438 2
0 0.850781 0.567969 0.023438 0.017188 0.839063 0.559375 2 0.862500 0.559375 2 0.857812 0.576562 2 0.843750 0.576562 2
0 0.550841 0.595969 0.082931 0.016937 0.509375 0.587500 2 0.592306 0.593631 2 0.592187 0.598011 2 0.514313 0.604437 2
0 0.552267 0.615625 0.111091 0.009375 0.496722 0.612347 2 0.607812 0.610938 2 0.600000 0.620313 2 0.500000 0.618750 2
0 0.460938 0.617990 0.046875 0.007580 0.437500 0.621241 2 0.484375 0.614200 2 0.484375 0.617188 2 0.437500 0.621780 2
0 0.498945 0.623618 0.122889 0.003486 0.437500 0.621875 2 0.560389 0.623489 2 0.560389 0.623489 2 0.437500 0.625361 2
0 0.592991 0.623385 0.065205 0.001083 0.560389 0.623489 2 0.625594 0.622844 2 0.625000 0.623927 2 0.560389 0.623489 2
0 0.632109 0.621419 0.017670 0.002850 0.623273 0.620150 2 0.640944 0.619994 2 0.640944 0.619994 2 0.625594 0.622844 2
0 0.615557 0.619517 0.015433 0.001534 0.609375 0.618750 2 0.621875 0.618750 2 0.623273 0.620150 2 0.607841 0.620284 2
0 0.681709 0.607031 0.169669 0.001563 0.596875 0.606250 2 0.766544 0.606513 2 0.766544 0.606513 2 0.598437 0.607812 2
0 0.703741 0.593427 0.183947 0.003286 0.611767 0.595070 2 0.795714 0.591784 2 0.795312 0.592187 2 0.611767 0.595070 2
0 0.676614 0.582840 0.137603 0.015680 0.607812 0.575000 2 0.745416 0.575000 2 0.745416 0.575000 2 0.607812 0.590680 2
0 0.600841 0.592759 0.017069 0.004269 0.593750 0.590625 2 0.607812 0.590680 2 0.609375 0.594894 2 0.592306 0.593631 2
0 0.559375 0.589063 0.068750 0.003125 0.525000 0.587500 2 0.593750 0.589063 2 0.593750 0.590625 2 0.525000 0.588655 2
0 0.599219 0.574219 0.017188 0.001562 0.590625 0.573438 2 0.607812 0.573438 2 0.607812 0.575000 2 0.590625 0.575000 2
0 0.823107 0.594820 0.029248 0.005894 0.810623 0.591873 2 0.837731 0.594111 2 0.837731 0.594111 2 0.808483 0.597767 2
0 0.650159 0.614684 0.018431 0.010619 0.643750 0.609375 2 0.659375 0.614062 2 0.655802 0.619864 2 0.640944 0.619994 2
0 0.600781 0.599104 0.017188 0.007348 0.592187 0.598011 2 0.609375 0.595430 2 0.607812 0.602484 2 0.593750 0.602778 2
0 0.559898 0.605361 0.067705 0.005166 0.526045 0.607944 2 0.593750 0.602778 2 0.593750 0.607870 2 0.526045 0.607944 2
0 0.557812 0.656250 0.721875 0.068750 0.196875 0.631250 2 0.918750 0.621875 2 0.912500 0.685937 2 0.196875 0.690625 2
0 0.557813 0.722656 0.709375 0.057813 0.203125 0.695312 2 0.912500 0.693750 2 0.907813 0.751563 2 0.203125 0.751563 2
0 0.560156 0.785937 0.704687 0.059375 0.207813 0.760938 2 0.912500 0.756250 2 0.903125 0.815625 2 0.210938 0.814063 2
0 0.562500 0.850781 0.687500 0.051563 0.218750 0.826562 2 0.906250 0.825000 2 0.901563 0.870313 2 0.220312 0.876563 2
0 0.560937 0.910156 0.693750 0.057813 0.214062 0.882812 2 0.907813 0.881250 2 0.907813 0.932813 2 0.218750 0.939063 2
0 0.564844 0.972656 0.689063 0.051562 0.220312 0.953125 2 0.909375 0.946875 2 0.000000 0.000000 0 0.000000 0.000000 0
