0 0.211719 0.733594 0.279687 0.007812 0.071875 0.737500 2 0.351562 0.729688 2 0.351562 0.729688 2 0.071875 0.737500 2
0 0.033594 0.753125 0.067187 0.050000 0.000000 0.000000 0 0.067187 0.739062 2 0.057813 0.778125 2 0.000000 0.000000 0
0 0.247585 0.731797 0.063920 0.001378 0.215625 0.731250 2 0.279545 0.731108 2 0.279545 0.731108 2 0.215625 0.732486 2
0 0.475000 0.749219 0.059375 0.048438 0.445312 0.726562 2 0.504687 0.725000 2 0.503125 0.770312 2 0.448437 0.773438 2
0 0.755469 0.476562 0.485938 0.059375 0.512500 0.462500 2 0.000000 0.000000 0 0.000000 0.000000 0 0.515625 0.501563 2
0 0.775000 0.541406 0.446875 0.060937 0.551562 0.515625 2 0.000000 0.000000 0 0.000000 0.000000 0 0.553125 0.568750 2
0 0.743750 0.604688 0.509375 0.059375 0.489063 0.575000 2 0.000000 0.000000 0 0.000000 0.000000 0 0.490625 0.634375 2
0 0.750000 0.678125 0.496875 0.050000 0.504687 0.653125 2 0.000000 0.000000 0 0.000000 0.000000 0 0.501563 0.687500 2
0 0.973437 0.721875 0.050000 0.031250 0.948438 0.707812 2 0.000000 0.000000 0 0.000000 0.000000 0 0.951562 0.732812 2
0 0.728125 0.721875 0.337500 0.050000 0.559375 0.696875 2 0.896875 0.707812 2 0.896875 0.707812 2 0.575000 0.746875 2
