0 0.489844 0.814844 0.960938 0.160937 0.009375 0.751563 2 0.970313 0.734375 2 0.970313 0.895312 2 0.037500 0.892188 2
0 0.922656 0.915625 0.101562 0.009375 0.871875 0.910937 2 0.973437 0.910937 2 0.973437 0.920312 2 0.871875 0.910937 2
0 0.872656 0.918583 0.035937 0.012166 0.856250 0.912500 2 0.890625 0.914062 2 0.887834 0.924666 2 0.854688 0.917188 2
0 0.863399 0.946094 0.045077 0.014062 0.840861 0.939300 2 0.885938 0.939063 2 0.885938 0.953125 2 0.842348 0.951723 2
0 0.715625 0.933863 0.315625 0.014600 0.557813 0.926562 2 0.873437 0.926562 2 0.870313 0.934375 2 0.559375 0.941163 2
0 0.178125 0.965625 0.356250 0.065625 0.000000 0.000000 0 0.351562 0.957530 2 0.000000 0.000000 0 0.000000 0.000000 0
0 0.263281 0.907031 0.189062 0.007812 0.171875 0.906250 2 0.357812 0.903125 2 0.357812 0.906325 2 0.168750 0.910937 2
0 0.264062 0.921491 0.187500 0.014458 0.171875 0.916298 2 0.357812 0.914263 2 0.356250 0.928720 2 0.170313 0.926562 2
0 0.133594 0.930469 0.092188 0.001563 0.087500 0.929688 2 0.179688 0.929688 2 0.179688 0.931250 2 0.087500 0.931250 2
0 0.266545 0.932501 0.178717 0.002502 0.177186 0.933752 2 0.354687 0.931250 2 0.355903 0.932467 2 0.177186 0.933752 2
0 0.263714 0.944880 0.185072 0.021009 0.176563 0.934375 2 0.356250 0.934375 2 0.353125 0.954392 2 0.171178 0.955384 2
0 0.690625 0.957812 0.606250 0.081250 0.387500 0.957664 2 0.982812 0.917188 2 0.000000 0.000000 0 0.000000 0.000000 0
0 0.637706 0.903554 0.148178 0.000858 0.564063 0.903125 2 0.710938 0.903125 2 0.711795 0.903983 2 0.563617 0.903570 2
0 0.479602 0.904910 0.168031 0.002680 0.395586 0.904959 2 0.563617 0.903570 2 0.563617 0.903570 2 0.396875 0.906250 2
0 0.760768 0.909851 0.198436 0.002173 0.661550 0.910937 2 0.859986 0.908764 2 0.859375 0.910937 2 0.661550 0.910937 2
0 0.485895 0.912292 0.143834 0.002709 0.413978 0.913647 2 0.557813 0.910937 2 0.557813 0.912073 2 0.413978 0.913647 2
0 0.385895 0.920740 0.056166 0.015617 0.357812 0.912931 2 0.413978 0.913647 2 0.404264 0.928548 2 0.359375 0.917188 2
0 0.379231 0.943127 0.046656 0.021991 0.355903 0.932467 2 0.402444 0.932131 2 0.402559 0.954122 2 0.356250 0.934375 2
0 0.481748 0.955535 0.158378 0.004555 0.402559 0.954122 2 0.560937 0.953258 2 0.559375 0.957812 2 0.404687 0.957730 2
0 0.700862 0.947723 0.282973 0.011070 0.559375 0.942187 2 0.842187 0.942187 2 0.842348 0.951723 2 0.560937 0.953258 2
0 0.921875 0.932818 0.071875 0.012489 0.885938 0.926816 2 0.953125 0.926573 2 0.957812 0.934375 2 0.885938 0.939063 2
0 0.920313 0.925000 0.068750 0.003125 0.885938 0.925000 2 0.954688 0.923438 2 0.953125 0.926562 2 0.885938 0.926562 2
0 0.264808 0.912136 0.186009 0.007516 0.171803 0.913991 2 0.357812 0.908378 2 0.357812 0.912931 2 0.171875 0.915894 2
