0 0.550000 0.214062 0.500000 0.065625 0.301563 0.181250 2 0.800000 0.189062 2 0.796875 0.226562 2 0.300000 0.246875 2
0 0.545312 0.284375 0.496875 0.065625 0.296875 0.251563 2 0.793750 0.254688 2 0.787500 0.317188 2 0.298438 0.314063 2
0 0.535156 0.350000 0.495313 0.062500 0.293750 0.318750 2 0.782813 0.326562 2 0.779687 0.379688 2 0.287500 0.381250 2
0 0.531250 0.417969 0.490625 0.057813 0.287500 0.389062 2 0.776563 0.390625 2 0.775000 0.443750 2 0.285938 0.446875 2
0 0.530469 0.482812 0.495312 0.065625 0.284375 0.453125 2 0.778125 0.450000 2 0.778125 0.512500 2 0.282813 0.515625 2
0 0.528125 0.552344 0.496875 0.070312 0.279687 0.528125 2 0.776563 0.517188 2 0.776563 0.578125 2 0.282813 0.587500 2
0 0.531250 0.615625 0.490625 0.059375 0.287500 0.592187 2 0.775000 0.585938 2 0.776563 0.640625 2 0.285938 0.645312 2
0 0.503906 0.682813 0.435938 0.043750 0.285938 0.667188 2 0.721875 0.660937 2 0.720313 0.704688 2 0.285938 0.692187 2
0 0.753125 0.692969 0.043750 0.026563 0.731250 0.679688 2 0.773438 0.684375 2 0.775000 0.703125 2 0.740625 0.706250 2
0 0.527344 0.748437 0.495313 0.065625 0.279687 0.731250 2 0.775000 0.715625 2 0.773438 0.781250 2 0.281250 0.767188 2
0 0.526563 0.821875 0.493750 0.065625 0.281250 0.835938 2 0.773438 0.789062 2 0.768750 0.837500 2 0.279687 0.854688 2
0 0.471094 0.128906 0.282813 0.039062 0.331250 0.109375 2 0.610938 0.118750 2 0.612500 0.142187 2 0.329688 0.148438 2
