0 0.447656 0.656250 0.760938 0.115625 0.071875 0.598437 2 0.828125 0.601562 2 0.828125 0.687500 2 0.067187 0.714063 2
0 0.304381 0.701869 0.333763 0.013112 0.137500 0.695312 2 0.470313 0.703125 2 0.471263 0.708425 2 0.137500 0.696875 2
0 0.297656 0.708594 0.279687 0.007812 0.157812 0.704688 2 0.437500 0.704688 2 0.437500 0.709109 2 0.157812 0.712500 2
0 0.299830 0.714719 0.309034 0.008063 0.146255 0.715005 2 0.452875 0.710687 2 0.454347 0.715966 2 0.145313 0.718750 2
0 0.106250 0.723437 0.018750 0.015625 0.098437 0.723437 2 0.115625 0.715625 2 0.112933 0.728558 2 0.096875 0.731250 2
0 0.198985 0.728328 0.174452 0.007325 0.112933 0.728558 2 0.286211 0.724666 2 0.286211 0.724666 2 0.111759 0.731991 2
0 0.363747 0.721457 0.155072 0.006417 0.286211 0.724666 2 0.439063 0.718248 2 0.441283 0.722533 2 0.286211 0.724666 2
0 0.489844 0.711768 0.023438 0.007911 0.478125 0.708286 2 0.501563 0.707812 2 0.501563 0.707812 2 0.481347 0.715723 2
0 0.592188 0.686961 0.275000 0.004644 0.456250 0.684639 2 0.729688 0.689063 2 0.729688 0.689283 2 0.454688 0.689063 2
0 0.777474 0.699088 0.095573 0.020573 0.729688 0.689283 2 0.825261 0.688802 2 0.817187 0.709375 2 0.729688 0.690625 2
0 0.078906 0.726562 0.026563 0.018750 0.065625 0.717187 2 0.092188 0.732812 2 0.092188 0.735938 2 0.067187 0.732812 2
0 0.363092 0.651099 0.069934 0.016027 0.328125 0.656250 2 0.390625 0.643086 2 0.398059 0.657434 2 0.328125 0.659112 2
0 0.374219 0.668564 0.089062 0.015253 0.329688 0.660937 2 0.418750 0.664062 2 0.418750 0.675000 2 0.332441 0.676191 2
0 0.367261 0.682886 0.159228 0.006397 0.287647 0.686084 2 0.446875 0.679688 2 0.443875 0.684500 2 0.287647 0.686084 2
0 0.484375 0.680494 0.056250 0.007862 0.457813 0.678125 2 0.512500 0.676562 2 0.510938 0.683272 2 0.456250 0.684425 2
0 0.555483 0.683625 0.060784 0.004625 0.525091 0.682902 2 0.585875 0.681312 2 0.582812 0.685937 2 0.526563 0.685433 2
0 0.649391 0.681077 0.023783 0.003470 0.637500 0.679963 2 0.661283 0.679342 2 0.659375 0.682813 2 0.637500 0.681250 2
0 0.684548 0.677952 0.046530 0.002780 0.662500 0.676562 2 0.707812 0.676562 2 0.707812 0.678125 2 0.661283 0.679342 2
0 0.647656 0.668909 0.023438 0.009058 0.637500 0.665603 2 0.659058 0.664380 2 0.659375 0.673438 2 0.635938 0.673438 2
0 0.652344 0.654577 0.029688 0.012720 0.640625 0.649047 2 0.667188 0.648217 2 0.662500 0.660937 2 0.637500 0.660937 2
0 0.597577 0.638461 0.054530 0.016512 0.573955 0.630205 2 0.623437 0.643750 2 0.624842 0.646717 2 0.570312 0.643750 2
0 0.397656 0.625592 0.104687 0.007434 0.348438 0.621875 2 0.450000 0.626563 2 0.450000 0.626563 2 0.345313 0.629309 2
0 0.397847 0.638410 0.018088 0.009352 0.388803 0.634116 2 0.406891 0.633734 2 0.404687 0.642403 2 0.390625 0.643086 2
0 0.467187 0.667188 0.090625 0.012500 0.421875 0.660937 2 0.512500 0.660937 2 0.510938 0.672784 2 0.425000 0.673438 2
0 0.552931 0.675342 0.062887 0.002441 0.521487 0.674613 2 0.584375 0.674122 2 0.584375 0.676562 2 0.521487 0.674613 2
0 0.607812 0.672467 0.046875 0.008191 0.588686 0.668372 2 0.631250 0.673755 2 0.631250 0.676562 2 0.584375 0.674122 2
0 0.618750 0.663270 0.037500 0.004666 0.600000 0.660937 2 0.637500 0.660937 2 0.637500 0.665603 2 0.601562 0.664062 2
0 0.599219 0.653946 0.051562 0.007733 0.573438 0.653492 2 0.625000 0.650080 2 0.625000 0.651563 2 0.575000 0.657813 2
0 0.542969 0.637487 0.039062 0.014048 0.525000 0.631239 2 0.561725 0.630462 2 0.562500 0.644511 2 0.523438 0.643128 2
0 0.473438 0.651132 0.103125 0.011639 0.421875 0.653125 2 0.525000 0.645312 2 0.521173 0.656952 2 0.421875 0.656863 2
0 0.488009 0.643477 0.072892 0.002580 0.451562 0.642188 2 0.523438 0.643128 2 0.524455 0.644767 2 0.451562 0.643328 2
0 0.544531 0.657370 0.048438 0.007134 0.521173 0.656952 2 0.568750 0.653803 2 0.568750 0.660937 2 0.520312 0.659375 2
0 0.578718 0.665200 0.019936 0.008525 0.568750 0.660937 2 0.585938 0.664062 2 0.588686 0.668372 2 0.569462 0.669463 2
0 0.552344 0.672656 0.064063 0.001563 0.520312 0.672252 2 0.584375 0.671875 2 0.584375 0.673438 2 0.520312 0.673438 2
