0 0.659375 0.597656 0.478125 0.145312 0.434992 0.525000 2 0.898438 0.525000 2 0.893750 0.670312 2 0.420312 0.596555 2
0 0.269531 0.567969 0.173438 0.076562 0.182812 0.553125 2 0.356250 0.529687 2 0.325000 0.606250 2 0.212500 0.604688 2
0 0.323437 0.628906 0.193750 0.029688 0.226562 0.643750 2 0.420312 0.614062 2 0.420312 0.617056 2 0.226562 0.643750 2
0 0.472474 0.642652 0.181320 0.045945 0.381814 0.622359 2 0.563134 0.619680 2 0.559375 0.662500 2 0.423438 0.665625 2
0 0.657031 0.616871 0.189063 0.005617 0.562500 0.614062 2 0.751563 0.617188 2 0.751563 0.618750 2 0.563134 0.619680 2
0 0.502271 0.612691 0.120458 0.002742 0.442042 0.614062 2 0.562500 0.611320 2 0.562500 0.614062 2 0.442042 0.614062 2
0 0.514390 0.609002 0.099345 0.003870 0.464717 0.610938 2 0.564063 0.607067 2 0.562500 0.610938 2 0.464717 0.610938 2
0 0.528571 0.603890 0.070983 0.006280 0.493080 0.607030 2 0.564063 0.600750 2 0.564063 0.606541 2 0.493080 0.607030 2
0 0.167187 0.610156 0.112500 0.101562 0.110937 0.564063 2 0.146875 0.559375 2 0.223438 0.650000 2 0.125000 0.660937 2
0 0.487881 0.600544 0.135138 0.004213 0.420312 0.598437 2 0.555450 0.598437 2 0.555450 0.598437 2 0.420312 0.602650 2
