0 0.498438 0.179688 0.775000 0.096875 0.110937 0.137500 2 0.885938 0.131250 2 0.846875 0.228125 2 0.115625 0.184375 2
0 0.695961 0.165625 0.220578 0.015625 0.585672 0.164081 2 0.806250 0.157812 2 0.806250 0.157812 2 0.593750 0.173437 2
0 0.322656 0.202254 0.351562 0.002508 0.146875 0.202889 2 0.498437 0.201000 2 0.498437 0.203508 2 0.146875 0.203125 2
0 0.135619 0.193980 0.038862 0.018086 0.116187 0.184938 2 0.155050 0.187138 2 0.146875 0.202889 2 0.121875 0.203023 2
0 0.138281 0.209963 0.032813 0.010664 0.121875 0.204631 2 0.154688 0.204687 2 0.148438 0.214817 2 0.123438 0.215295 2
0 0.139063 0.220912 0.031250 0.008177 0.123438 0.216823 2 0.154688 0.220312 2 0.154688 0.220312 2 0.125000 0.225000 2
0 0.372656 0.217565 0.448438 0.005495 0.148438 0.214817 2 0.596875 0.220312 2 0.596875 0.220312 2 0.148438 0.215625 2
0 0.335156 0.222877 0.329688 0.001122 0.170313 0.223438 2 0.500000 0.222316 2 0.500000 0.223438 2 0.170313 0.223438 2
0 0.604688 0.225000 0.053125 0.003125 0.578125 0.223438 2 0.631250 0.223438 2 0.631250 0.223438 2 0.578125 0.226562 2
0 0.479687 0.206525 0.037500 0.003175 0.462500 0.205252 2 0.498437 0.204937 2 0.498437 0.208113 2 0.460938 0.207813 2
0 0.562500 0.204031 0.128125 0.001812 0.498437 0.203508 2 0.626563 0.203125 2 0.626563 0.203125 2 0.498437 0.204937 2
0 0.475781 0.188682 0.045312 0.022636 0.453125 0.179688 2 0.498437 0.177364 2 0.498437 0.200000 2 0.453125 0.196875 2
0 0.322656 0.237756 0.295313 0.002613 0.175000 0.239063 2 0.470313 0.236450 2 0.470313 0.239063 2 0.175000 0.239063 2
0 0.477344 0.098437 0.748437 0.090625 0.112500 0.064062 2 0.843750 0.053125 2 0.851562 0.123438 2 0.103125 0.143750 2
0 0.435937 0.663281 0.800000 0.117188 0.048438 0.607812 2 0.825000 0.604688 2 0.835938 0.721875 2 0.035937 0.718750 2
