0 0.521094 0.600000 0.954688 0.115625 0.043750 0.551562 2 0.000000 0.000000 0 0.000000 0.000000 0 0.043750 0.576562 2
0 0.414844 0.640243 0.685937 0.063264 0.071875 0.608611 2 0.751563 0.650000 2 0.757812 0.657813 2 0.078125 0.671875 2
0 0.264510 0.616700 0.069170 0.016122 0.245312 0.608639 2 0.299095 0.614967 2 0.290739 0.623323 2 0.229925 0.624761 2
0 0.300116 0.507520 0.295936 0.018164 0.153125 0.515625 2 0.443750 0.498437 2 0.448084 0.513709 2 0.152148 0.516602 2
0 0.140237 0.596277 0.142973 0.016820 0.068750 0.587867 2 0.211723 0.604688 2 0.211723 0.604688 2 0.071875 0.604688 2
0 0.855606 0.494298 0.145884 0.001392 0.782664 0.493602 2 0.928548 0.494994 2 0.928548 0.494994 2 0.782664 0.493602 2
0 0.685863 0.492358 0.193602 0.002487 0.589063 0.491114 2 0.782664 0.493602 2 0.782664 0.493602 2 0.589403 0.492528 2
0 0.679105 0.489721 0.179594 0.001317 0.590625 0.489063 2 0.768750 0.489063 2 0.768902 0.489214 2 0.589308 0.490380 2
0 0.532081 0.497938 0.060837 0.011155 0.501663 0.494381 2 0.559375 0.492361 2 0.562500 0.503516 2 0.504394 0.503125 2
0 0.341018 0.599219 0.258589 0.010938 0.211723 0.604688 2 0.470313 0.593750 2 0.468750 0.604688 2 0.211723 0.604688 2
0 0.325166 0.618045 0.052141 0.006705 0.299370 0.614692 2 0.351236 0.615950 2 0.345791 0.621397 2 0.299095 0.614967 2
0 0.420887 0.628125 0.080102 0.003125 0.380836 0.626563 2 0.460938 0.629687 2 0.460938 0.629687 2 0.380836 0.626563 2
0 0.537500 0.633082 0.103125 0.022142 0.489063 0.625000 2 0.589063 0.622011 2 0.585938 0.644153 2 0.485938 0.643078 2
0 0.405860 0.644366 0.057030 0.004358 0.377345 0.642188 2 0.434375 0.642523 2 0.434045 0.646545 2 0.377345 0.642188 2
0 0.361719 0.650374 0.035938 0.007239 0.345313 0.648438 2 0.379688 0.646755 2 0.378125 0.653994 2 0.343750 0.650000 2
0 0.457627 0.652160 0.048894 0.004320 0.437500 0.650000 2 0.482073 0.652386 2 0.482073 0.652386 2 0.433180 0.654320 2
0 0.638370 0.647687 0.107634 0.004269 0.585938 0.648278 2 0.692187 0.645553 2 0.692187 0.646366 2 0.584553 0.649822 2
0 0.537988 0.617303 0.102150 0.008841 0.486913 0.616600 2 0.589063 0.612883 2 0.589063 0.621723 2 0.487500 0.618750 2
0 0.532031 0.608532 0.126563 0.007689 0.468750 0.604688 2 0.595313 0.604688 2 0.589063 0.611059 2 0.470436 0.612377 2
0 0.701781 0.504125 0.252688 0.001125 0.575437 0.503562 2 0.828125 0.504687 2 0.828125 0.504687 2 0.575437 0.503562 2
0 0.385156 0.609983 0.070312 0.007466 0.350000 0.610938 2 0.420312 0.606250 2 0.419197 0.612947 2 0.350000 0.613716 2
0 0.386928 0.618560 0.066844 0.005108 0.353506 0.616006 2 0.420312 0.617627 2 0.420350 0.618788 2 0.353886 0.621114 2
0 0.528906 0.647515 0.114063 0.003108 0.472352 0.646398 2 0.585938 0.645961 2 0.585938 0.648278 2 0.471875 0.649069 2
0 0.556250 0.721094 0.853125 0.114062 0.129688 0.664062 2 0.982812 0.664062 2 0.976562 0.773438 2 0.131250 0.778125 2
0 0.503906 0.817187 0.989062 0.168750 0.014063 0.778125 2 0.989062 0.732812 2 0.000000 0.000000 0 0.009375 0.901563 2
