0 0.753906 0.873180 0.323438 0.011984 0.593750 0.875000 2 0.915625 0.867188 2 0.912500 0.879172 2 0.592187 0.877016 2
0 0.489063 0.854688 0.709375 0.003125 0.134375 0.853125 2 0.843750 0.856003 2 0.843750 0.856250 2 0.134375 0.853125 2
0 0.233821 0.944531 0.467642 0.079688 0.000000 0.000000 0 0.465625 0.918750 2 0.467642 0.936392 2 0.000000 0.000000 0
0 0.053941 0.975570 0.042258 0.014625 0.032813 0.978125 2 0.062500 0.968258 2 0.075070 0.982883 2 0.032813 0.978125 2
0 0.283601 0.988316 0.417061 0.010867 0.075070 0.982883 2 0.492131 0.985995 2 0.492131 0.985995 2 0.000000 0.000000 0
0 0.597325 0.986584 0.120434 0.001292 0.537500 0.985938 2 0.657542 0.987230 2 0.657542 0.987230 2 0.537108 0.986331 2
0 0.746221 0.987237 0.173183 0.002600 0.660937 0.985938 2 0.831250 0.985938 2 0.832812 0.988537 2 0.659630 0.987245 2
0 0.774219 0.938281 0.426563 0.092187 0.578125 0.906250 2 0.987500 0.892188 2 0.985938 0.984375 2 0.560937 0.926562 2
0 0.764844 0.895182 0.354687 0.009636 0.589063 0.890364 2 0.942187 0.895312 2 0.942187 0.895312 2 0.587500 0.900000 2
0 0.252620 0.885971 0.118708 0.000902 0.193266 0.886422 2 0.311973 0.885520 2 0.311973 0.885520 2 0.193266 0.886422 2
0 0.119265 0.886985 0.135405 0.001030 0.051562 0.887500 2 0.186967 0.886470 2 0.186967 0.886470 2 0.051562 0.887500 2
0 0.227182 0.892969 0.244989 0.001563 0.104688 0.892188 2 0.349677 0.892397 2 0.349677 0.892397 2 0.106250 0.893750 2
0 0.093614 0.896505 0.065353 0.003322 0.061405 0.894844 2 0.125000 0.895312 2 0.126291 0.898166 2 0.060937 0.895312 2
0 0.266305 0.901364 0.270111 0.002728 0.132812 0.900000 2 0.401361 0.901825 2 0.401361 0.901825 2 0.131250 0.902728 2
0 0.490534 0.918091 0.178347 0.032531 0.401361 0.901825 2 0.579708 0.934356 2 0.579708 0.934356 2 0.401361 0.901825 2
0 0.521875 0.884270 0.140625 0.014509 0.451562 0.884458 2 0.592187 0.877016 2 0.589063 0.890364 2 0.452461 0.891525 2
0 0.444967 0.877234 0.144441 0.001344 0.373437 0.876563 2 0.517188 0.876563 2 0.517188 0.877906 2 0.372747 0.877253 2
0 0.374618 0.888587 0.125289 0.006133 0.311973 0.885520 2 0.437262 0.891653 2 0.437262 0.891653 2 0.311973 0.885520 2
0 0.448235 0.867531 0.166030 0.008397 0.365220 0.863920 2 0.531250 0.863333 2 0.531250 0.871730 2 0.365220 0.863920 2
0 0.647657 0.867841 0.204689 0.007558 0.545312 0.864062 2 0.750002 0.864062 2 0.750002 0.864062 2 0.545312 0.871620 2
0 0.641406 0.861354 0.220313 0.003958 0.532813 0.859375 2 0.751563 0.860938 2 0.751563 0.862500 2 0.531250 0.863333 2
0 0.398222 0.893855 0.097091 0.002916 0.349677 0.892397 2 0.446767 0.895312 2 0.446767 0.895312 2 0.349677 0.892397 2
0 0.253096 0.896730 0.246817 0.002836 0.129688 0.895312 2 0.376505 0.897291 2 0.376505 0.897291 2 0.131250 0.898148 2
