0 0.262500 0.686276 0.165625 0.027448 0.181250 0.696875 2 0.345313 0.672552 2 0.343750 0.700000 2 0.179688 0.700000 2
0 0.516406 0.686719 0.235938 0.026562 0.399792 0.698645 2 0.621875 0.673438 2 0.634375 0.689063 2 0.398438 0.700000 2
0 0.384882 0.680742 0.114611 0.008359 0.327577 0.684922 2 0.442188 0.676562 2 0.442188 0.678125 2 0.327577 0.684922 2
0 0.499219 0.659375 0.998437 0.084375 0.000000 0.000000 0 0.000000 0.000000 0 0.992188 0.689034 2 0.000000 0.000000 0
0 0.402736 0.704086 0.445728 0.000722 0.179872 0.704447 2 0.625600 0.703725 2 0.625600 0.703725 2 0.179872 0.704447 2
0 0.649480 0.702643 0.045836 0.002161 0.626563 0.703125 2 0.671875 0.701562 2 0.672398 0.703648 2 0.626563 0.703723 2
0 0.683855 0.715868 0.022914 0.024514 0.672398 0.703648 2 0.695312 0.703611 2 0.695312 0.728125 2 0.679688 0.728125 2
0 0.741573 0.702199 0.095645 0.002823 0.693750 0.700788 2 0.789062 0.703125 2 0.789395 0.703459 2 0.695312 0.703611 2
0 0.893916 0.721098 0.209042 0.035930 0.789395 0.703459 2 0.990625 0.703133 2 0.000000 0.000000 0 0.789395 0.703459 2
0 0.847656 0.696076 0.289062 0.014027 0.704688 0.689063 2 0.992188 0.689063 2 0.990625 0.703089 2 0.703125 0.698438 2
0 0.285156 0.735937 0.348437 0.006250 0.110937 0.735938 2 0.457813 0.732812 2 0.459375 0.739062 2 0.110937 0.735938 2
0 0.242969 0.739203 0.414062 0.006531 0.035937 0.735938 2 0.448437 0.738981 2 0.450000 0.742469 2 0.035937 0.735938 2
0 0.490625 0.743109 0.081250 0.001281 0.450000 0.742469 2 0.531250 0.743750 2 0.531250 0.743750 2 0.450000 0.743750 2
0 0.570769 0.713543 0.111588 0.002086 0.514975 0.714586 2 0.626563 0.712500 2 0.626563 0.712500 2 0.514975 0.714586 2
0 0.437393 0.671784 0.109898 0.000916 0.382444 0.672242 2 0.492342 0.671327 2 0.492342 0.671327 2 0.382444 0.672242 2
0 0.364214 0.675184 0.036459 0.005883 0.345984 0.672547 2 0.382444 0.672242 2 0.378723 0.677527 2 0.350000 0.678125 2
0 0.635938 0.694717 0.028125 0.011309 0.626563 0.695312 2 0.650000 0.689063 2 0.640253 0.700372 2 0.621875 0.700000 2
0 0.682031 0.694925 0.026563 0.011725 0.668750 0.689063 2 0.695312 0.689063 2 0.693750 0.700788 2 0.670312 0.700000 2
0 0.378013 0.687905 0.052905 0.002314 0.353875 0.686748 2 0.404466 0.689063 2 0.404466 0.689063 2 0.351561 0.689063 2
0 0.422545 0.690625 0.036159 0.003125 0.404466 0.689063 2 0.440625 0.692187 2 0.440625 0.692187 2 0.404466 0.689063 2
0 0.497656 0.686931 0.129688 0.004263 0.432812 0.684800 2 0.560937 0.686875 2 0.562500 0.689063 2 0.432812 0.687500 2
