0 0.503906 0.129688 0.198438 0.025000 0.404687 0.118750 2 0.603125 0.117188 2 0.603125 0.139063 2 0.406250 0.142187 2
0 0.504687 0.164062 0.196875 0.015625 0.407813 0.156250 2 0.603125 0.157812 2 0.603125 0.167187 2 0.406250 0.171875 2
0 0.512500 0.191406 0.293750 0.035938 0.368750 0.178125 2 0.659375 0.173437 2 0.657813 0.209375 2 0.365625 0.196875 2
0 0.510938 0.233594 0.290625 0.035938 0.365625 0.225000 2 0.656250 0.215625 2 0.651563 0.250000 2 0.365625 0.251563 2
0 0.503125 0.272656 0.287500 0.035938 0.362500 0.256250 2 0.646875 0.254688 2 0.643750 0.290625 2 0.359375 0.290625 2
0 0.500781 0.310937 0.285938 0.031250 0.359375 0.296875 2 0.643750 0.295312 2 0.643750 0.323437 2 0.357812 0.326562 2
0 0.501562 0.346875 0.287500 0.040625 0.362500 0.332813 2 0.645312 0.326562 2 0.643750 0.365625 2 0.357812 0.367188 2
0 0.498437 0.387500 0.281250 0.037500 0.357812 0.373437 2 0.639062 0.368750 2 0.639062 0.403125 2 0.357812 0.406250 2
0 0.500781 0.423438 0.282813 0.037500 0.362500 0.412500 2 0.642188 0.404687 2 0.642188 0.442188 2 0.359375 0.439063 2
0 0.435156 0.460788 0.089062 0.012202 0.393750 0.454688 2 0.478125 0.454688 2 0.479687 0.465888 2 0.390625 0.466889 2
0 0.498437 0.463281 0.218750 0.020313 0.390625 0.467347 2 0.607812 0.453125 2 0.604809 0.468630 2 0.389062 0.473438 2
0 0.560938 0.471875 0.087500 0.006250 0.517188 0.468750 2 0.604688 0.468750 2 0.603125 0.475000 2 0.520312 0.475000 2
0 0.628906 0.458594 0.026563 0.017187 0.615625 0.450000 2 0.642188 0.450000 2 0.642188 0.467187 2 0.615625 0.465625 2
0 0.498437 0.503906 0.284375 0.035937 0.356250 0.485938 2 0.640625 0.487500 2 0.640625 0.521875 2 0.356250 0.521875 2
0 0.504687 0.538281 0.275000 0.020313 0.367188 0.546875 2 0.642188 0.528125 2 0.640625 0.546875 2 0.367188 0.548438 2
0 0.514844 0.649219 0.442188 0.064063 0.293750 0.618750 2 0.735938 0.617188 2 0.732812 0.681250 2 0.295312 0.681250 2
0 0.514844 0.711719 0.435937 0.048438 0.298438 0.687500 2 0.732812 0.689063 2 0.728125 0.735938 2 0.296875 0.735938 2
0 0.514062 0.781250 0.437500 0.065625 0.295312 0.748437 2 0.732812 0.754687 2 0.731250 0.814063 2 0.295312 0.807813 2
0 0.513281 0.844531 0.432813 0.064063 0.296875 0.812500 2 0.729688 0.818750 2 0.729688 0.876563 2 0.310937 0.876563 2
0 0.515625 0.910937 0.425000 0.059375 0.304688 0.881250 2 0.728125 0.882812 2 0.723437 0.940625 2 0.303125 0.931250 2
