0 0.480469 0.056250 0.314062 0.040625 0.325000 0.035937 2 0.635938 0.037500 2 0.637500 0.075000 2 0.323437 0.076563 2
0 0.521875 0.116406 0.600000 0.079687 0.221875 0.087500 2 0.821875 0.076563 2 0.821875 0.156250 2 0.225000 0.154688 2
0 0.518750 0.203906 0.600000 0.073438 0.220312 0.168750 2 0.818750 0.167187 2 0.817187 0.239063 2 0.218750 0.240625 2
0 0.400781 0.267123 0.239062 0.009245 0.281250 0.268158 2 0.520312 0.262500 2 0.520312 0.262500 2 0.281250 0.271745 2
0 0.508594 0.285156 0.589063 0.073438 0.214062 0.248438 2 0.803125 0.278125 2 0.801562 0.317188 2 0.214062 0.321875 2
0 0.641561 0.263312 0.226994 0.004627 0.528064 0.260998 2 0.755058 0.261308 2 0.753125 0.265625 2 0.528125 0.264062 2
0 0.633004 0.251754 0.203508 0.016008 0.531250 0.243750 2 0.734375 0.257812 2 0.734758 0.259758 2 0.531914 0.255586 2
0 0.503125 0.358594 0.581250 0.064063 0.214062 0.331250 2 0.790625 0.326562 2 0.793750 0.385937 2 0.212500 0.390625 2
0 0.504687 0.439063 0.587500 0.078125 0.210938 0.403125 2 0.798438 0.400000 2 0.793750 0.473438 2 0.215625 0.478125 2
0 0.500781 0.521094 0.589063 0.076562 0.206250 0.490625 2 0.795312 0.482812 2 0.795312 0.551562 2 0.207813 0.559375 2
0 0.503906 0.596875 0.589063 0.081250 0.209375 0.568750 2 0.798438 0.556250 2 0.796875 0.632812 2 0.214062 0.637500 2
0 0.414479 0.653906 0.246042 0.001563 0.292187 0.653125 2 0.537500 0.653125 2 0.537500 0.654687 2 0.291458 0.653855 2
0 0.377098 0.682813 0.338572 0.059375 0.207813 0.653125 2 0.542188 0.684375 2 0.546384 0.699509 2 0.210938 0.712500 2
0 0.668750 0.674219 0.253125 0.070312 0.542188 0.653125 2 0.795312 0.639062 2 0.789062 0.709375 2 0.543750 0.660937 2
0 0.585156 0.709391 0.120312 0.003156 0.526563 0.709375 2 0.645312 0.707812 2 0.645312 0.709375 2 0.525000 0.710969 2
0 0.664120 0.699183 0.090697 0.001447 0.618772 0.698459 2 0.709469 0.699906 2 0.709469 0.699906 2 0.618772 0.698459 2
0 0.418857 0.668974 0.281464 0.000448 0.278125 0.668750 2 0.559589 0.669198 2 0.559589 0.669198 2 0.278125 0.668750 2
0 0.395313 0.678125 0.271875 0.009375 0.259375 0.673438 2 0.531250 0.680262 2 0.531250 0.682813 2 0.259375 0.673438 2
0 0.582459 0.680469 0.102417 0.007812 0.534375 0.676562 2 0.633667 0.684375 2 0.633667 0.684375 2 0.531250 0.680262 2
0 0.566504 0.673098 0.048633 0.004998 0.542188 0.670598 2 0.590820 0.675597 2 0.590820 0.675597 2 0.542188 0.675280 2
0 0.678552 0.688447 0.089770 0.008144 0.633667 0.684375 2 0.723437 0.684375 2 0.723106 0.692519 2 0.633667 0.684375 2
0 0.619214 0.695869 0.150928 0.002013 0.543750 0.694862 2 0.694678 0.696875 2 0.694678 0.696875 2 0.543750 0.696875 2
0 0.642969 0.750781 0.298438 0.076562 0.493750 0.718750 2 0.792188 0.712500 2 0.790625 0.789062 2 0.494455 0.787047 2
0 0.347456 0.755269 0.279288 0.063663 0.207813 0.723437 2 0.434375 0.723437 2 0.487100 0.787100 2 0.217188 0.785937 2
0 0.500781 0.832812 0.585938 0.062500 0.207813 0.814063 2 0.779687 0.801562 2 0.793750 0.864062 2 0.207813 0.857812 2
