0 0.517969 0.045312 0.748438 0.090625 0.000000 0.000000 0 0.000000 0.000000 0 0.892188 0.068750 2 0.143750 0.090625 2
0 0.524219 0.121875 0.751563 0.093750 0.150000 0.090625 2 0.892188 0.075000 2 0.900000 0.165625 2 0.148438 0.168750 2
0 0.518750 0.222656 0.768750 0.101562 0.139063 0.182812 2 0.900000 0.171875 2 0.903125 0.257812 2 0.134375 0.273438 2
0 0.518750 0.313281 0.768750 0.101562 0.134375 0.285938 2 0.903125 0.262500 2 0.898438 0.350000 2 0.139063 0.364063 2
0 0.514844 0.421875 0.785938 0.100000 0.129688 0.378125 2 0.907813 0.371875 2 0.904687 0.457813 2 0.121875 0.471875 2
0 0.516406 0.520312 0.804688 0.109375 0.121875 0.471875 2 0.914062 0.465625 2 0.918750 0.565625 2 0.114062 0.575000 2
0 0.514062 0.623437 0.815625 0.109375 0.112500 0.578125 2 0.918750 0.568750 2 0.921875 0.667188 2 0.106250 0.678125 2
0 0.514844 0.732031 0.823437 0.104688 0.106250 0.681250 2 0.925000 0.679688 2 0.926562 0.782813 2 0.103125 0.784375 2
0 0.514062 0.841406 0.840625 0.101562 0.100000 0.790625 2 0.929688 0.792188 2 0.934375 0.890625 2 0.093750 0.892188 2
0 0.515625 0.947656 0.850000 0.101562 0.095312 0.900000 2 0.932813 0.896875 2 0.000000 0.000000 0 0.000000 0.000000 0
