0 0.750000 0.175781 0.406250 0.045312 0.546875 0.153125 2 0.953125 0.153125 2 0.946875 0.198437 2 0.559375 0.195312 2
0 0.749219 0.227344 0.395313 0.045313 0.559375 0.204687 2 0.946875 0.204687 2 0.945312 0.250000 2 0.551562 0.246875 2
0 0.746875 0.281250 0.406250 0.046875 0.543750 0.264062 2 0.950000 0.257812 2 0.950000 0.304688 2 0.545312 0.304688 2
0 0.748438 0.334375 0.400000 0.040625 0.553125 0.315625 2 0.948438 0.314063 2 0.945312 0.353125 2 0.548438 0.354687 2
0 0.746094 0.386719 0.398438 0.048438 0.548438 0.365625 2 0.945312 0.362500 2 0.942187 0.409375 2 0.546875 0.410938 2
0 0.748438 0.438281 0.396875 0.048438 0.550000 0.423438 2 0.946875 0.414062 2 0.945312 0.460938 2 0.560937 0.462500 2
0 0.746875 0.491406 0.390625 0.048438 0.551562 0.475000 2 0.940625 0.467187 2 0.942187 0.509375 2 0.559375 0.515625 2
0 0.746875 0.542188 0.393750 0.043750 0.550000 0.525000 2 0.943750 0.520312 2 0.942187 0.560937 2 0.556250 0.564063 2
0 0.750000 0.593750 0.390625 0.050000 0.554688 0.576562 2 0.945312 0.568750 2 0.945312 0.607812 2 0.560937 0.618750 2
0 0.748437 0.647656 0.393750 0.035938 0.551562 0.629687 2 0.945312 0.629687 2 0.943750 0.665625 2 0.551562 0.662500 2
0 0.749219 0.697656 0.395313 0.048438 0.551562 0.681250 2 0.946875 0.673438 2 0.946875 0.698438 2 0.565625 0.721875 2
0 0.753125 0.749219 0.371875 0.045312 0.567187 0.740625 2 0.932813 0.726562 2 0.939063 0.768750 2 0.567187 0.771875 2
0 0.750000 0.805469 0.396875 0.048438 0.551562 0.787500 2 0.948438 0.781250 2 0.946875 0.823438 2 0.562500 0.829688 2
0 0.750781 0.860156 0.398438 0.048438 0.551562 0.837500 2 0.948438 0.835938 2 0.950000 0.873437 2 0.553125 0.884375 2
0 0.755469 0.909375 0.404687 0.059375 0.553125 0.892188 2 0.957812 0.879687 2 0.956250 0.928125 2 0.560937 0.939063 2
0 0.757812 0.966406 0.403125 0.064063 0.557813 0.942187 2 0.957812 0.934375 2 0.000000 0.000000 0 0.000000 0.000000 0
