0 0.311719 0.132031 0.351562 0.060938 0.135937 0.101562 2 0.487500 0.118750 2 0.487500 0.162500 2 0.142187 0.145313 2
0 0.313281 0.175781 0.351562 0.051563 0.139063 0.150000 2 0.489063 0.164062 2 0.487500 0.201563 2 0.137500 0.185938 2
0 0.311719 0.224219 0.354688 0.054688 0.134375 0.196875 2 0.489063 0.210938 2 0.485938 0.251563 2 0.137500 0.240625 2
0 0.311719 0.267188 0.348438 0.050000 0.139063 0.242188 2 0.485938 0.253125 2 0.484375 0.292187 2 0.137500 0.282813 2
0 0.311719 0.314063 0.345313 0.050000 0.139063 0.289062 2 0.484375 0.298438 2 0.481250 0.339062 2 0.142187 0.329688 2
0 0.313281 0.358594 0.342187 0.048438 0.143750 0.334375 2 0.484375 0.342187 2 0.482812 0.382812 2 0.142187 0.375000 2
0 0.313281 0.400000 0.342187 0.040625 0.143750 0.379688 2 0.484375 0.389062 2 0.481250 0.420312 2 0.142187 0.417187 2
0 0.311719 0.442188 0.335938 0.040625 0.148438 0.421875 2 0.479687 0.428125 2 0.478125 0.462500 2 0.143750 0.459375 2
0 0.312500 0.487500 0.331250 0.037500 0.146875 0.468750 2 0.478125 0.468750 2 0.478125 0.506250 2 0.146875 0.503125 2
0 0.312500 0.530469 0.331250 0.035938 0.151562 0.512500 2 0.478125 0.512500 2 0.476562 0.548438 2 0.146875 0.548438 2
0 0.311719 0.571875 0.332813 0.037500 0.145313 0.554688 2 0.478125 0.553125 2 0.473438 0.590625 2 0.145313 0.585938 2
0 0.311719 0.615625 0.329688 0.037500 0.151562 0.598437 2 0.476562 0.596875 2 0.475000 0.632812 2 0.146875 0.634375 2
0 0.311719 0.657031 0.332813 0.035938 0.146875 0.642188 2 0.478125 0.639062 2 0.475000 0.673438 2 0.145313 0.675000 2
0 0.312500 0.698438 0.331250 0.040625 0.148438 0.681250 2 0.478125 0.678125 2 0.475000 0.714063 2 0.146875 0.718750 2
0 0.311719 0.739844 0.332813 0.045312 0.146875 0.725000 2 0.478125 0.717187 2 0.476562 0.756250 2 0.145313 0.762500 2
0 0.310156 0.780469 0.326562 0.042187 0.146875 0.771875 2 0.473438 0.759375 2 0.470313 0.792188 2 0.151562 0.801562 2
0 0.311719 0.823438 0.326562 0.040625 0.148438 0.810937 2 0.473438 0.803125 2 0.475000 0.834375 2 0.148438 0.843750 2
0 0.311719 0.864062 0.332813 0.046875 0.145313 0.848437 2 0.478125 0.840625 2 0.475000 0.881250 2 0.146875 0.887500 2
0 0.696094 0.137500 0.382812 0.046875 0.504687 0.114062 2 0.887500 0.121875 2 0.882812 0.160938 2 0.504687 0.153125 2
0 0.693750 0.178125 0.381250 0.043750 0.504687 0.156250 2 0.884375 0.162500 2 0.881250 0.200000 2 0.503125 0.189062 2
0 0.689844 0.217969 0.379687 0.048437 0.503125 0.193750 2 0.879687 0.201563 2 0.873437 0.242188 2 0.500000 0.234375 2
0 0.678125 0.260938 0.331250 0.043750 0.512500 0.239063 2 0.843750 0.248438 2 0.840625 0.282813 2 0.514062 0.278125 2
0 0.683594 0.300781 0.370313 0.042188 0.498437 0.279687 2 0.868750 0.289062 2 0.859375 0.321875 2 0.498437 0.317188 2
0 0.681250 0.343750 0.368750 0.034375 0.496875 0.329688 2 0.865625 0.326562 2 0.862500 0.360938 2 0.496875 0.351562 2
0 0.681250 0.379688 0.371875 0.040625 0.501563 0.359375 2 0.867188 0.364063 2 0.865625 0.400000 2 0.495312 0.395313 2
0 0.677344 0.417188 0.373437 0.034375 0.492188 0.400000 2 0.864062 0.403125 2 0.857812 0.434375 2 0.490625 0.434375 2
0 0.673438 0.457031 0.362500 0.032813 0.493750 0.440625 2 0.851562 0.442188 2 0.854688 0.473438 2 0.492188 0.473438 2
0 0.675000 0.495312 0.365625 0.034375 0.492188 0.482812 2 0.857812 0.478125 2 0.856250 0.510938 2 0.493750 0.512500 2
0 0.676562 0.533594 0.362500 0.032813 0.495312 0.517188 2 0.857812 0.520312 2 0.856250 0.546875 2 0.495312 0.550000 2
0 0.675781 0.571094 0.360937 0.035938 0.496875 0.553125 2 0.854688 0.554688 2 0.856250 0.581250 2 0.495312 0.589063 2
0 0.675000 0.609375 0.362500 0.034375 0.493750 0.592187 2 0.856250 0.592187 2 0.851562 0.615625 2 0.495312 0.626563 2
0 0.671094 0.648438 0.360938 0.034375 0.490625 0.631250 2 0.851562 0.634375 2 0.848437 0.657813 2 0.495312 0.665625 2
0 0.672656 0.681250 0.357812 0.034375 0.493750 0.668750 2 0.851562 0.664062 2 0.851562 0.690625 2 0.493750 0.698438 2
0 0.672656 0.715625 0.360938 0.040625 0.493750 0.704688 2 0.853125 0.695312 2 0.850000 0.729688 2 0.492188 0.735938 2
0 0.669531 0.755469 0.360937 0.045312 0.489063 0.739062 2 0.850000 0.732812 2 0.848437 0.767188 2 0.489063 0.778125 2
0 0.668750 0.786719 0.359375 0.029687 0.490625 0.782813 2 0.848437 0.771875 2 0.845313 0.798438 2 0.489063 0.801562 2
0 0.666406 0.826562 0.357813 0.046875 0.489063 0.810937 2 0.842187 0.803125 2 0.845313 0.835938 2 0.487500 0.850000 2
0 0.665625 0.864062 0.359375 0.050000 0.485938 0.851562 2 0.845313 0.839063 2 0.842187 0.868750 2 0.487500 0.889062 2
