0 0.511719 0.096875 0.485937 0.059375 0.270313 0.067187 2 0.754687 0.082812 2 0.750000 0.126562 2 0.268750 0.107813 2
0 0.128906 0.102344 0.257812 0.064062 0.000000 0.000000 0 0.257812 0.087500 2 0.257812 0.134375 2 0.000000 0.000000 0
0 0.127344 0.161719 0.254688 0.051563 0.000000 0.000000 0 0.251563 0.139063 2 0.254688 0.187500 2 0.000000 0.000000 0
0 0.128125 0.214844 0.256250 0.064063 0.000000 0.000000 0 0.256250 0.195312 2 0.254688 0.246875 2 0.000000 0.000000 0
0 0.127344 0.270312 0.254688 0.050000 0.000000 0.000000 0 0.254688 0.251563 2 0.251563 0.295312 2 0.000000 0.000000 0
0 0.126562 0.325000 0.253125 0.056250 0.000000 0.000000 0 0.253125 0.304688 2 0.251563 0.353125 2 0.000000 0.000000 0
0 0.127344 0.378906 0.254688 0.054688 0.000000 0.000000 0 0.254688 0.357812 2 0.254688 0.406250 2 0.000000 0.000000 0
0 0.124219 0.432813 0.248438 0.043750 0.000000 0.000000 0 0.248438 0.412500 2 0.246875 0.454688 2 0.000000 0.000000 0
0 0.125000 0.487500 0.250000 0.043750 0.000000 0.000000 0 0.248438 0.467187 2 0.250000 0.509375 2 0.000000 0.000000 0
0 0.125781 0.535937 0.251563 0.043750 0.000000 0.000000 0 0.246875 0.514062 2 0.251563 0.557813 2 0.000000 0.000000 0
0 0.125781 0.589063 0.251563 0.046875 0.000000 0.000000 0 0.248438 0.567187 2 0.251563 0.612500 2 0.000000 0.000000 0
0 0.125781 0.643750 0.251563 0.043750 0.007812 0.621875 2 0.250000 0.623437 2 0.251563 0.659375 2 0.000000 0.000000 0
0 0.125781 0.699219 0.251563 0.039062 0.000000 0.000000 0 0.251563 0.679688 2 0.243750 0.717187 2 0.000000 0.000000 0
0 0.125781 0.748437 0.251563 0.046875 0.000000 0.000000 0 0.246875 0.725000 2 0.251563 0.764062 2 0.000000 0.000000 0
0 0.126562 0.800781 0.253125 0.045313 0.000000 0.000000 0 0.243750 0.778125 2 0.253125 0.818750 2 0.000000 0.000000 0
0 0.126562 0.852344 0.253125 0.054688 0.000000 0.000000 0 0.253125 0.825000 2 0.251563 0.873437 2 0.000000 0.000000 0
0 0.123438 0.903906 0.246875 0.045312 0.000000 0.000000 0 0.246875 0.881250 2 0.243750 0.917188 2 0.000000 0.000000 0
0 0.125781 0.960156 0.251563 0.032813 0.000000 0.000000 0 0.251563 0.953125 2 0.251563 0.973437 2 0.000000 0.000000 0
0 0.510938 0.148438 0.481250 0.053125 0.270313 0.121875 2 0.751563 0.131250 2 0.746875 0.175000 2 0.270313 0.165625 2
0 0.505469 0.198437 0.476562 0.053125 0.275000 0.171875 2 0.743750 0.178125 2 0.739062 0.225000 2 0.267188 0.220312 2
0 0.491406 0.253125 0.420312 0.056250 0.281250 0.225000 2 0.701562 0.232813 2 0.700000 0.281250 2 0.281250 0.275000 2
0 0.498437 0.302344 0.471875 0.045313 0.264062 0.279687 2 0.734375 0.289062 2 0.732812 0.325000 2 0.262500 0.325000 2
0 0.502344 0.354688 0.460938 0.043750 0.271875 0.342187 2 0.732812 0.332813 2 0.728125 0.376563 2 0.271875 0.368750 2
0 0.500781 0.403906 0.473438 0.045313 0.270313 0.381250 2 0.737500 0.381250 2 0.735938 0.426563 2 0.264062 0.418750 2
0 0.496875 0.450781 0.478125 0.045313 0.257812 0.428125 2 0.735938 0.431250 2 0.732812 0.473438 2 0.257812 0.473438 2
0 0.496875 0.499219 0.471875 0.042187 0.260937 0.478125 2 0.732812 0.479687 2 0.729688 0.518750 2 0.260937 0.520312 2
0 0.498437 0.546875 0.471875 0.043750 0.262500 0.528125 2 0.734375 0.525000 2 0.731250 0.568750 2 0.262500 0.567187 2
0 0.498437 0.592969 0.465625 0.035938 0.268750 0.576562 2 0.729688 0.575000 2 0.731250 0.610938 2 0.265625 0.610938 2
0 0.498437 0.642188 0.465625 0.050000 0.267188 0.623437 2 0.731250 0.617188 2 0.729688 0.657813 2 0.265625 0.667188 2
0 0.497656 0.687500 0.464063 0.043750 0.265625 0.673438 2 0.729688 0.665625 2 0.725000 0.701562 2 0.268750 0.709375 2
0 0.495312 0.735156 0.462500 0.051563 0.264062 0.717187 2 0.726562 0.709375 2 0.723437 0.750000 2 0.265625 0.760938 2
0 0.497656 0.779688 0.460938 0.056250 0.268750 0.767188 2 0.728125 0.751563 2 0.725000 0.795312 2 0.267188 0.807813 2
0 0.496094 0.827344 0.467188 0.057812 0.267188 0.814063 2 0.729688 0.798438 2 0.728125 0.842187 2 0.262500 0.856250 2
0 0.494531 0.878125 0.464062 0.059375 0.262500 0.862500 2 0.726562 0.848437 2 0.723437 0.890625 2 0.262500 0.907813 2
0 0.494531 0.913281 0.457812 0.035938 0.268750 0.912500 2 0.723437 0.895312 2 0.721875 0.931250 2 0.265625 0.923438 2
0 0.492969 0.967187 0.464062 0.062500 0.262500 0.951562 2 0.725000 0.935937 2 0.000000 0.000000 0 0.000000 0.000000 0
