0 0.515625 0.078906 0.787500 0.092188 0.125000 0.040625 2 0.909375 0.032813 2 0.904687 0.112500 2 0.121875 0.125000 2
0 0.513281 0.173438 0.785937 0.084375 0.126562 0.131250 2 0.906250 0.131250 2 0.904687 0.210938 2 0.120313 0.215625 2
0 0.515625 0.271875 0.815625 0.090625 0.114062 0.226562 2 0.917188 0.226562 2 0.923438 0.317188 2 0.107813 0.317188 2
0 0.516406 0.373437 0.823437 0.096875 0.106250 0.326562 2 0.925000 0.325000 2 0.928125 0.418750 2 0.104688 0.421875 2
0 0.514062 0.480469 0.831250 0.107813 0.103125 0.432812 2 0.925000 0.426563 2 0.929688 0.529687 2 0.098437 0.534375 2
0 0.518750 0.589063 0.846875 0.100000 0.098437 0.540625 2 0.937500 0.539062 2 0.942187 0.639062 2 0.095312 0.639062 2
0 0.443184 0.968879 0.274742 0.001992 0.305812 0.969875 2 0.580555 0.967883 2 0.580555 0.967883 2 0.305812 0.969875 2
0 0.517969 0.703906 0.851562 0.110938 0.098437 0.648438 2 0.939063 0.650000 2 0.943750 0.753125 2 0.092188 0.759375 2
0 0.410156 0.956777 0.339063 0.002070 0.240625 0.957812 2 0.579180 0.955742 2 0.579688 0.957812 2 0.240625 0.957812 2
0 0.517969 0.810156 0.870313 0.110938 0.090625 0.754687 2 0.946875 0.760938 2 0.953125 0.864062 2 0.082812 0.865625 2
0 0.517969 0.935937 0.898438 0.125000 0.078125 0.875000 2 0.964063 0.873437 2 0.000000 0.000000 0 0.000000 0.000000 0
