0 0.642969 0.160156 0.573438 0.067188 0.359375 0.126562 2 0.928125 0.134375 2 0.929688 0.193750 2 0.356250 0.189062 2
0 0.639844 0.234375 0.573437 0.065625 0.357812 0.201563 2 0.923438 0.201563 2 0.926562 0.267188 2 0.353125 0.260937 2
0 0.641406 0.310156 0.579688 0.070312 0.351562 0.275000 2 0.931250 0.278125 2 0.925000 0.345313 2 0.356250 0.340625 2
0 0.639062 0.386719 0.581250 0.073438 0.348438 0.350000 2 0.929688 0.356250 2 0.926562 0.418750 2 0.348438 0.423438 2
0 0.639844 0.463281 0.582812 0.076563 0.350000 0.425000 2 0.931250 0.429688 2 0.931250 0.501563 2 0.348438 0.501563 2
0 0.641406 0.535937 0.582813 0.075000 0.350000 0.498437 2 0.932813 0.507812 2 0.929688 0.570312 2 0.350000 0.573438 2
0 0.650000 0.610938 0.587500 0.075000 0.356250 0.573438 2 0.940625 0.576562 2 0.943750 0.648438 2 0.356250 0.642188 2
0 0.653125 0.690625 0.596875 0.081250 0.356250 0.650000 2 0.951562 0.653125 2 0.950000 0.731250 2 0.354687 0.723437 2
0 0.648438 0.769531 0.596875 0.076563 0.351562 0.731250 2 0.946875 0.734375 2 0.945312 0.807813 2 0.350000 0.803125 2
0 0.650781 0.849219 0.598437 0.076562 0.351562 0.812500 2 0.948438 0.810937 2 0.950000 0.887500 2 0.351562 0.882812 2
0 0.655469 0.929688 0.604687 0.071875 0.353125 0.895312 2 0.954688 0.893750 2 0.957812 0.965625 2 0.353125 0.959375 2
0 0.659375 0.982812 0.618750 0.031250 0.353125 0.967187 2 0.967187 0.967187 2 0.000000 0.000000 0 0.000000 0.000000 0
