0 0.107813 0.104687 0.215625 0.059375 0.000000 0.000000 0 0.215625 0.092188 2 0.214062 0.134375 2 0.000000 0.000000 0
0 0.106250 0.162500 0.212500 0.053125 0.000000 0.000000 0 0.212500 0.145313 2 0.207813 0.189062 2 0.000000 0.000000 0
0 0.104688 0.214844 0.209375 0.048438 0.000000 0.000000 0 0.207813 0.196875 2 0.209375 0.239063 2 0.000000 0.000000 0
0 0.102344 0.274219 0.204687 0.054688 0.000000 0.000000 0 0.204687 0.253125 2 0.204687 0.301563 2 0.000000 0.000000 0
0 0.106250 0.328906 0.212500 0.054688 0.000000 0.000000 0 0.212500 0.310937 2 0.204687 0.356250 2 0.000000 0.000000 0
0 0.481250 0.114844 0.415625 0.057812 0.273438 0.085938 2 0.689063 0.100000 2 0.687500 0.143750 2 0.275000 0.134375 2
0 0.483594 0.175000 0.410938 0.059375 0.293750 0.145313 2 0.689063 0.156250 2 0.685937 0.204687 2 0.278125 0.185938 2
0 0.480469 0.228125 0.417188 0.065625 0.275000 0.195312 2 0.689063 0.209375 2 0.684375 0.260937 2 0.271875 0.248438 2
0 0.478125 0.282031 0.412500 0.054688 0.273438 0.254688 2 0.684375 0.264062 2 0.681250 0.309375 2 0.271875 0.301563 2
0 0.473438 0.335938 0.403125 0.050000 0.273438 0.310937 2 0.675000 0.317188 2 0.670312 0.360938 2 0.271875 0.351562 2
0 0.471094 0.387500 0.407813 0.050000 0.270313 0.362500 2 0.675000 0.367188 2 0.670312 0.412500 2 0.267188 0.406250 2
0 0.471094 0.441406 0.401562 0.048438 0.270313 0.417187 2 0.671875 0.423438 2 0.671875 0.465625 2 0.270313 0.462500 2
0 0.467969 0.496875 0.407813 0.050000 0.264062 0.471875 2 0.671875 0.478125 2 0.670312 0.521875 2 0.264062 0.515625 2
0 0.466406 0.547656 0.410938 0.054688 0.262500 0.520312 2 0.671875 0.531250 2 0.668750 0.575000 2 0.260937 0.568750 2
0 0.465625 0.603125 0.412500 0.056250 0.259375 0.575000 2 0.671875 0.579688 2 0.665625 0.631250 2 0.260937 0.626563 2
0 0.463281 0.653125 0.401562 0.043750 0.262500 0.631250 2 0.664062 0.637500 2 0.659375 0.675000 2 0.262500 0.675000 2
0 0.460156 0.705469 0.398438 0.051562 0.262500 0.679688 2 0.659375 0.684375 2 0.648438 0.731250 2 0.260937 0.728125 2
0 0.456250 0.753906 0.396875 0.045313 0.259375 0.731250 2 0.654687 0.739062 2 0.650000 0.776563 2 0.257812 0.776563 2
0 0.459375 0.807813 0.393750 0.043750 0.262500 0.785937 2 0.656250 0.790625 2 0.650000 0.828125 2 0.262500 0.829688 2
0 0.458594 0.859375 0.398438 0.046875 0.260937 0.835938 2 0.657813 0.835938 2 0.650000 0.882812 2 0.259375 0.882812 2
0 0.453906 0.907031 0.382812 0.045312 0.262500 0.884375 2 0.643750 0.887500 2 0.645312 0.926562 2 0.262500 0.929688 2
0 0.452344 0.966406 0.398438 0.064063 0.259375 0.934375 2 0.650000 0.937500 2 0.651563 0.985938 2 0.000000 0.000000 0
0 0.102344 0.385937 0.204687 0.046875 0.000000 0.000000 0 0.204687 0.365625 2 0.204687 0.409375 2 0.000000 0.000000 0
0 0.107031 0.436719 0.214062 0.048438 0.000000 0.000000 0 0.214062 0.415625 2 0.212500 0.460938 2 0.000000 0.000000 0
0 0.114844 0.492188 0.229687 0.053125 0.000000 0.000000 0 0.229687 0.470313 2 0.223438 0.518750 2 0.000000 0.000000 0
0 0.110937 0.544531 0.221875 0.048438 0.000000 0.000000 0 0.221875 0.521875 2 0.220312 0.565625 2 0.000000 0.000000 0
0 0.107031 0.597656 0.214062 0.045313 0.000000 0.000000 0 0.214062 0.576562 2 0.201563 0.620313 2 0.000000 0.000000 0
0 0.110156 0.649219 0.220312 0.045312 0.000000 0.000000 0 0.214062 0.629687 2 0.220312 0.668750 2 0.000000 0.000000 0
0 0.112500 0.703125 0.225000 0.053125 0.000000 0.000000 0 0.225000 0.676562 2 0.221875 0.728125 2 0.000000 0.000000 0
0 0.109375 0.756250 0.218750 0.043750 0.000000 0.000000 0 0.218750 0.739062 2 0.214062 0.776563 2 0.000000 0.000000 0
0 0.109375 0.807813 0.218750 0.043750 0.000000 0.000000 0 0.215625 0.787500 2 0.218750 0.829688 2 0.000000 0.000000 0
0 0.107031 0.862500 0.214062 0.043750 0.000000 0.000000 0 0.214062 0.840625 2 0.212500 0.882812 2 0.000000 0.000000 0
0 0.107813 0.913281 0.215625 0.042187 0.000000 0.000000 0 0.215625 0.910937 2 0.212500 0.931250 2 0.000000 0.000000 0
0 0.114844 0.967969 0.229687 0.060937 0.000000 0.000000 0 0.225000 0.937500 2 0.000000 0.000000 0 0.000000 0.000000 0
0 0.843750 0.364844 0.309375 0.039062 0.689063 0.345313 2 0.000000 0.000000 0 0.000000 0.000000 0 0.689063 0.384375 2
0 0.845312 0.413281 0.306250 0.045312 0.695312 0.395313 2 0.000000 0.000000 0 0.000000 0.000000 0 0.692187 0.435937 2
0 0.845312 0.461719 0.306250 0.039062 0.695312 0.453125 2 0.000000 0.000000 0 0.000000 0.000000 0 0.692187 0.481250 2
0 0.842187 0.505469 0.312500 0.042188 0.689063 0.485938 2 0.000000 0.000000 0 0.000000 0.000000 0 0.685937 0.525000 2
0 0.842187 0.553125 0.312500 0.040625 0.685937 0.535937 2 0.000000 0.000000 0 0.000000 0.000000 0 0.685937 0.571875 2
0 0.842187 0.601562 0.312500 0.043750 0.685937 0.582812 2 0.000000 0.000000 0 0.000000 0.000000 0 0.685937 0.621875 2
0 0.842187 0.648438 0.312500 0.037500 0.692187 0.629687 2 0.000000 0.000000 0 0.000000 0.000000 0 0.685937 0.665625 2
0 0.845312 0.695312 0.306250 0.037500 0.693750 0.676562 2 0.000000 0.000000 0 0.000000 0.000000 0 0.692187 0.714063 2
