0 0.497656 0.390625 0.470312 0.065625 0.262500 0.357812 2 0.729688 0.371875 2 0.732812 0.423438 2 0.262500 0.407813 2
0 0.496875 0.448438 0.478125 0.065625 0.262500 0.415625 2 0.734375 0.428125 2 0.735938 0.481250 2 0.257812 0.465625 2
0 0.492969 0.510156 0.492187 0.073437 0.254688 0.473438 2 0.735938 0.487500 2 0.739062 0.546875 2 0.246875 0.534375 2
0 0.489844 0.571875 0.498437 0.062500 0.246875 0.540625 2 0.739062 0.551562 2 0.737500 0.603125 2 0.240625 0.592187 2
0 0.484375 0.639062 0.496875 0.065625 0.240625 0.606250 2 0.732812 0.614062 2 0.729688 0.671875 2 0.235937 0.657813 2
0 0.480469 0.704687 0.517187 0.071875 0.235937 0.668750 2 0.735938 0.678125 2 0.739062 0.740625 2 0.221875 0.729688 2
0 0.477344 0.776563 0.523438 0.075000 0.221875 0.739062 2 0.739062 0.746875 2 0.739062 0.814063 2 0.215625 0.796875 2
0 0.475000 0.849219 0.537500 0.082812 0.212500 0.807813 2 0.743750 0.820312 2 0.742188 0.890625 2 0.206250 0.873437 2
0 0.471094 0.922656 0.551562 0.079688 0.200000 0.882812 2 0.746875 0.895312 2 0.746875 0.962500 2 0.195312 0.954688 2
0 0.467969 0.977344 0.567187 0.042187 0.192188 0.956250 2 0.750000 0.965625 2 0.000000 0.000000 0 0.000000 0.000000 0
0 0.873437 0.674219 0.250000 0.054688 0.748437 0.648438 2 0.000000 0.000000 0 0.000000 0.000000 0 0.751563 0.701562 2
0 0.875000 0.735156 0.246875 0.048438 0.751563 0.710938 2 0.000000 0.000000 0 0.000000 0.000000 0 0.759375 0.759375 2
0 0.875781 0.797656 0.245312 0.060937 0.753125 0.767188 2 0.000000 0.000000 0 0.000000 0.000000 0 0.757812 0.825000 2
0 0.878906 0.863281 0.239062 0.067187 0.759375 0.829688 2 0.000000 0.000000 0 0.000000 0.000000 0 0.764062 0.892188 2
0 0.881250 0.932031 0.234375 0.067187 0.764062 0.898438 2 0.000000 0.000000 0 0.000000 0.000000 0 0.764062 0.959375 2
