0 0.524219 0.264844 0.207813 0.023438 0.420312 0.253125 2 0.628125 0.259375 2 0.626563 0.276562 2 0.420312 0.267188 2
0 0.522656 0.307031 0.207813 0.026562 0.418750 0.296875 2 0.626563 0.293750 2 0.625000 0.320312 2 0.418750 0.317188 2
0 0.523438 0.335156 0.206250 0.029687 0.420312 0.320312 2 0.626563 0.325000 2 0.623437 0.350000 2 0.420312 0.348438 2
0 0.558594 0.372656 0.323438 0.042187 0.398438 0.351562 2 0.720313 0.356250 2 0.718750 0.393750 2 0.396875 0.384375 2
0 0.552344 0.417188 0.326562 0.043750 0.395313 0.395313 2 0.715625 0.396875 2 0.710938 0.439063 2 0.389062 0.439063 2
0 0.546875 0.460938 0.318750 0.034375 0.389062 0.446875 2 0.706250 0.443750 2 0.703125 0.478125 2 0.387500 0.473438 2
0 0.543750 0.498438 0.315625 0.040625 0.385937 0.478125 2 0.701562 0.484375 2 0.700000 0.518750 2 0.385937 0.514062 2
0 0.541406 0.542188 0.317187 0.040625 0.384375 0.528125 2 0.700000 0.521875 2 0.696875 0.562500 2 0.382812 0.556250 2
0 0.539062 0.583594 0.318750 0.042188 0.379688 0.562500 2 0.698438 0.568750 2 0.695312 0.604688 2 0.379688 0.600000 2
0 0.612500 0.625781 0.168750 0.032813 0.528125 0.614062 2 0.696875 0.609375 2 0.692187 0.642188 2 0.528125 0.615625 2
0 0.460156 0.619531 0.151562 0.026563 0.385937 0.606250 2 0.535937 0.621875 2 0.535937 0.621875 2 0.384375 0.632812 2
0 0.538281 0.670313 0.317188 0.040625 0.381250 0.656250 2 0.696875 0.650000 2 0.693750 0.678125 2 0.379688 0.690625 2
0 0.550000 0.707812 0.275000 0.021875 0.412500 0.700000 2 0.687500 0.696875 2 0.687500 0.696875 2 0.414062 0.718750 2
0 0.389062 0.707031 0.006250 0.001562 0.387500 0.706250 2 0.392188 0.707812 2 0.392188 0.707812 2 0.385937 0.707812 2
0 0.534375 0.752344 0.315625 0.029687 0.378125 0.746875 2 0.692187 0.737500 2 0.692187 0.767188 2 0.376563 0.767188 2
