0 0.502344 0.459375 0.992188 0.109375 0.009375 0.404687 2 0.000000 0.000000 0 0.000000 0.000000 0 0.000000 0.000000 0
0 0.686719 0.665625 0.389062 0.106250 0.521875 0.612500 2 0.881250 0.618750 2 0.845313 0.718750 2 0.492188 0.715625 2
0 0.251563 0.658594 0.468750 0.101562 0.017188 0.607812 2 0.485938 0.615625 2 0.462500 0.685937 2 0.051562 0.709375 2
0 0.371094 0.792188 0.445312 0.043750 0.148438 0.770312 2 0.593750 0.814063 2 0.593750 0.814063 2 0.148438 0.770312 2
0 0.557813 0.752468 0.134375 0.001811 0.490625 0.751563 2 0.625000 0.751563 2 0.625000 0.752567 2 0.490625 0.753373 2
0 0.632031 0.759054 0.014062 0.013142 0.625000 0.752567 2 0.639062 0.752483 2 0.637500 0.765625 2 0.625000 0.764062 2
0 0.710938 0.770312 0.143750 0.037500 0.639062 0.751563 2 0.782813 0.752902 2 0.778125 0.789062 2 0.639062 0.752483 2
0 0.463281 0.770312 0.742188 0.093750 0.092188 0.725000 2 0.834375 0.723437 2 0.832812 0.817187 2 0.093750 0.810937 2
0 0.331250 0.753125 0.150000 0.003125 0.257812 0.751563 2 0.406250 0.751563 2 0.404687 0.753461 2 0.256250 0.754687 2
0 0.365508 0.755500 0.109609 0.003409 0.310703 0.754453 2 0.420312 0.753795 2 0.419358 0.757205 2 0.310703 0.754453 2
0 0.439063 0.752679 0.037500 0.002233 0.420312 0.751563 2 0.457813 0.751563 2 0.457813 0.753570 2 0.420312 0.753795 2
0 0.194531 0.756570 0.045313 0.019389 0.176563 0.746875 2 0.217188 0.751563 2 0.215625 0.766264 2 0.171875 0.764062 2
0 0.338750 0.813594 0.033750 0.000938 0.321875 0.814063 2 0.355625 0.813125 2 0.355625 0.813125 2 0.321875 0.814063 2
0 0.420313 0.867969 0.775000 0.098438 0.045312 0.818750 2 0.806250 0.818750 2 0.807813 0.895312 2 0.032813 0.917188 2
0 0.450000 0.950781 0.687500 0.095313 0.106250 0.920312 2 0.789062 0.903125 2 0.000000 0.000000 0 0.000000 0.000000 0
