0 0.504687 0.328125 0.553125 0.065625 0.229687 0.310937 2 0.776563 0.295312 2 0.781250 0.353125 2 0.228125 0.360938 2
0 0.512500 0.395313 0.575000 0.071875 0.231250 0.367188 2 0.792188 0.359375 2 0.800000 0.423438 2 0.225000 0.431250 2
0 0.517188 0.467969 0.590625 0.076562 0.226562 0.439063 2 0.803125 0.429688 2 0.812500 0.496875 2 0.221875 0.506250 2
0 0.467187 0.544531 0.490625 0.064063 0.229687 0.512500 2 0.712500 0.528494 2 0.712500 0.560937 2 0.221875 0.576562 2
0 0.576787 0.520037 0.271427 0.015073 0.441073 0.515177 2 0.710938 0.512500 2 0.712500 0.527573 2 0.441073 0.515177 2
0 0.766406 0.536719 0.095313 0.060937 0.720313 0.507812 2 0.810937 0.506250 2 0.814063 0.567187 2 0.718750 0.559375 2
0 0.517188 0.617188 0.603125 0.081250 0.220312 0.590625 2 0.814063 0.576562 2 0.818750 0.650000 2 0.215625 0.657813 2
0 0.514062 0.700781 0.612500 0.079688 0.212500 0.668750 2 0.820312 0.660937 2 0.820312 0.729688 2 0.207813 0.740625 2
0 0.514844 0.782031 0.629687 0.092187 0.204687 0.748437 2 0.821875 0.735938 2 0.829688 0.815625 2 0.200000 0.828125 2
0 0.523438 0.867969 0.643750 0.092187 0.207813 0.834375 2 0.839063 0.821875 2 0.845313 0.900000 2 0.201563 0.914062 2
0 0.521094 0.952344 0.654687 0.092187 0.200000 0.920312 2 0.840625 0.906250 2 0.848437 0.992188 2 0.000000 0.000000 0
