0 0.490625 0.053125 0.618750 0.096875 0.000000 0.000000 0 0.798438 0.020313 2 0.800000 0.101562 2 0.182812 0.089063 2
0 0.493750 0.137500 0.612500 0.087500 0.187500 0.093750 2 0.800000 0.109375 2 0.793750 0.181250 2 0.189062 0.165625 2
0 0.489063 0.219531 0.603125 0.085938 0.190625 0.176563 2 0.790625 0.187500 2 0.789062 0.262500 2 0.187500 0.248438 2
0 0.483594 0.296875 0.598437 0.081250 0.184375 0.256250 2 0.782813 0.268750 2 0.781250 0.337500 2 0.185938 0.329688 2
0 0.483594 0.374219 0.595313 0.070312 0.185938 0.339062 2 0.781250 0.350000 2 0.762500 0.409375 2 0.187500 0.407813 2
0 0.487500 0.452344 0.590625 0.076562 0.193750 0.414062 2 0.782813 0.414062 2 0.779687 0.490625 2 0.192188 0.489063 2
0 0.485156 0.528906 0.589063 0.073438 0.190625 0.492188 2 0.779687 0.496875 2 0.776563 0.564063 2 0.192188 0.565625 2
0 0.483594 0.607031 0.582812 0.070312 0.192188 0.571875 2 0.775000 0.575000 2 0.768750 0.637500 2 0.193750 0.642188 2
0 0.486719 0.680469 0.579688 0.079688 0.196875 0.648438 2 0.776563 0.640625 2 0.775000 0.707812 2 0.198437 0.720313 2
0 0.484375 0.750000 0.571875 0.065625 0.198437 0.728125 2 0.770312 0.717187 2 0.765625 0.782813 2 0.200000 0.782813 2
0 0.484375 0.823438 0.568750 0.071875 0.200000 0.793750 2 0.768750 0.787500 2 0.768750 0.842187 2 0.204687 0.859375 2
0 0.489844 0.890625 0.564062 0.081250 0.207813 0.865625 2 0.771875 0.850000 2 0.768750 0.910937 2 0.220312 0.931250 2
0 0.495313 0.961719 0.559375 0.073437 0.215625 0.943750 2 0.775000 0.925000 2 0.000000 0.000000 0 0.000000 0.000000 0
