0 0.512500 0.242969 0.640625 0.092188 0.200000 0.196875 2 0.829688 0.229687 2 0.832812 0.289062 2 0.192188 0.234375 2
0 0.373024 0.392021 0.134733 0.002989 0.306152 0.390527 2 0.440391 0.393516 2 0.440391 0.393516 2 0.305658 0.392781 2
0 0.791406 0.275000 0.039062 0.009375 0.771875 0.270313 2 0.809375 0.271631 2 0.810937 0.279687 2 0.771875 0.271875 2
0 0.220313 0.620313 0.062500 0.012500 0.189062 0.626563 2 0.250000 0.614062 2 0.251563 0.618750 2 0.189062 0.626563 2
0 0.432812 0.597516 0.331250 0.004408 0.267188 0.595313 2 0.598437 0.596875 2 0.598158 0.599720 2 0.267188 0.595313 2
0 0.709573 0.612959 0.087897 0.004044 0.665625 0.610938 2 0.753125 0.614062 2 0.753522 0.614459 2 0.668106 0.614981 2
0 0.613281 0.625312 0.057813 0.006875 0.584375 0.621875 2 0.642188 0.626563 2 0.642188 0.628750 2 0.590625 0.628125 2
0 0.254788 0.384920 0.102923 0.014133 0.215897 0.377853 2 0.306250 0.381961 2 0.306152 0.390527 2 0.203327 0.391986 2
0 0.238091 0.394548 0.069864 0.004653 0.203159 0.392222 2 0.273023 0.392603 2 0.270313 0.396875 2 0.203159 0.392222 2
0 0.455469 0.405469 0.057812 0.004688 0.426563 0.403125 2 0.482812 0.404687 2 0.484375 0.407813 2 0.426563 0.403125 2
0 0.525781 0.406250 0.082812 0.006250 0.484375 0.407813 2 0.567187 0.403125 2 0.564063 0.407813 2 0.484375 0.409375 2
0 0.648438 0.397005 0.243750 0.005991 0.530991 0.394009 2 0.770312 0.395313 2 0.770312 0.395313 2 0.526563 0.400000 2
0 0.676095 0.328983 0.329061 0.129841 0.537820 0.317452 2 0.831250 0.264062 2 0.840625 0.376563 2 0.511564 0.393903 2
0 0.700000 0.274219 0.137500 0.007812 0.631250 0.270313 2 0.768750 0.270313 2 0.764062 0.278125 2 0.631250 0.270313 2
0 0.623217 0.266541 0.250441 0.008081 0.497997 0.263950 2 0.748437 0.262500 2 0.748437 0.262500 2 0.503125 0.270581 2
0 0.361879 0.318327 0.351883 0.085222 0.192188 0.276562 2 0.507095 0.275716 2 0.537820 0.317452 2 0.185938 0.360938 2
0 0.202537 0.374026 0.030075 0.005073 0.187500 0.376563 2 0.217575 0.371489 2 0.217188 0.376563 2 0.187500 0.376563 2
0 0.240248 0.517745 0.013977 0.004241 0.234375 0.515625 2 0.243750 0.515625 2 0.247236 0.519111 2 0.233259 0.519866 2
0 0.240625 0.521094 0.015625 0.001563 0.232813 0.520312 2 0.248438 0.520312 2 0.248438 0.521875 2 0.232813 0.521875 2
0 0.318232 0.518878 0.082173 0.005881 0.277145 0.517494 2 0.359063 0.515937 2 0.359319 0.521819 2 0.277145 0.517494 2
0 0.417646 0.524265 0.357167 0.007720 0.239063 0.528125 2 0.595406 0.520405 2 0.596230 0.521230 2 0.239063 0.528125 2
0 0.522656 0.534375 0.176563 0.003125 0.434375 0.535047 2 0.610938 0.532813 2 0.610938 0.532813 2 0.434375 0.535937 2
0 0.513387 0.507707 0.045100 0.006039 0.492188 0.509375 2 0.535937 0.504687 2 0.535937 0.504687 2 0.490838 0.510727 2
0 0.428750 0.509531 0.139375 0.012812 0.359375 0.515625 2 0.498437 0.503125 2 0.498437 0.503453 2 0.359063 0.515937 2
0 0.320000 0.600781 0.061875 0.004688 0.289062 0.598437 2 0.350202 0.601284 2 0.350938 0.603125 2 0.290625 0.603125 2
0 0.355156 0.607021 0.008437 0.007792 0.350938 0.603125 2 0.359375 0.603125 2 0.359375 0.610802 2 0.354055 0.610917 2
0 0.331411 0.612120 0.047197 0.002366 0.307812 0.610938 2 0.354063 0.610938 2 0.355009 0.613303 2 0.307812 0.610938 2
0 0.277491 0.611573 0.026277 0.004395 0.267188 0.609375 2 0.290630 0.610938 2 0.290630 0.610938 2 0.264353 0.613770 2
0 0.242132 0.611658 0.021520 0.004566 0.234375 0.609375 2 0.251563 0.610938 2 0.252892 0.613830 2 0.231372 0.613941 2
0 0.259502 0.628253 0.049745 0.002869 0.234630 0.626819 2 0.284375 0.629687 2 0.284375 0.629687 2 0.234630 0.626819 2
0 0.306509 0.628385 0.049481 0.002605 0.281769 0.627083 2 0.329688 0.627350 2 0.331250 0.629687 2 0.281769 0.627083 2
0 0.347660 0.628909 0.029680 0.001556 0.332820 0.628131 2 0.361067 0.628253 2 0.362500 0.629687 2 0.334375 0.629687 2
0 0.450781 0.634375 0.057812 0.009375 0.421875 0.629687 2 0.479687 0.637500 2 0.479687 0.637500 2 0.425000 0.639062 2
0 0.656250 0.654687 0.353125 0.034375 0.479687 0.637500 2 0.832812 0.660937 2 0.832812 0.660937 2 0.487500 0.671875 2
0 0.538281 0.673003 0.020313 0.002256 0.529687 0.671875 2 0.548438 0.673438 2 0.548438 0.673681 2 0.528125 0.674131 2
0 0.662447 0.671147 0.215731 0.004794 0.554581 0.673544 2 0.770312 0.668750 2 0.770312 0.668750 2 0.554581 0.673544 2
0 0.664274 0.646663 0.212077 0.002702 0.559375 0.646875 2 0.770312 0.645312 2 0.770312 0.645312 2 0.558236 0.648014 2
0 0.630469 0.640105 0.139062 0.005209 0.560937 0.637500 2 0.700000 0.637500 2 0.700000 0.637500 2 0.563542 0.642709 2
0 0.583059 0.634910 0.016117 0.005180 0.577813 0.632500 2 0.591117 0.632320 2 0.591117 0.632320 2 0.575000 0.637500 2
0 0.616652 0.631004 0.051070 0.002633 0.592187 0.629687 2 0.642188 0.629687 2 0.642188 0.631630 2 0.591117 0.632320 2
0 0.789844 0.628906 0.039062 0.001562 0.770312 0.628125 2 0.809375 0.629687 2 0.809375 0.629687 2 0.770312 0.628125 2
0 0.718491 0.626563 0.086981 0.000000 0.675000 0.626563 2 0.761981 0.626563 2 0.761981 0.626563 2 0.675000 0.626563 2
0 0.479546 0.608513 0.212217 0.004527 0.373437 0.610497 2 0.584375 0.606250 2 0.585655 0.609092 2 0.373437 0.610777 2
0 0.646094 0.604538 0.132812 0.002827 0.579688 0.603125 2 0.712500 0.603125 2 0.712500 0.603125 2 0.582512 0.605952 2
0 0.614062 0.598292 0.031250 0.002834 0.598437 0.596875 2 0.629687 0.596875 2 0.629687 0.596875 2 0.600000 0.599709 2
0 0.705674 0.597862 0.061348 0.001973 0.675000 0.596875 2 0.736156 0.598655 2 0.736348 0.598848 2 0.675000 0.598437 2
0 0.652344 0.597656 0.045313 0.001562 0.629687 0.596875 2 0.675000 0.598437 2 0.675000 0.598437 2 0.629687 0.596875 2
0 0.497916 0.578645 0.029167 0.007291 0.484375 0.578125 2 0.512500 0.575000 2 0.510714 0.580581 2 0.483333 0.582291 2
0 0.482031 0.425781 0.023438 0.004687 0.470313 0.423438 2 0.493750 0.423438 2 0.490625 0.428125 2 0.471875 0.428125 2
0 0.489844 0.551562 0.007812 0.009375 0.485938 0.546875 2 0.493750 0.546875 2 0.493750 0.556250 2 0.485938 0.554688 2
0 0.504687 0.690039 0.031250 0.007422 0.489063 0.692187 2 0.518359 0.686328 2 0.520312 0.693750 2 0.489063 0.692187 2
0 0.285444 0.616406 0.052137 0.001563 0.259375 0.617188 2 0.310937 0.615625 2 0.311512 0.616202 2 0.259375 0.617188 2
0 0.296875 0.621875 0.100000 0.000000 0.246875 0.621875 2 0.346875 0.621875 2 0.346875 0.621875 2 0.246875 0.621875 2
0 0.510156 0.629418 0.117188 0.000539 0.451562 0.629687 2 0.568750 0.629148 2 0.568750 0.629687 2 0.451562 0.629687 2
0 0.667969 0.625413 0.020312 0.007077 0.659375 0.623437 2 0.678125 0.621875 2 0.678125 0.628952 2 0.657813 0.626563 2
0 0.636719 0.620872 0.051562 0.002006 0.610938 0.619869 2 0.662500 0.621875 2 0.662500 0.621875 2 0.610938 0.620313 2
0 0.678442 0.619180 0.041259 0.000861 0.657813 0.618750 2 0.699072 0.619383 2 0.699072 0.619383 2 0.657813 0.619611 2
0 0.503550 0.612075 0.261650 0.002275 0.373437 0.610938 2 0.634375 0.610938 2 0.634375 0.610938 2 0.372725 0.613213 2
0 0.341198 0.614974 0.029270 0.001823 0.326562 0.614062 2 0.355313 0.614062 2 0.355833 0.615363 2 0.328125 0.615886 2
0 0.350781 0.380043 0.089062 0.003836 0.307812 0.378125 2 0.395313 0.381250 2 0.395313 0.381250 2 0.306250 0.381961 2
0 0.368750 0.606811 0.012500 0.007372 0.362500 0.603125 2 0.375000 0.603125 2 0.373437 0.610497 2 0.365625 0.607812 2
0 0.382812 0.601562 0.015625 0.006250 0.375000 0.601128 2 0.387500 0.598437 2 0.390625 0.604688 2 0.375000 0.603125 2
0 0.496401 0.396869 0.030327 0.006263 0.481238 0.393737 2 0.511564 0.393903 2 0.509470 0.400000 2 0.484375 0.400000 2
0 0.374409 0.624217 0.032433 0.005912 0.358192 0.621261 2 0.390625 0.625000 2 0.390625 0.626563 2 0.360558 0.627173 2
0 0.407813 0.625781 0.028125 0.001563 0.395313 0.625000 2 0.421875 0.625000 2 0.421875 0.626563 2 0.393750 0.626563 2
0 0.633594 0.617188 0.014062 0.003125 0.628125 0.615625 2 0.640625 0.617188 2 0.640625 0.618750 2 0.626563 0.618750 2
0 0.501563 0.615417 0.259375 0.002709 0.371875 0.614062 2 0.631250 0.614062 2 0.631250 0.615206 2 0.374583 0.616772 2
0 0.492188 0.617969 0.234375 0.001563 0.375000 0.617188 2 0.609375 0.618750 2 0.609375 0.618750 2 0.375000 0.618750 2
0 0.572656 0.626563 0.010938 0.003125 0.567187 0.625000 2 0.578125 0.626563 2 0.578125 0.626563 2 0.567187 0.628125 2
0 0.510156 0.407031 0.673438 0.098438 0.182812 0.357812 2 0.842187 0.371875 2 0.846875 0.456250 2 0.173437 0.446875 2
0 0.514844 0.482031 0.676562 0.126562 0.176563 0.442188 2 0.845313 0.418750 2 0.853125 0.539062 2 0.178125 0.545312 2
0 0.314844 0.713281 0.282813 0.020312 0.173437 0.703125 2 0.454023 0.718084 2 0.456250 0.723437 2 0.173437 0.715625 2
0 0.511719 0.717969 0.110937 0.004688 0.457813 0.718750 2 0.567187 0.715625 2 0.567187 0.715625 2 0.456250 0.720313 2
0 0.403906 0.691406 0.235937 0.001562 0.285938 0.690625 2 0.521875 0.690625 2 0.521875 0.692187 2 0.285938 0.690625 2
0 0.355671 0.772454 0.255092 0.010533 0.228125 0.767188 2 0.481250 0.770312 2 0.483217 0.777720 2 0.228125 0.767188 2
0 0.406205 0.803125 0.443661 0.012500 0.187500 0.796875 2 0.628036 0.804777 2 0.625000 0.809375 2 0.184375 0.809375 2
0 0.622656 0.306726 0.054688 0.000952 0.595313 0.306250 2 0.650000 0.306250 2 0.650000 0.306250 2 0.596264 0.307202 2
0 0.361329 0.548966 0.120077 0.001056 0.301563 0.548438 2 0.420312 0.548438 2 0.421367 0.549494 2 0.301291 0.548711 2
0 0.667969 0.425792 0.107813 0.001541 0.614062 0.426563 2 0.720336 0.425022 2 0.721875 0.426563 2 0.614062 0.426563 2
0 0.497493 0.714273 0.069795 0.002703 0.462595 0.714158 2 0.532391 0.712922 2 0.531250 0.715625 2 0.462595 0.714158 2
0 0.667420 0.707724 0.205784 0.005498 0.565911 0.704975 2 0.770312 0.707812 2 0.770312 0.707812 2 0.564528 0.710473 2
0 0.681250 0.706250 0.140625 0.003125 0.610938 0.704688 2 0.751563 0.704688 2 0.751563 0.704688 2 0.612500 0.707812 2
0 0.477845 0.704407 0.115064 0.002564 0.421875 0.703125 2 0.534375 0.703125 2 0.535377 0.705689 2 0.420312 0.705100 2
0 0.491406 0.694776 0.045312 0.004198 0.468750 0.693094 2 0.514062 0.692677 2 0.510938 0.696875 2 0.468750 0.696875 2
0 0.261434 0.690859 0.049006 0.001605 0.236931 0.690056 2 0.285938 0.690625 2 0.285938 0.691661 2 0.236931 0.690056 2
0 0.349138 0.787273 0.098277 0.006705 0.301563 0.787500 2 0.398277 0.783920 2 0.398277 0.783920 2 0.300000 0.790625 2
0 0.525931 0.812765 0.150203 0.005720 0.450830 0.811767 2 0.601033 0.809905 2 0.601033 0.809905 2 0.454688 0.815625 2
0 0.665104 0.806770 0.020833 0.005209 0.655980 0.804417 2 0.675520 0.804166 2 0.673438 0.807813 2 0.654687 0.809375 2
0 0.787077 0.805498 0.172720 0.007753 0.700717 0.803842 2 0.873437 0.801622 2 0.873437 0.803125 2 0.701562 0.809375 2
0 0.777854 0.797948 0.185002 0.002147 0.687500 0.796875 2 0.870355 0.798480 2 0.870355 0.798480 2 0.685353 0.799022 2
0 0.771662 0.788357 0.141052 0.004536 0.701136 0.787072 2 0.842187 0.786089 2 0.839063 0.790625 2 0.703125 0.790625 2
0 0.787241 0.783461 0.109892 0.004422 0.734375 0.781250 2 0.839063 0.781250 2 0.842187 0.785672 2 0.732295 0.784892 2
0 0.801953 0.770091 0.060156 0.002681 0.771875 0.768750 2 0.832031 0.769531 2 0.831644 0.770706 2 0.771875 0.771431 2
0 0.684375 0.766080 0.203125 0.007159 0.582812 0.762839 2 0.785937 0.762500 2 0.785937 0.762500 2 0.586591 0.769659 2
0 0.512500 0.754687 0.578125 0.000000 0.223438 0.754687 2 0.801562 0.754687 2 0.801562 0.754687 2 0.223438 0.754687 2
0 0.664844 0.740055 0.270313 0.008236 0.531250 0.735938 2 0.798438 0.735938 2 0.800000 0.739062 2 0.529687 0.744173 2
0 0.512500 0.734375 0.037500 0.003125 0.493750 0.735938 2 0.529687 0.732812 2 0.531250 0.735938 2 0.493750 0.735938 2
0 0.357031 0.767188 0.132812 0.000000 0.290625 0.767188 2 0.423438 0.767188 2 0.423438 0.767188 2 0.290625 0.767188 2
0 0.499219 0.225000 0.104687 0.003125 0.446875 0.226562 2 0.551562 0.223438 2 0.551562 0.223438 2 0.446875 0.226562 2
0 0.524219 0.304992 0.107812 0.002516 0.470313 0.306250 2 0.578125 0.303734 2 0.578125 0.306250 2 0.470313 0.306250 2
0 0.532031 0.309191 0.117187 0.000367 0.473438 0.309375 2 0.590258 0.309008 2 0.590625 0.309375 2 0.473438 0.309375 2
0 0.667188 0.300000 0.206250 0.006250 0.564063 0.296875 2 0.770312 0.301563 2 0.770312 0.301563 2 0.567187 0.303125 2
0 0.541610 0.287008 0.082405 0.002141 0.500408 0.288078 2 0.582812 0.285938 2 0.582812 0.285938 2 0.500408 0.288078 2
0 0.398751 0.546252 0.276605 0.004109 0.260448 0.548306 2 0.537053 0.544197 2 0.534375 0.547187 2 0.260448 0.548306 2
0 0.264353 0.695312 0.053706 0.003125 0.237500 0.693750 2 0.291206 0.694731 2 0.290625 0.696875 2 0.237500 0.693750 2
0 0.378905 0.693459 0.179689 0.002544 0.289061 0.692187 2 0.468750 0.692187 2 0.468750 0.693094 2 0.291206 0.694731 2
0 0.463987 0.711652 0.147295 0.007947 0.390339 0.709089 2 0.537634 0.707678 2 0.537500 0.709375 2 0.390625 0.715625 2
0 0.487049 0.799603 0.270973 0.000794 0.351562 0.800000 2 0.622536 0.799206 2 0.622536 0.799206 2 0.351562 0.800000 2
0 0.648613 0.797050 0.066462 0.003962 0.615381 0.795069 2 0.681844 0.799031 2 0.681844 0.799031 2 0.615381 0.795069 2
0 0.549366 0.784375 0.226269 0.006250 0.439063 0.781250 2 0.662500 0.787342 2 0.662500 0.787500 2 0.436231 0.784081 2
0 0.675666 0.785760 0.032581 0.002770 0.659375 0.784375 2 0.691956 0.784606 2 0.690625 0.787145 2 0.659375 0.785937 2
0 0.712359 0.785866 0.039873 0.002514 0.692422 0.784609 2 0.732295 0.784892 2 0.732295 0.784892 2 0.693750 0.787123 2
0 0.456488 0.786697 0.069227 0.004644 0.421875 0.784375 2 0.491102 0.788536 2 0.491102 0.788536 2 0.421875 0.789019 2
0 0.667853 0.772030 0.173206 0.003434 0.582812 0.771875 2 0.753125 0.770312 2 0.754456 0.771644 2 0.581250 0.773747 2
0 0.670313 0.775869 0.178125 0.001738 0.581250 0.775000 2 0.759375 0.775000 2 0.759375 0.775000 2 0.582987 0.776738 2
0 0.513281 0.583594 0.695312 0.095313 0.168750 0.535937 2 0.853125 0.535937 2 0.860938 0.626563 2 0.165625 0.631250 2
0 0.343049 0.800923 0.221342 0.004972 0.234375 0.798438 2 0.453720 0.799406 2 0.453409 0.803409 2 0.232378 0.801128 2
0 0.514844 0.674219 0.704688 0.085938 0.167187 0.631250 2 0.860938 0.632812 2 0.867188 0.709375 2 0.162500 0.717187 2
0 0.525781 0.767188 0.723437 0.096875 0.170313 0.723437 2 0.881250 0.718750 2 0.887500 0.806250 2 0.164062 0.815625 2
0 0.527344 0.867188 0.735937 0.112500 0.164062 0.825000 2 0.892188 0.810937 2 0.895312 0.906250 2 0.159375 0.923438 2
0 0.522656 0.955469 0.757812 0.085938 0.150000 0.929688 2 0.895312 0.912500 2 0.000000 0.000000 0 0.000000 0.000000 0
