0 0.507812 0.059375 0.765625 0.118750 0.000000 0.000000 0 0.000000 0.000000 0 0.884375 0.092188 2 0.129688 0.118750 2
0 0.329555 0.254620 0.187764 0.003519 0.235673 0.252861 2 0.423438 0.252941 2 0.423308 0.256380 2 0.235673 0.252861 2
0 0.689063 0.363281 0.343750 0.004687 0.517188 0.360938 2 0.860938 0.360938 2 0.860938 0.360938 2 0.518750 0.365625 2
0 0.299219 0.267746 0.248438 0.001117 0.175000 0.267188 2 0.423438 0.267188 2 0.423438 0.268305 2 0.175000 0.267188 2
0 0.304688 0.269606 0.240625 0.001412 0.184375 0.270313 2 0.423589 0.268900 2 0.425000 0.270313 2 0.184375 0.270313 2
0 0.379688 0.362909 0.218750 0.002308 0.270313 0.364063 2 0.487500 0.361755 2 0.489063 0.364063 2 0.270313 0.364063 2
0 0.491406 0.351562 0.057812 0.012500 0.462500 0.345313 2 0.517188 0.345313 2 0.520312 0.357812 2 0.464062 0.348438 2
0 0.357031 0.353125 0.210938 0.015625 0.251563 0.345313 2 0.462500 0.345313 2 0.462500 0.345313 2 0.251563 0.360938 2
0 0.377009 0.357031 0.216517 0.010937 0.268750 0.360938 2 0.484375 0.351562 2 0.485267 0.358483 2 0.268750 0.362500 2
0 0.508594 0.128125 0.754688 0.112500 0.131250 0.071875 2 0.885938 0.090625 2 0.881250 0.184375 2 0.137500 0.182812 2
0 0.322991 0.362166 0.229017 0.002456 0.210938 0.360938 2 0.437500 0.360938 2 0.437500 0.362012 2 0.208483 0.363394 2
0 0.494531 0.362500 0.092188 0.003125 0.448437 0.360938 2 0.540625 0.360938 2 0.540625 0.360938 2 0.450000 0.364063 2
0 0.537017 0.459673 0.110341 0.000597 0.481847 0.459972 2 0.592187 0.459375 2 0.592187 0.459375 2 0.481847 0.459972 2
0 0.717187 0.458098 0.250000 0.002555 0.592187 0.456820 2 0.842187 0.457813 2 0.842187 0.457813 2 0.592187 0.459375 2
0 0.657812 0.453813 0.381250 0.004502 0.467187 0.454688 2 0.848437 0.451562 2 0.848437 0.451562 2 0.467187 0.456064 2
0 0.313197 0.461719 0.310769 0.017188 0.157812 0.453125 2 0.468581 0.453294 2 0.468581 0.453294 2 0.157812 0.470313 2
0 0.322656 0.458594 0.292187 0.001562 0.178125 0.457813 2 0.468750 0.459375 2 0.468750 0.459375 2 0.176563 0.459375 2
0 0.303120 0.463281 0.253114 0.004688 0.176563 0.465625 2 0.429677 0.460938 2 0.429677 0.460938 2 0.176563 0.465625 2
0 0.507031 0.230469 0.742188 0.114062 0.135937 0.176563 2 0.878125 0.173437 2 0.873437 0.287500 2 0.140625 0.282813 2
0 0.439612 0.167595 0.441439 0.002027 0.218966 0.168534 2 0.660331 0.166581 2 0.660331 0.166581 2 0.218892 0.168608 2
0 0.160156 0.292241 0.026562 0.006142 0.146875 0.293750 2 0.173437 0.289170 2 0.173437 0.295312 2 0.146875 0.293750 2
0 0.208992 0.300460 0.074234 0.008370 0.171875 0.296808 2 0.246109 0.296275 2 0.242475 0.304645 2 0.171875 0.300000 2
0 0.402344 0.314063 0.298437 0.003125 0.254688 0.312500 2 0.548438 0.312500 2 0.551562 0.315625 2 0.253125 0.314063 2
0 0.403318 0.310745 0.296489 0.002739 0.256250 0.309375 2 0.551562 0.309375 2 0.551562 0.310937 2 0.255073 0.312114 2
0 0.716729 0.164239 0.094667 0.004606 0.671875 0.164062 2 0.764062 0.161936 2 0.763003 0.166128 2 0.669395 0.166542 2
0 0.545929 0.159991 0.483142 0.004358 0.306250 0.157812 2 0.787500 0.160938 2 0.787500 0.160938 2 0.304358 0.162170 2
0 0.261124 0.163876 0.084002 0.009002 0.220312 0.165625 2 0.303125 0.159375 2 0.302088 0.167395 2 0.219123 0.168377 2
0 0.238281 0.460938 0.160937 0.021875 0.160938 0.450000 2 0.318750 0.456250 2 0.317188 0.459375 2 0.157812 0.471875 2
0 0.371094 0.426563 0.264063 0.000000 0.239063 0.426563 2 0.503125 0.426563 2 0.503125 0.426563 2 0.239063 0.426563 2
0 0.293580 0.446434 0.093411 0.008492 0.246875 0.442188 2 0.340286 0.450680 2 0.340286 0.450680 2 0.246875 0.442188 2
0 0.404655 0.463281 0.034311 0.010937 0.387500 0.457813 2 0.420312 0.459375 2 0.421811 0.462436 2 0.392188 0.468750 2
0 0.507780 0.465475 0.171939 0.009675 0.421811 0.462436 2 0.593750 0.460637 2 0.590625 0.465625 2 0.423438 0.470313 2
0 0.728906 0.459225 0.270312 0.002825 0.595313 0.457813 2 0.864062 0.457813 2 0.864062 0.457813 2 0.593750 0.460637 2
0 0.508273 0.447784 0.176431 0.017442 0.421875 0.453125 2 0.579688 0.439063 2 0.596489 0.455864 2 0.420058 0.456505 2
0 0.370192 0.302166 0.222347 0.004331 0.259375 0.300000 2 0.481366 0.300116 2 0.481366 0.300116 2 0.259019 0.304331 2
0 0.510156 0.330469 0.732813 0.092188 0.143750 0.284375 2 0.876563 0.289062 2 0.875000 0.367188 2 0.150000 0.376563 2
0 0.523438 0.426563 0.734375 0.093750 0.156250 0.379688 2 0.890625 0.379688 2 0.887500 0.465625 2 0.157812 0.473438 2
0 0.525781 0.520312 0.729688 0.103125 0.160938 0.478125 2 0.890625 0.468750 2 0.885938 0.557813 2 0.167187 0.571875 2
0 0.522656 0.614844 0.723437 0.101562 0.160938 0.575000 2 0.884375 0.564063 2 0.879687 0.648438 2 0.160938 0.665625 2
0 0.522656 0.707031 0.720313 0.107813 0.162500 0.676562 2 0.882812 0.653125 2 0.879687 0.732812 2 0.168750 0.760938 2
0 0.528906 0.796094 0.710938 0.110938 0.173437 0.770312 2 0.884375 0.740625 2 0.881250 0.823438 2 0.178125 0.851562 2
0 0.532813 0.885938 0.715625 0.125000 0.175000 0.859375 2 0.890625 0.823438 2 0.885938 0.917188 2 0.176563 0.948438 2
0 0.535937 0.959375 0.718750 0.078125 0.176563 0.951562 2 0.887500 0.920312 2 0.000000 0.000000 0 0.000000 0.000000 0
