0 0.507812 0.037500 0.893750 0.075000 0.000000 0.000000 0 0.000000 0.000000 0 0.939063 0.075000 2 0.078125 0.073438 2
0 0.510156 0.139063 0.860938 0.112500 0.079687 0.082812 2 0.940625 0.082812 2 0.918750 0.195312 2 0.100000 0.195312 2
0 0.517188 0.253125 0.796875 0.090625 0.118750 0.207813 2 0.915625 0.210938 2 0.901563 0.287500 2 0.131250 0.298438 2
0 0.521094 0.350000 0.776563 0.112500 0.132812 0.309375 2 0.909375 0.293750 2 0.890625 0.385937 2 0.151562 0.406250 2
0 0.517969 0.442188 0.732813 0.100000 0.151562 0.410938 2 0.884375 0.392188 2 0.871875 0.471875 2 0.170313 0.492188 2
0 0.524219 0.521875 0.704688 0.084375 0.171875 0.496875 2 0.876563 0.479687 2 0.862500 0.546875 2 0.185938 0.564063 2
0 0.525781 0.601562 0.676562 0.084375 0.187500 0.571875 2 0.864062 0.559375 2 0.848437 0.628125 2 0.201563 0.643750 2
0 0.521875 0.673437 0.643750 0.084375 0.200000 0.653125 2 0.843750 0.631250 2 0.832812 0.690625 2 0.212500 0.715625 2
0 0.530469 0.728906 0.623437 0.073438 0.218750 0.723437 2 0.842187 0.692187 2 0.831250 0.751563 2 0.226562 0.765625 2
0 0.533594 0.793750 0.604688 0.078125 0.231250 0.773438 2 0.835938 0.754687 2 0.825000 0.814063 2 0.239063 0.832812 2
