0 0.519531 0.369531 0.601562 0.085938 0.225000 0.326562 2 0.817187 0.351562 2 0.820312 0.412500 2 0.218750 0.392188 2
0 0.521875 0.443750 0.609375 0.084375 0.221875 0.401562 2 0.823438 0.418750 2 0.826562 0.485938 2 0.217188 0.467187 2
0 0.518750 0.520312 0.634375 0.087500 0.212500 0.476562 2 0.831250 0.493750 2 0.835938 0.564063 2 0.201563 0.556250 2
0 0.704737 0.560987 0.206152 0.003225 0.601661 0.562600 2 0.807813 0.559375 2 0.807813 0.559375 2 0.601661 0.562600 2
0 0.420312 0.933134 0.343750 0.002481 0.248438 0.934375 2 0.592187 0.931894 2 0.592187 0.934375 2 0.248438 0.934375 2
0 0.697656 0.883594 0.270312 0.007812 0.565625 0.881250 2 0.832812 0.879687 2 0.832812 0.879687 2 0.562500 0.887500 2
0 0.557031 0.813281 0.054688 0.007812 0.529687 0.809375 2 0.584375 0.815625 2 0.584375 0.817187 2 0.529687 0.809375 2
0 0.360938 0.809375 0.225000 0.000000 0.248438 0.809375 2 0.473438 0.809375 2 0.473438 0.809375 2 0.248438 0.809375 2
0 0.479687 0.815625 0.115625 0.006250 0.423438 0.812500 2 0.537500 0.817187 2 0.537500 0.818750 2 0.421875 0.817187 2
0 0.513281 0.930102 0.160938 0.002297 0.432916 0.929584 2 0.593750 0.928953 2 0.592187 0.931250 2 0.432812 0.931250 2
0 0.766825 0.917832 0.025725 0.001289 0.753962 0.918025 2 0.779687 0.917188 2 0.779687 0.918477 2 0.754128 0.918192 2
0 0.393173 0.663052 0.188605 0.001155 0.300000 0.662500 2 0.487475 0.662475 2 0.487475 0.662475 2 0.298870 0.663630 2
0 0.527983 0.660873 0.046331 0.002995 0.507812 0.659375 2 0.551148 0.662086 2 0.551148 0.662086 2 0.504817 0.662370 2
0 0.661933 0.660723 0.216759 0.002697 0.553553 0.662072 2 0.770312 0.659375 2 0.770312 0.660937 2 0.553553 0.662072 2
0 0.731768 0.608622 0.227089 0.082756 0.618223 0.567244 2 0.840625 0.568750 2 0.845313 0.650000 2 0.618223 0.567244 2
0 0.396875 0.622656 0.409375 0.126563 0.201563 0.559375 2 0.601562 0.562500 2 0.551562 0.668750 2 0.192188 0.685937 2
0 0.279877 0.660055 0.037120 0.007609 0.261317 0.663859 2 0.296875 0.656250 2 0.298438 0.663631 2 0.261317 0.663859 2
0 0.241406 0.813115 0.014063 0.007480 0.235937 0.810937 2 0.248438 0.809375 2 0.243750 0.815625 2 0.234375 0.816855 2
0 0.341741 0.821764 0.166519 0.009153 0.258481 0.817187 2 0.421875 0.817187 2 0.425000 0.826341 2 0.258481 0.817187 2
0 0.255245 0.828906 0.038616 0.001563 0.235937 0.828125 2 0.274553 0.829688 2 0.274553 0.829688 2 0.235937 0.829688 2
0 0.379464 0.841915 0.209822 0.024455 0.274553 0.829688 2 0.484375 0.835938 2 0.484375 0.854142 2 0.274553 0.829688 2
0 0.399836 0.865845 0.169078 0.008936 0.315297 0.861377 2 0.482908 0.862405 2 0.484375 0.870313 2 0.315297 0.861377 2
0 0.287388 0.877344 0.102900 0.004687 0.235937 0.875000 2 0.338838 0.879687 2 0.338838 0.879687 2 0.235937 0.876563 2
0 0.410044 0.885156 0.142412 0.010938 0.338838 0.879687 2 0.481250 0.881250 2 0.478125 0.890625 2 0.338838 0.879687 2
0 0.344307 0.893750 0.029239 0.003125 0.329688 0.892188 2 0.358927 0.895312 2 0.358927 0.895312 2 0.329688 0.895312 2
0 0.311719 0.895993 0.014062 0.001764 0.304688 0.895111 2 0.318750 0.895312 2 0.318750 0.896875 2 0.304688 0.896875 2
0 0.250781 0.892188 0.029688 0.003125 0.235937 0.890625 2 0.265625 0.892188 2 0.265625 0.892188 2 0.235937 0.893750 2
0 0.253906 0.896367 0.026563 0.002109 0.240625 0.895312 2 0.265625 0.895312 2 0.267188 0.897422 2 0.240625 0.896453 2
0 0.336270 0.899738 0.060041 0.002602 0.306250 0.898438 2 0.366291 0.901039 2 0.366291 0.901039 2 0.306250 0.898847 2
0 0.393356 0.902564 0.054131 0.003050 0.366291 0.901039 2 0.420422 0.903014 2 0.419714 0.904089 2 0.366291 0.901039 2
0 0.281250 0.910156 0.187500 0.007812 0.189062 0.906250 2 0.375000 0.907813 2 0.375000 0.909339 2 0.187500 0.914062 2
0 0.328906 0.930459 0.185938 0.001583 0.235937 0.931073 2 0.421875 0.929667 2 0.421875 0.931250 2 0.235937 0.931250 2
0 0.647674 0.935920 0.135902 0.003089 0.581250 0.935937 2 0.715625 0.934375 2 0.715625 0.934375 2 0.579723 0.937464 2
0 0.636719 0.931572 0.089063 0.000644 0.592187 0.931250 2 0.681250 0.931250 2 0.681250 0.931250 2 0.592187 0.931894 2
0 0.666005 0.928268 0.100605 0.001652 0.615703 0.928203 2 0.716308 0.927442 2 0.716308 0.927442 2 0.616594 0.929094 2
0 0.813334 0.921928 0.032706 0.003019 0.796981 0.920419 2 0.829688 0.923438 2 0.829688 0.923438 2 0.798438 0.923438 2
0 0.824962 0.919570 0.031327 0.001639 0.810937 0.918750 2 0.840625 0.918750 2 0.840625 0.920312 2 0.809298 0.920389 2
0 0.841002 0.911970 0.046122 0.002066 0.817941 0.913003 2 0.864062 0.910937 2 0.864062 0.910937 2 0.817941 0.913003 2
0 0.786808 0.911371 0.020134 0.006895 0.776741 0.907991 2 0.796875 0.907923 2 0.796875 0.913945 2 0.777369 0.914819 2
0 0.711578 0.902056 0.083606 0.012588 0.671170 0.896170 2 0.747988 0.895763 2 0.753381 0.908069 2 0.669775 0.908350 2
0 0.759375 0.894756 0.025000 0.002012 0.746875 0.893750 2 0.771875 0.895312 2 0.771875 0.895312 2 0.747988 0.895763 2
0 0.792402 0.895481 0.046628 0.000338 0.769088 0.895650 2 0.815625 0.895312 2 0.815716 0.895403 2 0.769088 0.895650 2
0 0.713554 0.876498 0.048983 0.002995 0.689063 0.876563 2 0.735938 0.875000 2 0.738045 0.877108 2 0.690495 0.877995 2
0 0.673438 0.877293 0.031250 0.001461 0.657813 0.876563 2 0.689063 0.876563 2 0.689063 0.878023 2 0.657813 0.876563 2
0 0.619531 0.877344 0.079688 0.001563 0.579688 0.876563 2 0.659375 0.878125 2 0.659375 0.878125 2 0.579688 0.876563 2
0 0.573438 0.878125 0.015625 0.003125 0.565625 0.876563 2 0.579688 0.876563 2 0.581250 0.879687 2 0.567187 0.878125 2
0 0.524219 0.874219 0.082813 0.004688 0.482812 0.871875 2 0.565625 0.875000 2 0.565625 0.876563 2 0.482812 0.876563 2
0 0.655962 0.867096 0.196692 0.003702 0.559375 0.865625 2 0.754308 0.865245 2 0.754308 0.865245 2 0.557616 0.868947 2
0 0.786719 0.864636 0.060937 0.001147 0.756250 0.864062 2 0.817187 0.864062 2 0.817187 0.864062 2 0.756250 0.865209 2
0 0.556320 0.859587 0.022586 0.006675 0.550000 0.856250 2 0.564063 0.859375 2 0.567612 0.862925 2 0.545027 0.862786 2
0 0.512683 0.858456 0.059550 0.008628 0.484375 0.854142 2 0.542458 0.862770 2 0.542458 0.862770 2 0.482908 0.862405 2
0 0.504488 0.849120 0.009773 0.008806 0.502530 0.844717 2 0.509375 0.845313 2 0.509375 0.853125 2 0.499602 0.853523 2
0 0.491890 0.841890 0.021280 0.005655 0.481250 0.840625 2 0.498437 0.839063 2 0.502530 0.844717 2 0.483705 0.843080 2
0 0.521321 0.835384 0.051108 0.005144 0.500000 0.832812 2 0.546875 0.834375 2 0.546875 0.835733 2 0.495767 0.837956 2
0 0.556250 0.843359 0.015625 0.016406 0.552669 0.835481 2 0.560156 0.835156 2 0.564063 0.846875 2 0.548438 0.851562 2
0 0.572266 0.833984 0.024219 0.002344 0.560937 0.832812 2 0.584375 0.832812 2 0.584375 0.832812 2 0.560156 0.835156 2
0 0.554688 0.827447 0.018750 0.004481 0.545312 0.825206 2 0.564063 0.828125 2 0.564063 0.829688 2 0.545312 0.829688 2
0 0.553906 0.822191 0.017188 0.005619 0.546620 0.820056 2 0.562500 0.819381 2 0.560937 0.825000 2 0.545312 0.825000 2
0 0.527891 0.805859 0.025467 0.007031 0.515158 0.802658 2 0.539062 0.802344 2 0.540625 0.806250 2 0.518750 0.809375 2
0 0.568750 0.801953 0.059375 0.000781 0.539062 0.801562 2 0.598437 0.801562 2 0.598437 0.801562 2 0.539062 0.802344 2
0 0.527344 0.799219 0.026563 0.004687 0.515625 0.796875 2 0.540625 0.798438 2 0.539062 0.801562 2 0.514062 0.801562 2
0 0.490503 0.801827 0.047406 0.000242 0.466800 0.801948 2 0.514206 0.801706 2 0.514206 0.801706 2 0.466800 0.801948 2
0 0.384665 0.800000 0.168170 0.003125 0.300580 0.800580 2 0.468750 0.798438 2 0.467187 0.801562 2 0.300580 0.800580 2
0 0.269531 0.801084 0.057813 0.000956 0.240847 0.801341 2 0.298438 0.800606 2 0.298438 0.801562 2 0.240625 0.801562 2
0 0.351451 0.802661 0.222098 0.001381 0.240402 0.803125 2 0.462500 0.801970 2 0.462500 0.803352 2 0.240402 0.803125 2
0 0.274185 0.862500 0.067120 0.003125 0.242188 0.860938 2 0.307745 0.861331 2 0.307745 0.861331 2 0.240625 0.864062 2
0 0.525781 0.848437 0.020312 0.009375 0.515625 0.843750 2 0.532813 0.843750 2 0.535937 0.848437 2 0.517188 0.853125 2
0 0.475277 0.823881 0.055695 0.002238 0.447430 0.823994 2 0.501563 0.822762 2 0.503125 0.825000 2 0.447430 0.823994 2
0 0.482813 0.828014 0.118750 0.003347 0.425000 0.826341 2 0.542188 0.829688 2 0.542188 0.829688 2 0.423438 0.829688 2
0 0.492218 0.804505 0.034314 0.003491 0.475061 0.803186 2 0.507447 0.802759 2 0.509375 0.806250 2 0.476562 0.806250 2
0 0.349648 0.815948 0.081953 0.000645 0.308672 0.816270 2 0.390625 0.815625 2 0.390625 0.815625 2 0.308672 0.816270 2
0 0.514620 0.901834 0.311386 0.013044 0.358927 0.895312 2 0.670312 0.895312 2 0.667731 0.908356 2 0.358927 0.895312 2
0 0.428416 0.901799 0.015989 0.003598 0.421875 0.900000 2 0.434375 0.900000 2 0.436411 0.903598 2 0.420422 0.903014 2
0 0.497500 0.906637 0.155572 0.005097 0.419714 0.904089 2 0.575286 0.908667 2 0.575286 0.908667 2 0.420502 0.909186 2
0 0.396070 0.907770 0.013847 0.003041 0.390625 0.906250 2 0.400000 0.906250 2 0.402994 0.909244 2 0.389147 0.909291 2
0 0.381502 0.910323 0.015291 0.002066 0.375000 0.909339 2 0.389147 0.909291 2 0.389147 0.909291 2 0.373856 0.911356 2
0 0.361134 0.912779 0.028852 0.000558 0.346875 0.912500 2 0.375559 0.913058 2 0.375559 0.913058 2 0.346708 0.912667 2
0 0.345620 0.919224 0.103739 0.002177 0.293750 0.918750 2 0.397489 0.918136 2 0.396875 0.920312 2 0.293750 0.918750 2
0 0.337559 0.923197 0.168631 0.002881 0.253244 0.921756 2 0.421875 0.924522 2 0.421875 0.924638 2 0.253986 0.924300 2
0 0.338913 0.927225 0.165923 0.001325 0.256250 0.926562 2 0.421875 0.926562 2 0.421875 0.927887 2 0.255952 0.926861 2
0 0.629687 0.925977 0.028125 0.003977 0.615625 0.925000 2 0.642188 0.923989 2 0.643750 0.926562 2 0.615625 0.927966 2
0 0.658869 0.925230 0.032263 0.002666 0.642737 0.923987 2 0.673438 0.923897 2 0.675000 0.926562 2 0.642737 0.923987 2
0 0.693804 0.925639 0.036702 0.003712 0.675453 0.923892 2 0.712155 0.923783 2 0.709375 0.927495 2 0.675453 0.923892 2
0 0.767897 0.919656 0.058169 0.001812 0.740625 0.918750 2 0.796981 0.920419 2 0.796981 0.920419 2 0.738812 0.920562 2
0 0.803125 0.917224 0.015625 0.003052 0.796875 0.915773 2 0.809448 0.915698 2 0.810937 0.918750 2 0.795312 0.918750 2
0 0.758594 0.915011 0.014062 0.001897 0.751563 0.914062 2 0.765625 0.914062 2 0.765291 0.915959 2 0.751563 0.915625 2
0 0.742606 0.917606 0.022713 0.000837 0.731250 0.917188 2 0.753962 0.918025 2 0.753962 0.918025 2 0.731250 0.917627 2
0 0.631250 0.912038 0.021875 0.007175 0.621875 0.914062 2 0.639989 0.908450 2 0.642188 0.915625 2 0.620313 0.915625 2
0 0.401786 0.877845 0.133928 0.002566 0.334822 0.876563 2 0.468750 0.876563 2 0.468750 0.879128 2 0.334822 0.876563 2
0 0.518750 0.879408 0.100000 0.000559 0.468750 0.879128 2 0.568750 0.879625 2 0.568750 0.879687 2 0.468750 0.879687 2
0 0.698438 0.878987 0.046875 0.001402 0.675000 0.878286 2 0.721875 0.879687 2 0.721875 0.879687 2 0.675000 0.879687 2
0 0.539844 0.899219 0.189063 0.001563 0.445312 0.898438 2 0.634375 0.900000 2 0.634375 0.900000 2 0.445312 0.900000 2
0 0.501568 0.913596 0.231261 0.004058 0.385937 0.911567 2 0.617198 0.915625 2 0.617198 0.915625 2 0.385937 0.912500 2
0 0.508449 0.917797 0.215042 0.001906 0.400928 0.918116 2 0.615970 0.916844 2 0.615625 0.918750 2 0.400928 0.918116 2
0 0.518024 0.927466 0.151452 0.001806 0.443750 0.926562 2 0.593750 0.927577 2 0.593750 0.928369 2 0.442298 0.928014 2
0 0.602344 0.925982 0.017188 0.003802 0.594620 0.924130 2 0.610938 0.924081 2 0.610938 0.927883 2 0.593750 0.927577 2
0 0.628906 0.922120 0.026563 0.002634 0.615625 0.920866 2 0.641116 0.920803 2 0.642188 0.923438 2 0.615625 0.921875 2
0 0.657813 0.923438 0.031250 0.000000 0.642188 0.923438 2 0.673438 0.923438 2 0.673438 0.923438 2 0.642188 0.923438 2
0 0.693750 0.922077 0.037500 0.002722 0.676158 0.920716 2 0.712500 0.923438 2 0.712500 0.923438 2 0.675000 0.923438 2
0 0.530948 0.922908 0.159980 0.003275 0.450958 0.921270 2 0.610938 0.923438 2 0.610938 0.923438 2 0.453125 0.924545 2
0 0.514844 0.689844 0.673438 0.092187 0.192188 0.643750 2 0.845313 0.651563 2 0.851562 0.735938 2 0.178125 0.734375 2
0 0.513281 0.782031 0.692187 0.104687 0.181250 0.729688 2 0.851562 0.731250 2 0.859375 0.826562 2 0.167187 0.834375 2
0 0.511719 0.875781 0.714063 0.110938 0.168750 0.820312 2 0.860938 0.823438 2 0.868750 0.925000 2 0.154688 0.931250 2
0 0.514844 0.964063 0.732812 0.068750 0.159375 0.931250 2 0.873437 0.929688 2 0.000000 0.000000 0 0.000000 0.000000 0
0 0.529687 0.934448 0.253125 0.000145 0.403125 0.934375 2 0.656250 0.934375 2 0.656250 0.934520 2 0.403125 0.934375 2
