0 0.512500 0.346875 0.734375 0.075000 0.146875 0.309375 2 0.878125 0.321875 2 0.879687 0.384375 2 0.145313 0.371875 2
0 0.509375 0.425000 0.743750 0.081250 0.142187 0.384375 2 0.881250 0.395313 2 0.879687 0.465625 2 0.137500 0.457813 2
0 0.507812 0.494531 0.740625 0.101562 0.139063 0.465625 2 0.875000 0.443750 2 0.878125 0.542188 2 0.137500 0.545312 2
0 0.725085 0.439063 0.218580 0.009375 0.615795 0.440795 2 0.834375 0.434375 2 0.834375 0.443750 2 0.615795 0.440795 2
0 0.635938 0.761719 0.487500 0.014063 0.392188 0.765625 2 0.879687 0.754687 2 0.879687 0.754687 2 0.392188 0.768750 2
0 0.617470 0.440173 0.126877 0.002220 0.556250 0.439063 2 0.680908 0.439063 2 0.680908 0.439063 2 0.554031 0.441283 2
0 0.232031 0.690252 0.070313 0.002380 0.196875 0.689063 2 0.267188 0.690128 2 0.266370 0.691442 2 0.196875 0.689063 2
0 0.378906 0.692969 0.345312 0.001563 0.206250 0.692187 2 0.551562 0.692187 2 0.551562 0.692187 2 0.206250 0.693750 2
0 0.424219 0.689844 0.248438 0.001563 0.300000 0.690625 2 0.548438 0.689063 2 0.548438 0.689063 2 0.300000 0.690625 2
0 0.334375 0.782813 0.115625 0.000000 0.276562 0.782813 2 0.392188 0.782813 2 0.392188 0.782813 2 0.276562 0.782813 2
0 0.505469 0.775000 0.198438 0.009375 0.406250 0.770312 2 0.604688 0.770312 2 0.604688 0.770609 2 0.409375 0.779687 2
0 0.485156 0.325000 0.026562 0.003125 0.471875 0.325000 2 0.498437 0.323437 2 0.496875 0.326562 2 0.471875 0.326562 2
0 0.641406 0.448648 0.301563 0.002703 0.490625 0.450000 2 0.790625 0.447297 2 0.792188 0.450000 2 0.490625 0.450000 2
0 0.504687 0.582812 0.753125 0.084375 0.131250 0.546875 2 0.881250 0.540625 2 0.879687 0.610938 2 0.128125 0.625000 2
0 0.505469 0.660156 0.754687 0.085938 0.129688 0.634375 2 0.882812 0.617188 2 0.879687 0.681250 2 0.128125 0.703125 2
0 0.505469 0.741406 0.760938 0.104687 0.126562 0.712500 2 0.885938 0.689063 2 0.882812 0.760938 2 0.125000 0.793750 2
0 0.505469 0.821094 0.757812 0.104687 0.129688 0.803125 2 0.882812 0.768750 2 0.884375 0.826562 2 0.126562 0.873437 2
0 0.509375 0.878906 0.759375 0.154688 0.129688 0.832812 2 0.884375 0.801562 2 0.889062 0.951562 2 0.134375 0.956250 2
0 0.421875 0.807563 0.028125 0.012002 0.412500 0.803125 2 0.435937 0.801562 2 0.435937 0.813433 2 0.407813 0.813564 2
0 0.415625 0.822159 0.043750 0.008808 0.393750 0.825000 2 0.437500 0.817755 2 0.437500 0.826562 2 0.393750 0.826562 2
0 0.630469 0.823345 0.048438 0.009561 0.606436 0.818564 2 0.653516 0.819922 2 0.654687 0.828125 2 0.606250 0.821875 2
0 0.693229 0.816770 0.092708 0.003959 0.646875 0.814791 2 0.739583 0.818750 2 0.739583 0.818750 2 0.646875 0.817187 2
0 0.606250 0.804359 0.328125 0.018092 0.442188 0.801562 2 0.770312 0.795312 2 0.767188 0.810937 2 0.442188 0.813405 2
0 0.718179 0.794741 0.207392 0.001983 0.614483 0.795733 2 0.821875 0.793750 2 0.821875 0.793750 2 0.614483 0.795733 2
0 0.646094 0.791735 0.139062 0.008470 0.576562 0.791652 2 0.715625 0.787500 2 0.715625 0.787500 2 0.576562 0.795970 2
0 0.849219 0.776563 0.070312 0.003125 0.814063 0.775000 2 0.884375 0.778125 2 0.884375 0.778125 2 0.814063 0.776563 2
0 0.509375 0.956250 0.759375 0.084375 0.132812 0.959375 2 0.889062 0.914062 2 0.000000 0.000000 0 0.000000 0.000000 0
