0 0.542969 0.468750 0.720312 0.103125 0.182812 0.443750 2 0.903125 0.417187 2 0.893750 0.496875 2 0.196875 0.520312 2
0 0.542187 0.563281 0.690625 0.095313 0.196875 0.532813 2 0.884375 0.515625 2 0.887500 0.585938 2 0.204687 0.610938 2
0 0.555469 0.643750 0.679688 0.106250 0.215625 0.620313 2 0.895312 0.590625 2 0.890625 0.673438 2 0.225000 0.696875 2
0 0.555469 0.725000 0.664062 0.096875 0.223438 0.698438 2 0.887500 0.676562 2 0.878125 0.743750 2 0.234375 0.773438 2
0 0.550000 0.805469 0.628125 0.070312 0.235937 0.782813 2 0.864062 0.770312 2 0.862500 0.809375 2 0.250000 0.840625 2
0 0.552344 0.863281 0.626562 0.098437 0.239063 0.831250 2 0.865625 0.814063 2 0.860938 0.885938 2 0.248438 0.912500 2
0 0.553906 0.932813 0.614062 0.081250 0.246875 0.914062 2 0.860938 0.892188 2 0.856250 0.954688 2 0.254688 0.973437 2
0 0.496094 0.017969 0.270312 0.035937 0.000000 0.000000 0 0.000000 0.000000 0 0.626563 0.035937 2 0.360938 0.034375 2
0 0.492969 0.061719 0.267188 0.039062 0.360938 0.046875 2 0.625000 0.042188 2 0.626563 0.073438 2 0.359375 0.081250 2
0 0.489063 0.100781 0.259375 0.032812 0.360938 0.084375 2 0.618750 0.090625 2 0.617188 0.112500 2 0.359375 0.117188 2
0 0.488281 0.136719 0.260938 0.032813 0.357812 0.123438 2 0.618750 0.120313 2 0.615625 0.146875 2 0.362500 0.153125 2
0 0.488281 0.174219 0.254687 0.042187 0.360938 0.154688 2 0.615625 0.153125 2 0.610938 0.192188 2 0.360938 0.195312 2
0 0.485938 0.205469 0.250000 0.039062 0.360938 0.190625 2 0.610938 0.185938 2 0.610938 0.220312 2 0.360938 0.225000 2
0 0.486719 0.241406 0.245312 0.035938 0.364063 0.226562 2 0.609375 0.223438 2 0.609375 0.253125 2 0.365625 0.259375 2
0 0.485938 0.280469 0.243750 0.035938 0.364063 0.262500 2 0.607812 0.271875 2 0.604688 0.290625 2 0.364063 0.298438 2
