0 0.492969 0.033594 0.160938 0.020312 0.412500 0.023438 2 0.573438 0.023438 2 0.571875 0.037500 2 0.414062 0.043750 2
0 0.492969 0.066406 0.157813 0.010937 0.415625 0.060937 2 0.571875 0.060937 2 0.570312 0.071875 2 0.414062 0.071875 2
0 0.493750 0.088281 0.156250 0.026563 0.415625 0.075000 2 0.571875 0.078125 2 0.570312 0.101562 2 0.415625 0.101562 2
0 0.495312 0.121094 0.209375 0.026562 0.390625 0.109375 2 0.600000 0.107813 2 0.598437 0.134375 2 0.390625 0.134375 2
0 0.492969 0.152344 0.207813 0.026562 0.390625 0.139063 2 0.596875 0.139063 2 0.595313 0.165625 2 0.389062 0.162500 2
0 0.488281 0.181250 0.201563 0.025000 0.387500 0.168750 2 0.587500 0.173437 2 0.589063 0.193750 2 0.387500 0.192188 2
0 0.488281 0.209375 0.201563 0.025000 0.387500 0.196875 2 0.589063 0.200000 2 0.587500 0.221875 2 0.387500 0.220312 2
0 0.486719 0.236719 0.201563 0.029688 0.387500 0.221875 2 0.587500 0.225000 2 0.585938 0.246875 2 0.385937 0.251563 2
0 0.485156 0.264844 0.201562 0.023438 0.387500 0.253125 2 0.585938 0.253125 2 0.585938 0.276562 2 0.384375 0.276562 2
0 0.486719 0.292187 0.198437 0.025000 0.387500 0.279687 2 0.585938 0.282813 2 0.584375 0.301563 2 0.390625 0.304688 2
0 0.485937 0.322656 0.193750 0.026562 0.389062 0.309375 2 0.582812 0.317188 2 0.579688 0.335938 2 0.389062 0.332813 2
0 0.494531 0.448438 0.435938 0.059375 0.276562 0.425000 2 0.712500 0.418750 2 0.706250 0.470313 2 0.282813 0.478125 2
0 0.494531 0.503125 0.420313 0.059375 0.284375 0.481250 2 0.704688 0.473438 2 0.700000 0.525000 2 0.289062 0.532813 2
0 0.500000 0.553125 0.415625 0.050000 0.292187 0.537500 2 0.707812 0.528125 2 0.706250 0.573438 2 0.295312 0.578125 2
0 0.500000 0.610156 0.412500 0.048438 0.293750 0.585938 2 0.706250 0.585938 2 0.704688 0.626563 2 0.298438 0.634375 2
0 0.500781 0.657031 0.401562 0.045312 0.300000 0.637500 2 0.701562 0.634375 2 0.695312 0.670312 2 0.301563 0.679688 2
0 0.497656 0.701563 0.398438 0.056250 0.298438 0.681250 2 0.696875 0.673438 2 0.696875 0.720313 2 0.304688 0.729688 2
0 0.499219 0.749219 0.395313 0.048438 0.301563 0.731250 2 0.696875 0.725000 2 0.692187 0.765625 2 0.307812 0.773438 2
