0 0.500000 0.246875 0.146875 0.015625 0.428125 0.239063 2 0.573438 0.240625 2 0.573438 0.251563 2 0.426563 0.254688 2
0 0.500000 0.273438 0.143750 0.018750 0.428125 0.271875 2 0.565625 0.264062 2 0.571875 0.282813 2 0.428125 0.282813 2
0 0.500000 0.296094 0.146875 0.020313 0.426563 0.285938 2 0.573438 0.285938 2 0.573438 0.306250 2 0.426563 0.306250 2
0 0.503125 0.325000 0.193750 0.025000 0.406250 0.314063 2 0.600000 0.312500 2 0.598437 0.337500 2 0.406250 0.335938 2
0 0.553906 0.351562 0.089062 0.021875 0.512500 0.342187 2 0.598437 0.340625 2 0.596875 0.362500 2 0.509375 0.353125 2
0 0.445312 0.353125 0.081250 0.021875 0.406250 0.342187 2 0.485938 0.342187 2 0.484375 0.359375 2 0.404687 0.364063 2
0 0.496094 0.377344 0.192187 0.020313 0.403125 0.367188 2 0.592187 0.375000 2 0.590625 0.387500 2 0.400000 0.385937 2
0 0.495312 0.403906 0.190625 0.023438 0.400000 0.392188 2 0.589063 0.392188 2 0.590625 0.415625 2 0.400000 0.414062 2
0 0.495312 0.428906 0.190625 0.020313 0.400000 0.418750 2 0.590625 0.418750 2 0.589063 0.435937 2 0.400000 0.439063 2
0 0.492969 0.455469 0.192188 0.026562 0.400000 0.443750 2 0.589063 0.442188 2 0.589063 0.468750 2 0.396875 0.465625 2
0 0.493750 0.479688 0.187500 0.018750 0.400000 0.470313 2 0.587500 0.470313 2 0.584375 0.489063 2 0.400000 0.487500 2
0 0.535156 0.505469 0.057813 0.014062 0.506250 0.498437 2 0.564063 0.498437 2 0.559375 0.512500 2 0.506250 0.512500 2
0 0.442188 0.506250 0.078125 0.018750 0.403125 0.496875 2 0.481250 0.500000 2 0.475000 0.514062 2 0.404687 0.515625 2
0 0.503125 0.630469 0.434375 0.054688 0.285938 0.609375 2 0.720313 0.603125 2 0.718750 0.654687 2 0.287500 0.657813 2
0 0.504687 0.691406 0.431250 0.060938 0.289062 0.668750 2 0.720313 0.660937 2 0.717187 0.712500 2 0.293750 0.721875 2
0 0.508594 0.745313 0.429687 0.059375 0.293750 0.725000 2 0.723437 0.715625 2 0.721875 0.767188 2 0.300000 0.775000 2
0 0.509375 0.800781 0.431250 0.060938 0.293750 0.776563 2 0.725000 0.770312 2 0.723437 0.823438 2 0.296875 0.831250 2
0 0.509375 0.855469 0.425000 0.054688 0.296875 0.837500 2 0.721875 0.828125 2 0.714063 0.871875 2 0.300000 0.882812 2
0 0.507812 0.907813 0.425000 0.062500 0.295312 0.885938 2 0.720313 0.876563 2 0.717187 0.931250 2 0.296875 0.939063 2
0 0.509375 0.964844 0.425000 0.060938 0.296875 0.943750 2 0.721875 0.934375 2 0.718750 0.984375 2 0.000000 0.000000 0
