0 0.494531 0.460938 0.989062 0.146875 0.000000 0.000000 0 0.989062 0.387500 2 0.985938 0.532813 2 0.015625 0.534375 2
0 0.481250 0.544531 0.915625 0.007812 0.023438 0.540625 2 0.939063 0.548438 2 0.939063 0.548438 2 0.023438 0.542188 2
0 0.458030 0.795530 0.194184 0.019184 0.360938 0.785937 2 0.555122 0.805122 2 0.555122 0.805122 2 0.360938 0.803125 2
0 0.260035 0.658401 0.229930 0.001177 0.145070 0.658338 2 0.375000 0.657813 2 0.375000 0.658989 2 0.145070 0.658338 2
0 0.425000 0.526563 0.325000 0.003125 0.262500 0.528125 2 0.587500 0.525000 2 0.587500 0.525000 2 0.262500 0.528125 2
0 0.048438 0.547247 0.040625 0.005506 0.028125 0.544494 2 0.068750 0.546428 2 0.068750 0.546875 2 0.031250 0.550000 2
0 0.473438 0.535666 0.153125 0.002583 0.396875 0.534375 2 0.550000 0.534375 2 0.550000 0.535642 2 0.396875 0.536958 2
0 0.705927 0.534167 0.277480 0.002709 0.567187 0.532813 2 0.844667 0.533730 2 0.844667 0.533730 2 0.568750 0.535522 2
0 0.060156 0.659350 0.085938 0.003075 0.017188 0.657813 2 0.103125 0.657813 2 0.103125 0.657813 2 0.017188 0.660888 2
0 0.082031 0.664062 0.042187 0.006250 0.060937 0.660937 2 0.101562 0.660937 2 0.103125 0.665625 2 0.062500 0.667188 2
0 0.258089 0.669255 0.294303 0.014616 0.110937 0.665625 2 0.405241 0.661947 2 0.395122 0.674809 2 0.115625 0.676562 2
0 0.628030 0.674413 0.465816 0.001950 0.395122 0.674809 2 0.860938 0.673438 2 0.860938 0.673438 2 0.395700 0.675388 2
0 0.585938 0.678963 0.559375 0.004573 0.306250 0.681250 2 0.865625 0.676677 2 0.865625 0.678125 2 0.306250 0.681250 2
0 0.282481 0.693489 0.151419 0.002603 0.209375 0.692187 2 0.356250 0.692187 2 0.358191 0.694128 2 0.206772 0.694791 2
0 0.459820 0.700525 0.203258 0.014575 0.358191 0.694128 2 0.561448 0.693238 2 0.560937 0.693750 2 0.359375 0.707812 2
0 0.486438 0.689194 0.464623 0.000262 0.254127 0.689063 2 0.718750 0.689063 2 0.718489 0.689325 2 0.254127 0.689063 2
0 0.132812 0.689045 0.050000 0.006214 0.110937 0.685937 2 0.157812 0.689063 2 0.157812 0.690287 2 0.107813 0.692152 2
0 0.211691 0.706730 0.036920 0.004086 0.193231 0.704688 2 0.230152 0.706477 2 0.230152 0.706477 2 0.194352 0.708773 2
0 0.330469 0.627344 0.129688 0.004687 0.265625 0.625000 2 0.395313 0.629687 2 0.395313 0.629687 2 0.267188 0.628125 2
0 0.260938 0.644206 0.231250 0.002212 0.145313 0.645312 2 0.376563 0.643100 2 0.376563 0.645312 2 0.145313 0.645312 2
0 0.288187 0.707083 0.098006 0.004584 0.239184 0.706334 2 0.337191 0.704791 2 0.332813 0.709375 2 0.239184 0.706334 2
0 0.566880 0.799527 0.043134 0.000945 0.545312 0.799328 2 0.588447 0.799055 2 0.588447 0.799055 2 0.545312 0.800000 2
0 0.644621 0.803035 0.126383 0.002945 0.582812 0.803125 2 0.707812 0.801562 2 0.707812 0.801562 2 0.581430 0.804508 2
0 0.762500 0.797998 0.334375 0.002033 0.595313 0.798850 2 0.929688 0.796981 2 0.929688 0.797041 2 0.595313 0.799014 2
0 0.956099 0.792338 0.044052 0.006552 0.934375 0.795312 2 0.978125 0.789062 2 0.978125 0.790625 2 0.934073 0.795614 2
0 0.782741 0.777555 0.353459 0.009330 0.606011 0.782220 2 0.958828 0.772891 2 0.959470 0.779784 2 0.606011 0.782220 2
0 0.753036 0.767718 0.400178 0.001061 0.552947 0.768248 2 0.953125 0.767188 2 0.953125 0.767188 2 0.552947 0.768248 2
0 0.486768 0.775573 0.182714 0.013450 0.395411 0.768848 2 0.578125 0.769420 2 0.576562 0.782298 2 0.396394 0.770794 2
0 0.640858 0.658383 0.283909 0.001141 0.498903 0.658953 2 0.782813 0.657813 2 0.782813 0.657813 2 0.498903 0.658953 2
0 0.300781 0.660767 0.151563 0.000341 0.225339 0.660597 2 0.376563 0.660937 2 0.376563 0.660937 2 0.225000 0.660937 2
0 0.270910 0.690012 0.086305 0.001227 0.227758 0.689398 2 0.314063 0.689756 2 0.314063 0.690625 2 0.227758 0.689398 2
0 0.193252 0.691896 0.065189 0.000583 0.160658 0.691906 2 0.225847 0.691605 2 0.225847 0.691605 2 0.160938 0.692187 2
0 0.485156 0.794531 0.176563 0.001563 0.396875 0.793750 2 0.573438 0.793750 2 0.573438 0.793750 2 0.396875 0.795312 2
0 0.759375 0.792138 0.328125 0.012198 0.595313 0.796823 2 0.918852 0.786039 2 0.923438 0.795716 2 0.595313 0.798238 2
0 0.935014 0.782894 0.054078 0.002963 0.907975 0.781412 2 0.962053 0.782366 2 0.962053 0.782366 2 0.910937 0.784375 2
0 0.800911 0.783890 0.213478 0.004952 0.694172 0.783950 2 0.907650 0.781414 2 0.906680 0.786366 2 0.694172 0.783950 2
0 0.467187 0.787211 0.156250 0.003016 0.389062 0.785703 2 0.545312 0.785937 2 0.545312 0.785937 2 0.390625 0.788719 2
0 0.606684 0.518276 0.045847 0.002177 0.585938 0.517188 2 0.628125 0.517188 2 0.629608 0.518672 2 0.583761 0.519364 2
0 0.677185 0.769889 0.169995 0.000847 0.592187 0.769466 2 0.762183 0.769997 2 0.762183 0.769997 2 0.592187 0.770312 2
0 0.713281 0.785369 0.335938 0.001138 0.546450 0.784800 2 0.881250 0.785937 2 0.881250 0.785937 2 0.545312 0.785937 2
0 0.497656 0.535937 0.995313 0.165625 0.000000 0.000000 0 0.985938 0.453125 2 0.000000 0.000000 0 0.000000 0.000000 0
0 0.537500 0.770312 0.096875 0.009375 0.490625 0.770066 2 0.581250 0.765625 2 0.585938 0.775000 2 0.489063 0.771875 2
0 0.892725 0.630839 0.042675 0.016753 0.871387 0.622950 2 0.914062 0.622462 2 0.914062 0.625556 2 0.881250 0.639216 2
0 0.639062 0.630469 0.412500 0.007812 0.434375 0.631250 2 0.843750 0.626563 2 0.845313 0.634375 2 0.432812 0.632812 2
0 0.250000 0.829317 0.031250 0.005956 0.234375 0.826339 2 0.265625 0.831606 2 0.265625 0.831612 2 0.234375 0.832295 2
0 0.336083 0.826650 0.043459 0.005844 0.314353 0.823728 2 0.356250 0.825000 2 0.357812 0.829572 2 0.314353 0.823728 2
0 0.276455 0.825000 0.075216 0.009375 0.238847 0.824784 2 0.314063 0.820312 2 0.312500 0.829688 2 0.239063 0.825000 2
0 0.862335 0.634332 0.040295 0.016370 0.851145 0.626147 2 0.876563 0.634375 2 0.882483 0.642517 2 0.842187 0.642188 2
0 0.195616 0.641348 0.077750 0.001678 0.156741 0.642188 2 0.234491 0.640509 2 0.234375 0.642188 2 0.156741 0.642188 2
0 0.019531 0.645265 0.029688 0.000095 0.000000 0.000000 0 0.034281 0.645217 2 0.034375 0.645312 2 0.000000 0.000000 0
0 0.087912 0.655406 0.053948 0.004563 0.060937 0.656250 2 0.114062 0.653125 2 0.114886 0.655511 2 0.060937 0.657687 2
0 0.089844 0.664062 0.057812 0.012500 0.060937 0.657813 2 0.118750 0.657813 2 0.114062 0.670312 2 0.060937 0.660937 2
0 0.521094 0.657813 0.804688 0.000000 0.118750 0.657813 2 0.923438 0.657813 2 0.923438 0.657813 2 0.118750 0.657813 2
0 0.610326 0.649034 0.442527 0.007903 0.389062 0.652555 2 0.831589 0.645083 2 0.831589 0.645083 2 0.389062 0.652986 2
0 0.946875 0.623648 0.025000 0.003402 0.934375 0.622231 2 0.959375 0.621947 2 0.959375 0.625131 2 0.936286 0.625348 2
0 0.855469 0.462675 0.026563 0.005900 0.843750 0.459725 2 0.868750 0.460938 2 0.868750 0.464062 2 0.842187 0.465625 2
0 0.896094 0.458719 0.060937 0.001813 0.865625 0.457813 2 0.926562 0.457813 2 0.926562 0.459375 2 0.867436 0.459625 2
0 0.909004 0.455469 0.091367 0.001562 0.863320 0.455508 2 0.954688 0.454688 2 0.954688 0.454688 2 0.864062 0.456250 2
0 0.712575 0.453201 0.301491 0.004614 0.561830 0.450894 2 0.863320 0.455508 2 0.863320 0.455508 2 0.561830 0.450894 2
0 0.466512 0.447634 0.120072 0.000864 0.406477 0.448066 2 0.526548 0.447202 2 0.526548 0.447202 2 0.406477 0.448066 2
0 0.259471 0.449123 0.243942 0.001755 0.137500 0.450000 2 0.381442 0.448245 2 0.379688 0.450000 2 0.137500 0.450000 2
0 0.464453 0.450000 0.150781 0.000000 0.389062 0.450000 2 0.539844 0.450000 2 0.539844 0.450000 2 0.389062 0.450000 2
0 0.157031 0.632812 0.154688 0.000000 0.079687 0.632812 2 0.234375 0.632812 2 0.234375 0.632812 2 0.079687 0.632812 2
0 0.041406 0.656250 0.032813 0.003125 0.028125 0.654687 2 0.057813 0.657813 2 0.057813 0.657813 2 0.025000 0.657813 2
0 0.245312 0.689844 0.271875 0.007812 0.110937 0.685937 2 0.381250 0.692187 2 0.379688 0.693750 2 0.109375 0.693750 2
0 0.161719 0.804688 0.195313 0.003125 0.065625 0.803125 2 0.259375 0.804688 2 0.259375 0.804688 2 0.064062 0.806250 2
0 0.113457 0.812209 0.123877 0.000494 0.051519 0.812456 2 0.175395 0.811962 2 0.175395 0.811962 2 0.051519 0.812456 2
0 0.112498 0.824942 0.121878 0.015509 0.051559 0.817187 2 0.173437 0.817187 2 0.171991 0.832697 2 0.051559 0.817187 2
0 0.343573 0.835156 0.030895 0.004688 0.328125 0.832812 2 0.357812 0.832812 2 0.359020 0.835583 2 0.329688 0.837500 2
0 0.503162 0.834611 0.220784 0.001488 0.393750 0.834375 2 0.613555 0.833867 2 0.613555 0.833867 2 0.392770 0.835355 2
0 0.775000 0.828906 0.109375 0.001563 0.720313 0.828125 2 0.829688 0.829688 2 0.829688 0.829688 2 0.720313 0.829688 2
0 0.508601 0.828906 0.142202 0.001563 0.439063 0.828125 2 0.579702 0.829688 2 0.579702 0.829688 2 0.437500 0.829688 2
0 0.488281 0.826718 0.157812 0.003436 0.409375 0.825000 2 0.567187 0.825000 2 0.567187 0.825000 2 0.409375 0.828436 2
0 0.470313 0.821367 0.125000 0.002109 0.407813 0.820312 2 0.532813 0.820312 2 0.532813 0.821875 2 0.407813 0.822422 2
0 0.678125 0.821094 0.131250 0.001563 0.614062 0.820312 2 0.743750 0.821875 2 0.743750 0.821875 2 0.612500 0.821875 2
0 0.825781 0.821094 0.054688 0.001563 0.800000 0.820312 2 0.853125 0.821875 2 0.853125 0.821875 2 0.798438 0.821875 2
0 0.907813 0.821094 0.078125 0.001563 0.870313 0.820312 2 0.946875 0.820312 2 0.946875 0.821875 2 0.868750 0.821875 2
0 0.950000 0.817150 0.040625 0.003050 0.931186 0.815689 2 0.970313 0.815625 2 0.970313 0.815625 2 0.929688 0.818675 2
0 0.885063 0.813374 0.054873 0.004873 0.859375 0.810937 2 0.909375 0.812500 2 0.912500 0.815720 2 0.857627 0.815811 2
0 0.842969 0.807330 0.051563 0.016969 0.817187 0.803125 2 0.868750 0.798845 2 0.854878 0.815814 2 0.817187 0.815625 2
0 0.935102 0.800055 0.029578 0.003016 0.920312 0.800105 2 0.949891 0.798547 2 0.948438 0.800000 2 0.920312 0.801562 2
0 0.939811 0.793009 0.039159 0.007894 0.925000 0.789062 2 0.959391 0.796891 2 0.959391 0.796891 2 0.920231 0.796956 2
0 0.803423 0.784516 0.142591 0.002844 0.732128 0.783716 2 0.874719 0.783094 2 0.873437 0.785937 2 0.732128 0.783716 2
0 0.588715 0.781598 0.022570 0.003820 0.578125 0.779687 2 0.600000 0.782813 2 0.600000 0.783345 2 0.577430 0.783508 2
0 0.385040 0.777830 0.053277 0.015036 0.360938 0.770312 2 0.411678 0.785116 2 0.411678 0.785116 2 0.358402 0.785348 2
0 0.284375 0.786166 0.121875 0.001522 0.223438 0.785937 2 0.345313 0.785405 2 0.345313 0.786927 2 0.223438 0.785937 2
0 0.290625 0.789612 0.109375 0.002027 0.235937 0.789062 2 0.345313 0.788598 2 0.345313 0.790625 2 0.235937 0.790625 2
0 0.285156 0.793750 0.123437 0.000000 0.223438 0.793750 2 0.346875 0.793750 2 0.346875 0.793750 2 0.223438 0.793750 2
0 0.150000 0.798242 0.234375 0.000391 0.032813 0.798438 2 0.267188 0.798047 2 0.267188 0.798438 2 0.032813 0.798438 2
0 0.885938 0.440625 0.137500 0.003125 0.817187 0.442188 2 0.954688 0.439063 2 0.954688 0.439063 2 0.817187 0.442188 2
0 0.164062 0.645013 0.140625 0.004148 0.093750 0.643547 2 0.234375 0.642939 2 0.234375 0.647088 2 0.093750 0.645028 2
0 0.200266 0.655038 0.170759 0.000945 0.114886 0.655511 2 0.285645 0.654566 2 0.285645 0.654566 2 0.114886 0.655511 2
0 0.381309 0.647027 0.036773 0.005945 0.362922 0.644172 2 0.399695 0.644055 2 0.398438 0.648438 2 0.367188 0.650000 2
0 0.643713 0.644080 0.334064 0.000541 0.476681 0.643809 2 0.810745 0.644350 2 0.810745 0.644350 2 0.476681 0.643809 2
0 0.925781 0.624495 0.023438 0.004134 0.917188 0.622428 2 0.937500 0.626563 2 0.937500 0.626563 2 0.914062 0.626563 2
0 0.702916 0.624878 0.296458 0.003369 0.554688 0.626563 2 0.850000 0.623194 2 0.851145 0.626147 2 0.554688 0.626563 2
0 0.337363 0.637500 0.190900 0.009375 0.241913 0.640350 2 0.432812 0.632812 2 0.432812 0.634375 2 0.243750 0.642188 2
0 0.114062 0.813972 0.118750 0.001262 0.054688 0.814063 2 0.173437 0.813341 2 0.173437 0.814603 2 0.054688 0.814063 2
0 0.109766 0.815499 0.127344 0.002873 0.046875 0.814063 2 0.173437 0.814645 2 0.173437 0.816936 2 0.046094 0.816406 2
0 0.360938 0.821875 0.062500 0.003125 0.329688 0.820312 2 0.392188 0.820312 2 0.392188 0.822641 2 0.329688 0.823438 2
0 0.597082 0.818824 0.377395 0.001833 0.409375 0.818750 2 0.785780 0.817908 2 0.785780 0.817908 2 0.408384 0.819741 2
0 0.845129 0.817939 0.118698 0.001203 0.785780 0.817908 2 0.903277 0.817338 2 0.904478 0.818541 2 0.785780 0.817908 2
0 0.800085 0.812615 0.027820 0.006345 0.786175 0.809611 2 0.813995 0.809442 2 0.813995 0.809442 2 0.792350 0.815788 2
0 0.798416 0.805468 0.031206 0.007902 0.787500 0.801517 2 0.812500 0.802514 2 0.814019 0.809419 2 0.782813 0.806250 2
0 0.780345 0.793876 0.242661 0.006223 0.659014 0.791827 2 0.899792 0.790764 2 0.901675 0.796987 2 0.659014 0.791827 2
0 0.911615 0.788456 0.023645 0.004616 0.899792 0.790764 2 0.923438 0.786148 2 0.923438 0.790659 2 0.899792 0.790764 2
0 0.749380 0.785073 0.177217 0.001730 0.660772 0.784208 2 0.837989 0.785937 2 0.837989 0.785937 2 0.662500 0.785937 2
0 0.629687 0.785061 0.059375 0.001753 0.600000 0.784294 2 0.657813 0.784184 2 0.659375 0.785937 2 0.600000 0.785937 2
0 0.473071 0.783658 0.063489 0.001434 0.441327 0.783514 2 0.504816 0.782941 2 0.504816 0.782941 2 0.442188 0.784375 2
0 0.386340 0.787350 0.057055 0.001906 0.357812 0.786828 2 0.412961 0.786397 2 0.414867 0.788303 2 0.357812 0.787500 2
0 0.386232 0.791893 0.058786 0.002536 0.359375 0.790625 2 0.415625 0.790625 2 0.415625 0.790625 2 0.356839 0.793161 2
0 0.471227 0.792656 0.060000 0.000266 0.441227 0.792789 2 0.501227 0.792523 2 0.501227 0.792523 2 0.441227 0.792789 2
0 0.557676 0.791543 0.084648 0.001836 0.515625 0.790625 2 0.600000 0.790625 2 0.600000 0.792087 2 0.515352 0.792461 2
0 0.628906 0.794616 0.057813 0.005567 0.600000 0.792087 2 0.657813 0.791833 2 0.654687 0.797400 2 0.600000 0.795312 2
0 0.488668 0.798152 0.228914 0.000570 0.374211 0.797867 2 0.603125 0.798438 2 0.603125 0.798438 2 0.374211 0.797867 2
0 0.448438 0.772656 0.081250 0.004688 0.407813 0.770312 2 0.489063 0.771875 2 0.489063 0.771875 2 0.407813 0.775000 2
0 0.704688 0.463281 0.265625 0.001562 0.571875 0.462500 2 0.837500 0.462500 2 0.837500 0.462500 2 0.571875 0.464062 2
0 0.677344 0.465625 0.201562 0.000000 0.576562 0.465625 2 0.778125 0.465625 2 0.778125 0.465625 2 0.576562 0.465625 2
0 0.302150 0.643978 0.121544 0.001159 0.241378 0.644558 2 0.362148 0.643398 2 0.362922 0.644172 2 0.241378 0.644558 2
0 0.277505 0.648599 0.073114 0.002802 0.240948 0.647198 2 0.314063 0.648438 2 0.314063 0.650000 2 0.242188 0.650000 2
0 0.359309 0.805047 0.180919 0.013019 0.268850 0.798538 2 0.449769 0.804919 2 0.449769 0.804919 2 0.277506 0.811556 2
0 0.362383 0.818555 0.068984 0.000389 0.327891 0.818516 2 0.396875 0.818361 2 0.396875 0.818750 2 0.327891 0.818516 2
0 0.570510 0.816801 0.159770 0.000773 0.490625 0.816414 2 0.650395 0.817187 2 0.650395 0.817187 2 0.490625 0.817187 2
0 0.773482 0.805515 0.012589 0.008083 0.768750 0.804688 2 0.779777 0.801473 2 0.779506 0.809556 2 0.767188 0.806250 2
0 0.660156 0.799064 0.114062 0.001253 0.603125 0.798438 2 0.717187 0.798438 2 0.717187 0.798438 2 0.603125 0.799691 2
0 0.453527 0.789464 0.077320 0.002322 0.414867 0.788303 2 0.492188 0.789062 2 0.492188 0.790625 2 0.415625 0.790625 2
0 0.702344 0.788816 0.373437 0.003617 0.515625 0.787877 2 0.889062 0.787008 2 0.885938 0.790625 2 0.515625 0.788558 2
0 0.768531 0.642416 0.148225 0.000456 0.694419 0.642188 2 0.842644 0.642644 2 0.842644 0.642644 2 0.694419 0.642188 2
0 0.310192 0.813773 0.026634 0.002692 0.296875 0.812589 2 0.323509 0.812427 2 0.322381 0.815119 2 0.296875 0.815030 2
0 0.560485 0.816018 0.139720 0.000636 0.490625 0.815700 2 0.630345 0.816184 2 0.630345 0.816184 2 0.490625 0.816336 2
0 0.708015 0.812769 0.107973 0.004716 0.654687 0.810411 2 0.762002 0.815127 2 0.762002 0.815127 2 0.654028 0.811597 2
0 0.680558 0.805036 0.167366 0.009162 0.602669 0.800455 2 0.764241 0.801383 2 0.764062 0.809617 2 0.596875 0.807411 2
0 0.566406 0.807234 0.064062 0.005092 0.535937 0.804688 2 0.596875 0.807411 2 0.598437 0.809780 2 0.534375 0.807684 2
0 0.372153 0.813494 0.091362 0.003281 0.326472 0.812409 2 0.417834 0.811853 2 0.417187 0.814063 2 0.327053 0.815134 2
0 0.711828 0.816466 0.162966 0.000564 0.630345 0.816184 2 0.793311 0.816748 2 0.793311 0.816748 2 0.630345 0.816184 2
0 0.573438 0.921094 0.393750 0.020313 0.376563 0.921875 2 0.770312 0.910937 2 0.770312 0.910937 2 0.376563 0.931250 2
0 0.499219 0.648438 0.998437 0.178125 0.000000 0.000000 0 0.984375 0.559375 2 0.000000 0.000000 0 0.000000 0.000000 0
0 0.296094 0.401563 0.142187 0.003125 0.228125 0.400000 2 0.367188 0.400000 2 0.367188 0.400000 2 0.225000 0.403125 2
0 0.600781 0.413281 0.526562 0.004688 0.337500 0.415625 2 0.864062 0.410938 2 0.864062 0.410938 2 0.337500 0.415625 2
0 0.470313 0.446094 0.075000 0.001563 0.433872 0.445816 2 0.507812 0.445312 2 0.507812 0.446875 2 0.432812 0.446875 2
0 0.628753 0.446722 0.373131 0.006556 0.442188 0.450000 2 0.815319 0.443444 2 0.815319 0.443444 2 0.442188 0.450000 2
0 0.898438 0.434375 0.168750 0.015625 0.829688 0.426563 2 0.982812 0.434375 2 0.982812 0.434375 2 0.814063 0.442188 2
0 0.612500 0.425859 0.434375 0.001406 0.395313 0.426563 2 0.828281 0.425156 2 0.829688 0.426563 2 0.395313 0.426563 2
0 0.173023 0.580102 0.124172 0.002297 0.110937 0.579688 2 0.235109 0.578953 2 0.232813 0.581250 2 0.110937 0.579688 2
0 0.792123 0.566611 0.140587 0.011347 0.721830 0.560937 2 0.862417 0.561020 2 0.860358 0.572284 2 0.729417 0.568750 2
0 0.476363 0.579106 0.190225 0.004288 0.381250 0.578089 2 0.571475 0.576962 2 0.568750 0.581250 2 0.381250 0.578125 2
0 0.500781 0.481250 0.585938 0.000000 0.207813 0.481250 2 0.793750 0.481250 2 0.793750 0.481250 2 0.207813 0.481250 2
0 0.871850 0.478500 0.181300 0.000750 0.781200 0.478875 2 0.962500 0.478125 2 0.962500 0.478125 2 0.781200 0.478875 2
0 0.796094 0.546094 0.151562 0.004688 0.720313 0.548438 2 0.871875 0.543750 2 0.871875 0.543750 2 0.720313 0.548438 2
0 0.877344 0.731206 0.160937 0.009463 0.798525 0.726475 2 0.957812 0.731250 2 0.957812 0.731250 2 0.796875 0.735938 2
0 0.794123 0.574500 0.121128 0.002972 0.733559 0.573014 2 0.854688 0.575000 2 0.854400 0.575289 2 0.736445 0.575986 2
0 0.499219 0.770312 0.998437 0.137500 0.000000 0.000000 0 0.000000 0.000000 0 0.000000 0.000000 0 0.000000 0.000000 0
0 0.327310 0.889844 0.654620 0.114063 0.000000 0.000000 0 0.654620 0.894197 2 0.654620 0.894197 2 0.000000 0.000000 0
0 0.432481 0.938346 0.268088 0.001433 0.298438 0.939063 2 0.566525 0.937630 2 0.566525 0.937630 2 0.298438 0.939063 2
0 0.826529 0.874219 0.343817 0.101562 0.654620 0.894197 2 0.000000 0.000000 0 0.000000 0.000000 0 0.654620 0.894197 2
0 0.607484 0.817787 0.486844 0.001198 0.364063 0.817187 2 0.850906 0.818386 2 0.850906 0.818386 2 0.364063 0.817187 2
0 0.474219 0.833594 0.273438 0.007812 0.337500 0.837500 2 0.610938 0.829688 2 0.610938 0.829688 2 0.337500 0.837500 2
0 0.499219 0.968750 0.998437 0.059375 0.000000 0.000000 0 0.000000 0.000000 0 0.000000 0.000000 0 0.000000 0.000000 0
