0 0.496094 0.249219 0.910937 0.104688 0.040625 0.212500 2 0.951562 0.196875 2 0.950000 0.282813 2 0.043750 0.301563 2
0 0.496094 0.343750 0.904688 0.125000 0.043750 0.295312 2 0.948438 0.281250 2 0.948438 0.385937 2 0.043750 0.406250 2
0 0.377344 0.575070 0.342188 0.011877 0.206250 0.570312 2 0.548438 0.569131 2 0.548438 0.569850 2 0.212742 0.581008 2
0 0.547656 0.659375 0.123437 0.003125 0.485938 0.657813 2 0.609375 0.657813 2 0.609375 0.660937 2 0.487500 0.659375 2
0 0.535937 0.646094 0.065625 0.001563 0.503125 0.645312 2 0.568750 0.645338 2 0.568750 0.646875 2 0.503125 0.646875 2
0 0.680469 0.645605 0.089062 0.000586 0.635938 0.645312 2 0.725000 0.645312 2 0.725000 0.645312 2 0.635938 0.645898 2
0 0.219531 0.425000 0.135937 0.003125 0.151562 0.423438 2 0.287500 0.426048 2 0.287500 0.426563 2 0.151562 0.423438 2
0 0.551780 0.424743 0.528561 0.002611 0.287500 0.425000 2 0.815625 0.423438 2 0.816061 0.423873 2 0.287500 0.426048 2
0 0.893634 0.422773 0.056483 0.001795 0.865625 0.421875 2 0.921875 0.423438 2 0.921875 0.423438 2 0.865392 0.423670 2
0 0.584375 0.415457 0.015625 0.006586 0.578080 0.412455 2 0.590961 0.412164 2 0.592187 0.418750 2 0.576562 0.418750 2
0 0.610324 0.410617 0.038727 0.003094 0.594055 0.409070 2 0.629687 0.409375 2 0.629687 0.411291 2 0.590961 0.412164 2
0 0.871875 0.271005 0.109375 0.001384 0.817187 0.270313 2 0.926562 0.270313 2 0.926562 0.270313 2 0.817187 0.271697 2
0 0.124219 0.440625 0.142187 0.006250 0.053125 0.439063 2 0.195312 0.437500 2 0.192188 0.443750 2 0.053125 0.439063 2
0 0.170313 0.549219 0.028125 0.004687 0.156250 0.546875 2 0.184375 0.551562 2 0.184375 0.551562 2 0.156250 0.551562 2
0 0.123878 0.562059 0.119631 0.016506 0.064062 0.564063 2 0.183694 0.553806 2 0.179688 0.565875 2 0.064062 0.570312 2
0 0.136684 0.570951 0.089131 0.001848 0.092119 0.570244 2 0.180966 0.570027 2 0.181250 0.571875 2 0.092119 0.570244 2
0 0.170959 0.582166 0.082542 0.001292 0.129688 0.582812 2 0.212230 0.581520 2 0.212230 0.581520 2 0.129688 0.582812 2
0 0.328545 0.577355 0.125841 0.004711 0.270313 0.575000 2 0.391466 0.579711 2 0.391466 0.579711 2 0.265625 0.579688 2
0 0.630735 0.559824 0.060405 0.000898 0.600533 0.560273 2 0.660937 0.559375 2 0.660937 0.559375 2 0.600533 0.560273 2
0 0.526593 0.554177 0.149939 0.004147 0.451623 0.553186 2 0.601562 0.552103 2 0.600000 0.554688 2 0.453125 0.556250 2
0 0.589063 0.546315 0.028125 0.005130 0.575000 0.543750 2 0.603125 0.548438 2 0.603125 0.548520 2 0.576120 0.548880 2
0 0.504755 0.547926 0.107467 0.005227 0.453125 0.545312 2 0.558489 0.549114 2 0.558489 0.549114 2 0.451022 0.550539 2
0 0.224219 0.551562 0.057812 0.000000 0.195312 0.551562 2 0.253125 0.551562 2 0.253125 0.551562 2 0.195312 0.551562 2
0 0.253906 0.535527 0.373437 0.000822 0.067187 0.535937 2 0.440625 0.535116 2 0.440625 0.535937 2 0.067187 0.535937 2
0 0.503906 0.535156 0.092188 0.001562 0.457813 0.534673 2 0.550000 0.534375 2 0.550000 0.535937 2 0.457813 0.535937 2
0 0.505469 0.535156 0.157812 0.001562 0.426563 0.534375 2 0.584375 0.534375 2 0.584375 0.535937 2 0.426563 0.534375 2
0 0.419531 0.647656 0.179688 0.004688 0.331250 0.645312 2 0.509375 0.650000 2 0.509375 0.650000 2 0.329688 0.650000 2
0 0.665625 0.648402 0.059375 0.000072 0.636009 0.648366 2 0.695312 0.648438 2 0.695312 0.648438 2 0.635938 0.648438 2
0 0.757031 0.644048 0.029687 0.002528 0.742188 0.642784 2 0.771875 0.645312 2 0.771875 0.645312 2 0.742188 0.645312 2
0 0.732213 0.638463 0.091823 0.001927 0.686302 0.639427 2 0.778125 0.637500 2 0.778125 0.637500 2 0.686302 0.639427 2
0 0.725000 0.636093 0.100000 0.003436 0.675000 0.634375 2 0.775000 0.634375 2 0.775000 0.634375 2 0.678125 0.637811 2
0 0.525000 0.633434 0.171875 0.013742 0.439063 0.626563 2 0.610938 0.629234 2 0.607812 0.640305 2 0.439063 0.626563 2
0 0.628906 0.657506 0.039062 0.002513 0.610938 0.656250 2 0.648438 0.657813 2 0.648009 0.658242 2 0.609375 0.658763 2
0 0.753125 0.659375 0.090625 0.003125 0.707812 0.660937 2 0.798438 0.657813 2 0.798438 0.657813 2 0.707812 0.660937 2
0 0.311977 0.660937 0.270828 0.000000 0.176563 0.660937 2 0.447391 0.660937 2 0.447391 0.660937 2 0.176563 0.660937 2
0 0.210606 0.559752 0.051062 0.011855 0.185075 0.553825 2 0.236137 0.554488 2 0.236137 0.554488 2 0.187445 0.565680 2
0 0.194531 0.567312 0.029688 0.002875 0.179688 0.565875 2 0.209375 0.567187 2 0.209375 0.568750 2 0.179688 0.568750 2
0 0.566629 0.560777 0.030008 0.000445 0.551625 0.561000 2 0.581633 0.560555 2 0.581633 0.560555 2 0.551625 0.561000 2
0 0.534330 0.562701 0.031161 0.003348 0.519775 0.561473 2 0.549911 0.561027 2 0.546875 0.564375 2 0.518750 0.563980 2
0 0.368381 0.554688 0.166484 0.006250 0.285139 0.557813 2 0.450000 0.551562 2 0.451623 0.553186 2 0.285139 0.557813 2
0 0.191651 0.581466 0.042183 0.000916 0.170559 0.581923 2 0.212742 0.581008 2 0.212742 0.581008 2 0.170559 0.581923 2
0 0.507945 0.411563 0.112764 0.007419 0.451562 0.407853 2 0.561920 0.408795 2 0.564327 0.412764 2 0.453125 0.415272 2
0 0.678125 0.630469 0.062500 0.001563 0.646875 0.630791 2 0.709375 0.629687 2 0.709375 0.631250 2 0.646875 0.631250 2
0 0.628741 0.635804 0.030019 0.008445 0.613731 0.631581 2 0.643750 0.637500 2 0.643750 0.637500 2 0.615625 0.640027 2
0 0.348871 0.564016 0.180383 0.002681 0.258680 0.565356 2 0.439063 0.562675 2 0.439063 0.564063 2 0.258680 0.565356 2
0 0.628125 0.641713 0.025000 0.002658 0.615625 0.640909 2 0.640625 0.640384 2 0.639770 0.643042 2 0.615625 0.642188 2
0 0.395313 0.214062 0.115625 0.003125 0.337500 0.212500 2 0.453125 0.212500 2 0.451562 0.215625 2 0.337500 0.212500 2
0 0.592969 0.229687 0.426563 0.003125 0.379688 0.231250 2 0.806250 0.228125 2 0.806250 0.228125 2 0.379688 0.231250 2
0 0.601988 0.214728 0.272725 0.001794 0.465625 0.215625 2 0.738350 0.213831 2 0.738350 0.213831 2 0.465625 0.215625 2
0 0.651719 0.210156 0.355938 0.004687 0.473750 0.212500 2 0.829688 0.207813 2 0.829688 0.208459 2 0.473750 0.212500 2
0 0.495312 0.428906 0.912500 0.145313 0.043750 0.390625 2 0.935937 0.356250 2 0.951562 0.484375 2 0.039062 0.501563 2
0 0.495312 0.528906 0.915625 0.104688 0.037500 0.492188 2 0.953125 0.476562 2 0.946875 0.562500 2 0.037500 0.581250 2
0 0.495312 0.621875 0.909375 0.093750 0.040625 0.590625 2 0.950000 0.575000 2 0.946875 0.654687 2 0.045312 0.668750 2
0 0.497656 0.715625 0.907813 0.106250 0.043750 0.681250 2 0.951562 0.662500 2 0.950000 0.750000 2 0.046875 0.768750 2
0 0.500000 0.808594 0.909375 0.101562 0.045312 0.778125 2 0.954688 0.757812 2 0.954688 0.845313 2 0.048438 0.859375 2
0 0.505469 0.896094 0.898438 0.117188 0.056250 0.868750 2 0.954688 0.837500 2 0.954688 0.939063 2 0.062500 0.954688 2
0 0.507812 0.972656 0.900000 0.051562 0.057813 0.950000 2 0.954688 0.946875 2 0.000000 0.000000 0 0.000000 0.000000 0
