0 0.503125 0.081250 0.990625 0.143750 0.007812 0.017188 2 0.000000 0.000000 0 0.000000 0.000000 0 0.012500 0.153125 2
0 0.503125 0.193750 0.990625 0.118750 0.007812 0.137500 2 0.000000 0.000000 0 0.000000 0.000000 0 0.018750 0.253125 2
0 0.503125 0.293750 0.990625 0.125000 0.007812 0.254688 2 0.000000 0.000000 0 0.990625 0.340625 2 0.012500 0.356250 2
0 0.503906 0.397656 0.967188 0.107812 0.020313 0.362500 2 0.987500 0.343750 2 0.985938 0.429688 2 0.031250 0.451562 2
0 0.509375 0.493750 0.956250 0.115625 0.031250 0.459375 2 0.987500 0.435937 2 0.979688 0.529687 2 0.039062 0.551562 2
0 0.511719 0.589844 0.939062 0.098437 0.042188 0.560937 2 0.981250 0.540625 2 0.971875 0.614062 2 0.051562 0.639062 2
0 0.517188 0.675781 0.915625 0.107813 0.059375 0.650000 2 0.975000 0.621875 2 0.970313 0.703125 2 0.068750 0.729688 2
0 0.517188 0.768750 0.900000 0.090625 0.067187 0.731250 2 0.967187 0.723437 2 0.957812 0.798438 2 0.070312 0.814063 2
0 0.513281 0.854688 0.892188 0.106250 0.067187 0.810937 2 0.959375 0.801562 2 0.956250 0.884375 2 0.078125 0.907813 2
0 0.517188 0.947656 0.868750 0.101562 0.082812 0.914062 2 0.951562 0.896875 2 0.946875 0.973437 2 0.000000 0.000000 0
