0 0.499219 0.051562 0.998437 0.103125 0.000000 0.000000 0 0.000000 0.000000 0 0.000000 0.000000 0 0.000000 0.000000 0
0 0.499219 0.172656 0.998437 0.148438 0.000000 0.000000 0 0.000000 0.000000 0 0.000000 0.000000 0 0.000000 0.000000 0
0 0.576562 0.253125 0.331250 0.003125 0.410938 0.254688 2 0.742188 0.251563 2 0.740625 0.254688 2 0.410938 0.254688 2
0 0.499219 0.300781 0.998437 0.120313 0.000000 0.000000 0 0.000000 0.000000 0 0.000000 0.000000 0 0.000000 0.000000 0
0 0.460156 0.229687 0.660937 0.003125 0.129688 0.231250 2 0.790625 0.228125 2 0.788020 0.231250 2 0.129688 0.231250 2
0 0.355469 0.469398 0.110938 0.001295 0.300000 0.468750 2 0.410938 0.468750 2 0.410938 0.468750 2 0.300000 0.470045 2
0 0.499219 0.410156 0.998437 0.120313 0.000000 0.000000 0 0.000000 0.000000 0 0.000000 0.000000 0 0.000000 0.000000 0
0 0.595491 0.468148 0.184733 0.001920 0.504687 0.467187 2 0.687858 0.469108 2 0.687858 0.469108 2 0.503125 0.468750 2
0 0.635156 0.463281 0.210938 0.004688 0.529687 0.460938 2 0.740625 0.465625 2 0.740625 0.465625 2 0.529687 0.462500 2
0 0.499219 0.517969 0.998437 0.107813 0.000000 0.000000 0 0.000000 0.000000 0 0.000000 0.000000 0 0.000000 0.000000 0
0 0.494531 0.616406 0.989062 0.089062 0.000000 0.000000 0 0.989062 0.578125 2 0.973437 0.660937 2 0.000000 0.000000 0
0 0.486719 0.703125 0.973437 0.096875 0.000000 0.000000 0 0.973437 0.670312 2 0.953125 0.751563 2 0.000000 0.000000 0
0 0.474219 0.792969 0.948438 0.082812 0.000000 0.000000 0 0.948438 0.759375 2 0.928125 0.834375 2 0.012500 0.834375 2
0 0.197955 0.832812 0.070909 0.006250 0.162500 0.829688 2 0.233409 0.830653 2 0.231250 0.835938 2 0.162500 0.832812 2
0 0.168750 0.838966 0.234375 0.003319 0.051562 0.840625 2 0.284375 0.837306 2 0.285938 0.840625 2 0.051562 0.840625 2
0 0.339844 0.831250 0.135938 0.003125 0.271875 0.832812 2 0.407813 0.829688 2 0.407813 0.829688 2 0.271875 0.832812 2
0 0.457812 0.865625 0.906250 0.062500 0.000000 0.000000 0 0.909375 0.856250 2 0.910937 0.896875 2 0.020313 0.892188 2
0 0.874219 0.842969 0.101562 0.004688 0.823438 0.840625 2 0.925000 0.840625 2 0.923438 0.845313 2 0.823438 0.842187 2
0 0.465625 0.932813 0.890625 0.075000 0.020313 0.895312 2 0.910937 0.904687 2 0.895312 0.970313 2 0.032813 0.964063 2
