0 0.396944 0.232881 0.112638 0.003262 0.340625 0.231250 2 0.453263 0.234512 2 0.453263 0.234512 2 0.340625 0.232813 2
0 0.535937 0.194531 0.812500 0.104688 0.139063 0.145313 2 0.931250 0.142187 2 0.942187 0.225000 2 0.129688 0.246875 2
0 0.346380 0.323489 0.089636 0.007294 0.301563 0.325000 2 0.386408 0.319842 2 0.391198 0.327136 2 0.301563 0.325000 2
0 0.532813 0.283594 0.825000 0.104687 0.131250 0.243750 2 0.945312 0.231250 2 0.926562 0.317188 2 0.120313 0.335938 2
0 0.696718 0.304134 0.237186 0.004511 0.578125 0.306138 2 0.815311 0.301878 2 0.815311 0.301878 2 0.578125 0.306389 2
0 0.657707 0.313958 0.118961 0.006041 0.598437 0.310937 2 0.717187 0.314063 2 0.715625 0.315916 2 0.598227 0.316978 2
0 0.310938 0.389844 0.412500 0.104687 0.118750 0.337500 2 0.511691 0.378555 2 0.517188 0.420312 2 0.104688 0.442188 2
0 0.745946 0.421094 0.170017 0.007812 0.662500 0.417187 2 0.830955 0.418455 2 0.830955 0.418455 2 0.660937 0.425000 2
0 0.917969 0.336719 0.082812 0.007812 0.878125 0.332813 2 0.956250 0.335938 2 0.959375 0.340625 2 0.876563 0.335778 2
0 0.586043 0.339627 0.234586 0.001997 0.468750 0.340625 2 0.703336 0.338628 2 0.703336 0.338628 2 0.468750 0.340625 2
0 0.544801 0.363496 0.067727 0.030117 0.510938 0.348438 2 0.578125 0.359375 2 0.578664 0.364602 2 0.511691 0.378555 2
0 0.441051 0.435512 0.127273 0.002273 0.378125 0.435937 2 0.504687 0.434375 2 0.504687 0.434375 2 0.377414 0.436648 2
0 0.599219 0.432031 0.320312 0.001562 0.439063 0.431250 2 0.759375 0.431250 2 0.759375 0.431250 2 0.439063 0.432812 2
0 0.586262 0.427876 0.168400 0.005752 0.507812 0.425000 2 0.667188 0.425000 2 0.670462 0.428277 2 0.502062 0.430752 2
0 0.848437 0.422475 0.031250 0.008175 0.834013 0.418387 2 0.864062 0.426563 2 0.864062 0.426563 2 0.832812 0.425000 2
0 0.914062 0.403125 0.121875 0.046875 0.853898 0.417961 2 0.967187 0.379688 2 0.975000 0.426563 2 0.853125 0.423438 2
0 0.765625 0.406627 0.353125 0.008620 0.592995 0.402317 2 0.942187 0.403125 2 0.942187 0.403125 2 0.589063 0.410938 2
0 0.862500 0.393750 0.081250 0.012500 0.826562 0.387500 2 0.903125 0.387500 2 0.898725 0.397162 2 0.821875 0.400000 2
0 0.708675 0.384669 0.235775 0.005663 0.590788 0.386100 2 0.824412 0.381837 2 0.826562 0.387500 2 0.592187 0.387500 2
0 0.711430 0.372920 0.263484 0.016378 0.579688 0.370858 2 0.843172 0.364731 2 0.834516 0.381109 2 0.579688 0.373228 2
0 0.837815 0.359635 0.033745 0.005730 0.820942 0.356880 2 0.854688 0.356770 2 0.854688 0.356787 2 0.825000 0.362500 2
0 0.889023 0.352344 0.062578 0.007812 0.857734 0.354687 2 0.918750 0.348438 2 0.920312 0.356250 2 0.857734 0.354687 2
0 0.776239 0.342645 0.203772 0.004041 0.674353 0.344666 2 0.878125 0.340625 2 0.878125 0.340625 2 0.674353 0.344666 2
0 0.789949 0.337203 0.173227 0.002850 0.703336 0.338628 2 0.876563 0.335778 2 0.876563 0.336938 2 0.703336 0.338628 2
0 0.552104 0.339609 0.056392 0.001094 0.525000 0.339062 2 0.580300 0.339675 2 0.580300 0.339675 2 0.523908 0.340156 2
0 0.722656 0.355546 0.264063 0.001717 0.592187 0.354687 2 0.854688 0.356250 2 0.854688 0.356405 2 0.590625 0.356250 2
0 0.549120 0.406966 0.073636 0.007942 0.512302 0.402995 2 0.582812 0.403125 2 0.585938 0.410938 2 0.512500 0.410938 2
0 0.703906 0.363923 0.245312 0.000280 0.581250 0.364063 2 0.826562 0.363783 2 0.826562 0.364063 2 0.581250 0.364063 2
0 0.539844 0.488281 0.882812 0.148438 0.106250 0.440625 2 0.970313 0.414062 2 0.981250 0.542188 2 0.098437 0.562500 2
0 0.150000 0.667188 0.075000 0.012500 0.112500 0.673438 2 0.187500 0.660937 2 0.185938 0.668750 2 0.112500 0.673438 2
0 0.242221 0.671094 0.115558 0.004688 0.185938 0.668750 2 0.300000 0.668750 2 0.296875 0.673438 2 0.184442 0.671808 2
0 0.723278 0.564222 0.184694 0.000319 0.631250 0.564063 2 0.815625 0.564063 2 0.815625 0.564063 2 0.630931 0.564381 2
0 0.475781 0.643750 0.464062 0.003125 0.243750 0.642188 2 0.706250 0.642188 2 0.707812 0.645312 2 0.246723 0.645161 2
0 0.196875 0.657983 0.125000 0.000341 0.134375 0.657813 2 0.259375 0.657813 2 0.259375 0.657813 2 0.134714 0.658153 2
0 0.200490 0.674648 0.044492 0.002422 0.179688 0.673438 2 0.222736 0.675859 2 0.222736 0.675859 2 0.178244 0.674883 2
0 0.380698 0.679625 0.022980 0.006125 0.369208 0.676562 2 0.392188 0.678125 2 0.392188 0.682688 2 0.369208 0.676562 2
0 0.532813 0.678906 0.281250 0.004688 0.393750 0.679688 2 0.673438 0.676562 2 0.673438 0.677361 2 0.392188 0.681250 2
0 0.695312 0.675340 0.031250 0.003805 0.679688 0.676562 2 0.710938 0.673438 2 0.709375 0.676562 2 0.679688 0.677242 2
0 0.678394 0.669262 0.013038 0.008352 0.671875 0.665520 2 0.684913 0.665086 2 0.682813 0.673438 2 0.671875 0.673438 2
0 0.727486 0.663012 0.085147 0.004148 0.687500 0.660937 2 0.768750 0.660937 2 0.770059 0.662248 2 0.684913 0.665086 2
0 0.732813 0.657813 0.146875 0.000000 0.659375 0.657813 2 0.806250 0.657813 2 0.806250 0.657813 2 0.659375 0.657813 2
0 0.553125 0.658675 0.075000 0.001725 0.515625 0.657813 2 0.590625 0.657813 2 0.590625 0.659375 2 0.515625 0.659537 2
0 0.364063 0.658256 0.053125 0.000887 0.337500 0.657813 2 0.390625 0.657813 2 0.390625 0.658700 2 0.337500 0.657813 2
0 0.271094 0.659375 0.023438 0.003125 0.259375 0.657813 2 0.282813 0.657813 2 0.281250 0.660937 2 0.259375 0.657813 2
0 0.411328 0.769531 0.114844 0.001562 0.353906 0.768750 2 0.468750 0.768750 2 0.468750 0.770312 2 0.353906 0.768750 2
0 0.475000 0.774219 0.503125 0.007812 0.223438 0.778125 2 0.726562 0.770312 2 0.726562 0.771875 2 0.223438 0.778125 2
0 0.407031 0.785156 0.154687 0.007812 0.329688 0.781250 2 0.484375 0.782813 2 0.484375 0.782813 2 0.329688 0.789062 2
0 0.373437 0.786719 0.062500 0.001563 0.342187 0.785937 2 0.404687 0.785937 2 0.404687 0.787500 2 0.342187 0.785937 2
0 0.550781 0.800616 0.182813 0.001894 0.459375 0.800681 2 0.640625 0.799669 2 0.642188 0.801562 2 0.459375 0.801562 2
0 0.575612 0.806420 0.344973 0.005911 0.403125 0.809375 2 0.748098 0.803464 2 0.746875 0.809375 2 0.403125 0.809375 2
0 0.874176 0.777301 0.161023 0.011023 0.793664 0.771789 2 0.954688 0.782813 2 0.954688 0.782813 2 0.796875 0.776563 2
0 0.885961 0.767992 0.028078 0.004641 0.871922 0.765672 2 0.900000 0.767188 2 0.898438 0.770312 2 0.871922 0.765672 2
0 0.833498 0.759493 0.076847 0.012736 0.795075 0.765861 2 0.865625 0.753125 2 0.871922 0.765672 2 0.795075 0.765861 2
0 0.651305 0.762123 0.079117 0.003878 0.611747 0.760184 2 0.690864 0.763822 2 0.690625 0.764062 2 0.611747 0.760184 2
0 0.639062 0.754687 0.293750 0.000000 0.492188 0.754687 2 0.785937 0.754687 2 0.785937 0.754687 2 0.492188 0.754687 2
0 0.370313 0.753602 0.231250 0.002172 0.254688 0.754687 2 0.485938 0.752516 2 0.485938 0.754687 2 0.254688 0.754687 2
0 0.406668 0.764282 0.186664 0.005545 0.313336 0.767055 2 0.500000 0.761509 2 0.496875 0.765625 2 0.313336 0.767055 2
0 0.244531 0.770312 0.020313 0.009375 0.235937 0.765625 2 0.253125 0.765625 2 0.254688 0.771875 2 0.234375 0.775000 2
0 0.650000 0.260156 0.343750 0.004688 0.478125 0.259375 2 0.821875 0.257812 2 0.818750 0.262500 2 0.478125 0.259375 2
0 0.328207 0.674138 0.062664 0.001725 0.296875 0.673438 2 0.359539 0.673275 2 0.359539 0.673275 2 0.296875 0.675000 2
0 0.567187 0.675000 0.156250 0.003125 0.489063 0.673438 2 0.645312 0.676562 2 0.645312 0.676562 2 0.489063 0.675450 2
0 0.507812 0.664844 0.209375 0.007812 0.404687 0.660937 2 0.612500 0.668750 2 0.612500 0.668750 2 0.403125 0.668750 2
0 0.641406 0.663281 0.060937 0.004688 0.612500 0.664062 2 0.670312 0.660937 2 0.671875 0.665520 2 0.610938 0.665625 2
0 0.445312 0.785618 0.081250 0.000639 0.404687 0.785730 2 0.485938 0.785298 2 0.485938 0.785937 2 0.404687 0.785937 2
0 0.564414 0.797227 0.218047 0.006953 0.456250 0.793750 2 0.673438 0.793750 2 0.673438 0.795167 2 0.455391 0.800703 2
0 0.700781 0.800319 0.095313 0.002487 0.653125 0.799598 2 0.746875 0.799075 2 0.748437 0.801562 2 0.653125 0.801562 2
0 0.735938 0.796952 0.062500 0.004017 0.704688 0.794944 2 0.767188 0.796875 2 0.767188 0.798961 2 0.704688 0.796875 2
0 0.773127 0.792861 0.113120 0.003988 0.716567 0.791567 2 0.829688 0.790867 2 0.829688 0.794052 2 0.717187 0.794855 2
0 0.776682 0.774202 0.024761 0.004722 0.764302 0.772116 2 0.789062 0.771841 2 0.789062 0.771875 2 0.765625 0.776563 2
0 0.832812 0.769531 0.084375 0.001562 0.790625 0.768750 2 0.875000 0.768750 2 0.875000 0.770312 2 0.790625 0.768750 2
0 0.618750 0.767969 0.290625 0.001563 0.475000 0.767188 2 0.764062 0.767188 2 0.764062 0.768750 2 0.473438 0.768750 2
0 0.725781 0.775781 0.017188 0.004687 0.717187 0.778125 2 0.734375 0.773438 2 0.734375 0.778125 2 0.717187 0.778125 2
0 0.663281 0.779272 0.045312 0.002294 0.640625 0.778125 2 0.685937 0.778125 2 0.685937 0.779713 2 0.642188 0.780419 2
0 0.583594 0.781616 0.117188 0.002394 0.525512 0.782300 2 0.642188 0.780419 2 0.642188 0.782813 2 0.525000 0.782813 2
0 0.556502 0.761709 0.074495 0.004706 0.519255 0.760938 2 0.593750 0.759356 2 0.589063 0.764062 2 0.519255 0.760938 2
0 0.594531 0.786986 0.154687 0.005347 0.517188 0.785937 2 0.671875 0.784312 2 0.671875 0.785937 2 0.517188 0.789659 2
0 0.578906 0.791095 0.185937 0.002184 0.486559 0.790003 2 0.671875 0.790625 2 0.671875 0.791844 2 0.485938 0.792188 2
0 0.688281 0.793292 0.032813 0.003303 0.671875 0.791844 2 0.704688 0.791641 2 0.704688 0.794944 2 0.671875 0.792188 2
0 0.745313 0.788702 0.059375 0.003845 0.717187 0.787413 2 0.773438 0.786780 2 0.775000 0.790625 2 0.715625 0.790625 2
0 0.735156 0.781136 0.064063 0.006022 0.703125 0.782813 2 0.767188 0.778125 2 0.765625 0.783816 2 0.703125 0.784147 2
0 0.678906 0.797656 0.051563 0.001563 0.653125 0.796875 2 0.704688 0.796875 2 0.704688 0.798438 2 0.653125 0.798438 2
0 0.688281 0.788281 0.032813 0.004688 0.671875 0.785937 2 0.703125 0.787570 2 0.704688 0.790625 2 0.671875 0.790625 2
0 0.542188 0.615625 0.903125 0.118750 0.098437 0.556250 2 0.950000 0.567187 2 0.000000 0.000000 0 0.090625 0.675000 2
0 0.941406 0.604688 0.098437 0.006250 0.892188 0.606250 2 0.989062 0.601562 2 0.990625 0.607812 2 0.892188 0.606250 2
0 0.685230 0.553125 0.232666 0.003125 0.568897 0.551708 2 0.801562 0.551562 2 0.801562 0.551562 2 0.571875 0.554688 2
0 0.915625 0.554688 0.131250 0.009375 0.850000 0.559375 2 0.981250 0.550000 2 0.981250 0.559375 2 0.850000 0.559375 2
0 0.530858 0.739844 0.896091 0.110938 0.085938 0.684375 2 0.978903 0.781250 2 0.973059 0.787122 2 0.082812 0.795312 2
0 0.779687 0.717969 0.437500 0.104687 0.576561 0.678125 2 0.000000 0.000000 0 0.000000 0.000000 0 0.560937 0.734375 2
0 0.698438 0.696094 0.356250 0.023438 0.520312 0.707812 2 0.876563 0.684375 2 0.876563 0.684375 2 0.520312 0.707812 2
0 0.747553 0.756225 0.286144 0.003075 0.604688 0.754687 2 0.890625 0.754687 2 0.889062 0.757763 2 0.604481 0.756456 2
0 0.754984 0.749321 0.299408 0.004705 0.605280 0.750592 2 0.904687 0.746969 2 0.903125 0.750000 2 0.606139 0.751673 2
0 0.753906 0.743175 0.301562 0.007400 0.603125 0.745166 2 0.904687 0.739475 2 0.904687 0.746875 2 0.603125 0.745313 2
0 0.532031 0.698438 0.045312 0.006250 0.509375 0.696875 2 0.554688 0.695312 2 0.553125 0.701562 2 0.509375 0.696875 2
0 0.538281 0.856250 0.920312 0.140625 0.090625 0.793750 2 0.000000 0.000000 0 0.000000 0.000000 0 0.078125 0.926562 2
0 0.536719 0.958594 0.923438 0.079688 0.079687 0.934375 2 0.000000 0.000000 0 0.000000 0.000000 0 0.000000 0.000000 0
