0 0.461719 0.042969 0.801563 0.085938 0.000000 0.000000 0 0.000000 0.000000 0 0.854688 0.064062 2 0.081250 0.085938 2
0 0.472656 0.117969 0.779688 0.104688 0.082812 0.065625 2 0.862500 0.068750 2 0.857812 0.167187 2 0.092188 0.170313 2
0 0.477344 0.224219 0.764062 0.101563 0.095312 0.176563 2 0.859375 0.173437 2 0.851562 0.270313 2 0.106250 0.275000 2
0 0.473438 0.325000 0.743750 0.093750 0.101562 0.278125 2 0.845313 0.278125 2 0.837500 0.365625 2 0.110937 0.371875 2
0 0.475781 0.415625 0.726562 0.090625 0.112500 0.376563 2 0.839063 0.370312 2 0.832812 0.457813 2 0.118750 0.460938 2
0 0.482031 0.506250 0.707812 0.081250 0.128125 0.471875 2 0.835938 0.465625 2 0.826562 0.543750 2 0.132812 0.546875 2
0 0.485156 0.595313 0.701562 0.090625 0.134375 0.556250 2 0.835938 0.550000 2 0.826562 0.634375 2 0.143750 0.640625 2
0 0.483594 0.678906 0.682812 0.079688 0.142187 0.645312 2 0.825000 0.639062 2 0.815625 0.714063 2 0.153125 0.718750 2
0 0.490625 0.757031 0.668750 0.070312 0.156250 0.725000 2 0.825000 0.721875 2 0.817187 0.792188 2 0.160938 0.789062 2
0 0.490625 0.835156 0.659375 0.082813 0.160938 0.793750 2 0.820312 0.800000 2 0.810937 0.876563 2 0.168750 0.875000 2
0 0.492188 0.911719 0.637500 0.064063 0.173437 0.879687 2 0.810937 0.881250 2 0.806250 0.943750 2 0.173437 0.940625 2
0 0.498438 0.971875 0.634375 0.053125 0.181250 0.950000 2 0.815625 0.945312 2 0.000000 0.000000 0 0.000000 0.000000 0
