0 0.493750 0.136719 0.665625 0.076562 0.167187 0.114062 2 0.825000 0.098437 2 0.826562 0.162500 2 0.160938 0.175000 2
0 0.489844 0.210938 0.673437 0.059375 0.159375 0.181250 2 0.826562 0.196875 2 0.825000 0.232813 2 0.153125 0.240625 2
0 0.485938 0.269531 0.665625 0.073438 0.153125 0.246875 2 0.815625 0.232813 2 0.818750 0.301563 2 0.153125 0.306250 2
0 0.458594 0.347656 0.595312 0.064063 0.165625 0.315625 2 0.754687 0.315625 2 0.756250 0.379688 2 0.160938 0.379688 2
0 0.477344 0.427344 0.673438 0.076563 0.140625 0.389062 2 0.814063 0.389062 2 0.812500 0.415625 2 0.140625 0.465625 2
0 0.474219 0.486719 0.679688 0.079688 0.137500 0.465625 2 0.814063 0.446875 2 0.814063 0.526563 2 0.134375 0.520312 2
0 0.475781 0.558594 0.692187 0.073438 0.135937 0.521875 2 0.821875 0.529687 2 0.821875 0.595313 2 0.129688 0.581250 2
0 0.460156 0.629687 0.704688 0.081250 0.114062 0.589063 2 0.812500 0.603125 2 0.812500 0.670312 2 0.107813 0.653125 2
0 0.461719 0.700781 0.704688 0.079688 0.114062 0.660937 2 0.814063 0.678125 2 0.810937 0.740625 2 0.109375 0.721875 2
0 0.464062 0.778906 0.706250 0.085938 0.110937 0.735938 2 0.817187 0.748437 2 0.817187 0.821875 2 0.114062 0.784375 2
0 0.460156 0.849219 0.714062 0.095313 0.110937 0.801562 2 0.817187 0.828125 2 0.817187 0.896875 2 0.103125 0.867188 2
0 0.460938 0.937500 0.734375 0.121875 0.103125 0.879687 2 0.814063 0.876563 2 0.828125 0.985938 2 0.000000 0.000000 0
0 0.314063 0.871047 0.334375 0.001656 0.146875 0.871875 2 0.479687 0.870219 2 0.481250 0.871875 2 0.146875 0.871875 2
