0 0.550000 0.360156 0.818750 0.085938 0.151562 0.318750 2 0.939063 0.317188 2 0.959375 0.403125 2 0.140625 0.371875 2
0 0.464844 0.387884 0.095312 0.008606 0.420312 0.385937 2 0.511706 0.383581 2 0.512500 0.384375 2 0.417187 0.392188 2
0 0.162697 0.375958 0.047269 0.007459 0.140272 0.372228 2 0.186331 0.373044 2 0.184375 0.379688 2 0.139063 0.379688 2
0 0.167969 0.387560 0.064063 0.015355 0.139063 0.379883 2 0.200000 0.393750 2 0.200000 0.394852 2 0.135937 0.395238 2
0 0.167265 0.399141 0.065470 0.007658 0.135937 0.395313 2 0.200000 0.395313 2 0.200000 0.402328 2 0.134530 0.402970 2
0 0.127344 0.405391 0.017187 0.004842 0.118750 0.403125 2 0.134530 0.402970 2 0.135937 0.407813 2 0.119531 0.407813 2
0 0.128521 0.410188 0.017958 0.004625 0.119542 0.407875 2 0.135937 0.408133 2 0.137500 0.411931 2 0.120313 0.412500 2
0 0.155631 0.414265 0.036262 0.007305 0.137500 0.411931 2 0.173762 0.410612 2 0.170313 0.416597 2 0.140625 0.417917 2
0 0.255920 0.433263 0.228786 0.027223 0.141527 0.419652 2 0.370312 0.445312 2 0.370312 0.446875 2 0.156250 0.439063 2
0 0.132312 0.442293 0.052125 0.004042 0.106250 0.440625 2 0.157459 0.440272 2 0.158375 0.444314 2 0.106250 0.443750 2
0 0.194812 0.445595 0.072875 0.002561 0.158375 0.444314 2 0.231250 0.445312 2 0.231250 0.446875 2 0.158375 0.444314 2
0 0.234909 0.412431 0.069089 0.005659 0.201563 0.409602 2 0.269453 0.410236 2 0.268767 0.410922 2 0.200364 0.415261 2
0 0.648973 0.410476 0.163277 0.004048 0.567334 0.409523 2 0.730611 0.408452 2 0.730611 0.408452 2 0.568750 0.412500 2
0 0.662500 0.400231 0.193750 0.015163 0.565625 0.392650 2 0.759375 0.407813 2 0.759375 0.407813 2 0.567187 0.407813 2
0 0.625781 0.385986 0.120312 0.012403 0.567187 0.379784 2 0.685937 0.384375 2 0.685937 0.384375 2 0.565625 0.392188 2
0 0.720313 0.383594 0.059375 0.001563 0.692187 0.382812 2 0.748620 0.382995 2 0.750000 0.384375 2 0.690625 0.384375 2
0 0.685156 0.370034 0.235938 0.013056 0.568750 0.363506 2 0.803125 0.376563 2 0.803125 0.376563 2 0.567187 0.376563 2
0 0.389063 0.374219 0.275000 0.004688 0.251563 0.371875 2 0.526563 0.371875 2 0.523438 0.376563 2 0.251563 0.374198 2
0 0.273438 0.378125 0.178125 0.003125 0.184375 0.379688 2 0.362500 0.376563 2 0.362500 0.377962 2 0.184375 0.379688 2
0 0.301563 0.388281 0.184375 0.007812 0.209375 0.384375 2 0.393750 0.387500 2 0.393750 0.392188 2 0.209375 0.384375 2
0 0.330469 0.400781 0.135937 0.010937 0.262500 0.395313 2 0.398438 0.395313 2 0.395313 0.398705 2 0.262500 0.406250 2
0 0.413633 0.403998 0.042891 0.012527 0.395313 0.398705 2 0.435078 0.397734 2 0.429688 0.404687 2 0.392188 0.410261 2
0 0.443750 0.408853 0.037500 0.002081 0.425000 0.407813 2 0.462500 0.407813 2 0.460938 0.409894 2 0.425000 0.407813 2
0 0.490625 0.402987 0.065625 0.013161 0.457813 0.397180 2 0.523438 0.396406 2 0.521875 0.409567 2 0.459375 0.404687 2
0 0.549219 0.396339 0.023438 0.007322 0.537500 0.395313 2 0.560937 0.392678 2 0.560937 0.400000 2 0.537500 0.395313 2
0 0.544531 0.385820 0.017188 0.012734 0.535937 0.384375 2 0.548438 0.379453 2 0.553125 0.392188 2 0.535937 0.387500 2
0 0.545312 0.378173 0.043750 0.003222 0.523438 0.376563 2 0.567187 0.376563 2 0.567187 0.379784 2 0.525000 0.379038 2
0 0.353639 0.366571 0.170847 0.003414 0.268216 0.366653 2 0.439063 0.364864 2 0.436409 0.368278 2 0.268216 0.366653 2
0 0.253906 0.368801 0.032813 0.003023 0.237500 0.367289 2 0.270313 0.367452 2 0.270313 0.368750 2 0.237500 0.370312 2
0 0.212265 0.409212 0.077005 0.002800 0.173762 0.410612 2 0.250767 0.407813 2 0.250767 0.407813 2 0.173762 0.410612 2
0 0.273040 0.407031 0.044545 0.001563 0.250767 0.407813 2 0.293750 0.406250 2 0.295312 0.407813 2 0.250767 0.407813 2
0 0.375781 0.369580 0.120312 0.001661 0.315625 0.368750 2 0.435937 0.368750 2 0.434375 0.370411 2 0.315625 0.368750 2
0 0.407813 0.388281 0.012500 0.007812 0.406250 0.385937 2 0.414062 0.384375 2 0.412500 0.392188 2 0.401562 0.392188 2
0 0.411719 0.393750 0.035938 0.003125 0.393750 0.392188 2 0.429688 0.395313 2 0.429688 0.395313 2 0.393750 0.393750 2
0 0.449219 0.395059 0.035937 0.003633 0.431250 0.393459 2 0.467187 0.393242 2 0.467187 0.396875 2 0.431250 0.395313 2
0 0.517969 0.388281 0.010938 0.007812 0.512500 0.384375 2 0.523438 0.384375 2 0.521875 0.392188 2 0.512500 0.392188 2
0 0.464844 0.380437 0.120313 0.007058 0.404687 0.376908 2 0.525000 0.379038 2 0.523438 0.383966 2 0.404687 0.377839 2
