0 0.420312 0.507812 0.625000 0.087500 0.117188 0.464062 2 0.732812 0.467187 2 0.731250 0.551562 2 0.107813 0.548438 2
0 0.496184 0.624219 0.711117 0.004688 0.140625 0.625000 2 0.851562 0.621875 2 0.851742 0.622056 2 0.140625 0.626563 2
0 0.770312 0.600009 0.078125 0.003144 0.731250 0.598437 2 0.809375 0.599827 2 0.807813 0.601581 2 0.732812 0.601562 2
0 0.523438 0.615625 0.950000 0.109375 0.048438 0.567187 2 0.000000 0.000000 0 0.973437 0.665625 2 0.082812 0.670312 2
0 0.204541 0.602320 0.036806 0.007364 0.186138 0.598637 2 0.222944 0.598931 2 0.222944 0.598931 2 0.187500 0.606002 2
0 0.339844 0.621512 0.326563 0.000727 0.176563 0.621875 2 0.503125 0.621148 2 0.503125 0.621875 2 0.176563 0.621875 2
0 0.718750 0.616830 0.321875 0.005534 0.557813 0.614062 2 0.879687 0.614062 2 0.879687 0.615625 2 0.557813 0.619597 2
0 0.530443 0.612345 0.054739 0.003436 0.503073 0.610886 2 0.557813 0.610627 2 0.557813 0.614062 2 0.503125 0.614062 2
0 0.689844 0.609697 0.264062 0.001859 0.557813 0.608767 2 0.821875 0.609375 2 0.821875 0.609375 2 0.557813 0.610627 2
0 0.529688 0.606370 0.056250 0.004795 0.501563 0.604281 2 0.557813 0.603972 2 0.557813 0.608767 2 0.501563 0.608639 2
0 0.767969 0.522656 0.039062 0.010937 0.751563 0.517188 2 0.787500 0.520312 2 0.785937 0.528125 2 0.748437 0.528125 2
0 0.792452 0.630469 0.177595 0.001563 0.703655 0.630080 2 0.881250 0.629687 2 0.881250 0.631250 2 0.703655 0.630080 2
0 0.354960 0.599738 0.264033 0.002602 0.223438 0.598437 2 0.485938 0.600000 2 0.486977 0.601039 2 0.222944 0.598931 2
0 0.275291 0.604688 0.091208 0.003125 0.229687 0.603125 2 0.320312 0.603125 2 0.320895 0.605270 2 0.229687 0.606250 2
0 0.685937 0.600781 0.096875 0.004688 0.637500 0.598437 2 0.734263 0.603012 2 0.734375 0.603125 2 0.637500 0.602127 2
0 0.643750 0.594938 0.150000 0.000750 0.568750 0.594562 2 0.718750 0.595062 2 0.718750 0.595313 2 0.568750 0.595313 2
0 0.446875 0.592967 0.243750 0.003191 0.325000 0.593750 2 0.568750 0.591372 2 0.568750 0.594562 2 0.325000 0.593750 2
0 0.340637 0.610532 0.324873 0.003786 0.181250 0.609375 2 0.501563 0.608639 2 0.503073 0.610886 2 0.178200 0.612425 2
0 0.344167 0.616770 0.319584 0.005416 0.184375 0.614062 2 0.503125 0.614062 2 0.503959 0.619478 2 0.187500 0.618750 2
0 0.530469 0.620313 0.054688 0.001670 0.503959 0.619478 2 0.557813 0.619597 2 0.557813 0.621027 2 0.503125 0.621148 2
0 0.532031 0.596875 0.082813 0.003125 0.490625 0.595313 2 0.573438 0.598437 2 0.573438 0.598437 2 0.490625 0.597045 2
