0 0.870823 0.563281 0.152105 0.114063 0.794770 0.529145 2 0.946875 0.506250 2 0.928125 0.618750 2 0.857812 0.620313 2
0 0.560156 0.510938 0.029687 0.018750 0.546875 0.501563 2 0.573438 0.501563 2 0.575000 0.520312 2 0.545312 0.518750 2
0 0.288281 0.515466 0.042187 0.021558 0.275000 0.509375 2 0.309375 0.504687 2 0.306250 0.526245 2 0.267188 0.525628 2
0 0.240625 0.571094 0.425000 0.110938 0.028125 0.515625 2 0.448437 0.551562 2 0.453125 0.569548 2 0.051562 0.626563 2
0 0.493524 0.590851 0.080798 0.055798 0.453125 0.569548 2 0.533923 0.562952 2 0.528125 0.618750 2 0.457813 0.618750 2
0 0.644129 0.553351 0.220411 0.019202 0.535937 0.551562 2 0.753125 0.543750 2 0.754334 0.544959 2 0.533923 0.562952 2
0 0.738478 0.524219 0.112584 0.023438 0.682186 0.532186 2 0.792188 0.512500 2 0.794770 0.529145 2 0.684375 0.535937 2
0 0.668190 0.520780 0.027992 0.022811 0.657813 0.521875 2 0.673438 0.509375 2 0.682186 0.532186 2 0.654194 0.531744 2
0 0.488982 0.529834 0.090464 0.002831 0.443750 0.528419 2 0.534214 0.529847 2 0.532813 0.531250 2 0.443750 0.531250 2
0 0.421875 0.517334 0.043750 0.022169 0.407813 0.506250 2 0.437500 0.506250 2 0.443750 0.528419 2 0.400000 0.527727 2
0 0.353125 0.530310 0.093750 0.008130 0.306250 0.526245 2 0.400000 0.527727 2 0.395313 0.532813 2 0.310937 0.534375 2
