0 0.128125 0.273438 0.146875 0.018750 0.056250 0.264062 2 0.200000 0.268750 2 0.201563 0.282813 2 0.054688 0.282813 2
0 0.353125 0.274219 0.125000 0.020313 0.293750 0.264062 2 0.415625 0.267188 2 0.409375 0.282813 2 0.290625 0.284375 2
0 0.478125 0.682813 0.790625 0.090625 0.129688 0.637500 2 0.873437 0.642188 2 0.837500 0.728125 2 0.082812 0.712500 2
0 0.353682 0.740955 0.165833 0.011839 0.271534 0.738720 2 0.436598 0.735036 2 0.434375 0.746875 2 0.270766 0.740172 2
0 0.429688 0.708713 0.075000 0.010084 0.392188 0.704688 2 0.464062 0.703670 2 0.467187 0.713755 2 0.392188 0.704688 2
0 0.403906 0.631970 0.460938 0.010814 0.173437 0.626563 2 0.634375 0.634375 2 0.634375 0.634375 2 0.173559 0.637377 2
0 0.172656 0.754317 0.060938 0.050741 0.143750 0.728947 2 0.203125 0.730509 2 0.185938 0.779687 2 0.142187 0.753125 2
0 0.219237 0.729534 0.032223 0.001950 0.203125 0.728559 2 0.235348 0.728714 2 0.235348 0.728714 2 0.203125 0.730509 2
0 0.245896 0.739538 0.041792 0.001380 0.225000 0.739062 2 0.265839 0.738848 2 0.266792 0.740228 2 0.225000 0.739062 2
0 0.626562 0.740876 0.365625 0.011998 0.443750 0.734877 2 0.809375 0.746875 2 0.809375 0.746875 2 0.443750 0.746875 2
0 0.628125 0.728563 0.059375 0.004356 0.598616 0.726384 2 0.657813 0.728125 2 0.657813 0.730741 2 0.598437 0.729688 2
0 0.676562 0.733339 0.037500 0.005197 0.657813 0.730741 2 0.695312 0.730920 2 0.695312 0.734375 2 0.660937 0.735938 2
0 0.753237 0.725670 0.006473 0.010714 0.751563 0.720313 2 0.756250 0.721875 2 0.756473 0.731027 2 0.750000 0.730836 2
0 0.730469 0.714296 0.020312 0.016092 0.720313 0.706250 2 0.740625 0.715625 2 0.739062 0.718750 2 0.720313 0.722342 2
0 0.700830 0.706881 0.045214 0.013763 0.678223 0.700641 2 0.723437 0.700000 2 0.723437 0.701562 2 0.680242 0.713762 2
0 0.339904 0.716466 0.070433 0.001683 0.304688 0.715625 2 0.375120 0.717308 2 0.375120 0.717308 2 0.304688 0.715625 2
0 0.354688 0.725781 0.018750 0.004688 0.345313 0.723437 2 0.364063 0.724945 2 0.364063 0.725000 2 0.346875 0.728125 2
0 0.491752 0.732467 0.094622 0.002434 0.445312 0.731250 2 0.539062 0.731250 2 0.539062 0.732750 2 0.444441 0.733684 2
0 0.582031 0.727731 0.026563 0.004450 0.568750 0.725506 2 0.595313 0.726287 2 0.593750 0.729688 2 0.568750 0.729956 2
0 0.627344 0.721516 0.064063 0.005531 0.596875 0.718750 2 0.657813 0.720313 2 0.659375 0.724281 2 0.595313 0.720313 2
0 0.669887 0.726559 0.024148 0.004555 0.659375 0.724281 2 0.679688 0.724442 2 0.681961 0.728836 2 0.657813 0.728125 2
0 0.694874 0.717988 0.029002 0.006750 0.680373 0.714612 2 0.709375 0.715445 2 0.709375 0.721363 2 0.681020 0.718823 2
0 0.612256 0.711758 0.090956 0.001641 0.567187 0.710938 2 0.657734 0.712578 2 0.657734 0.712578 2 0.566778 0.711347 2
0 0.631267 0.708769 0.068784 0.001212 0.596875 0.709375 2 0.665659 0.708163 2 0.665659 0.708163 2 0.596875 0.709375 2
0 0.545312 0.705333 0.046875 0.004959 0.521875 0.702853 2 0.567187 0.703125 2 0.568750 0.707812 2 0.521875 0.707812 2
0 0.491406 0.708845 0.051563 0.002066 0.465625 0.707812 2 0.517188 0.707812 2 0.515625 0.709878 2 0.466272 0.708459 2
0 0.395781 0.710938 0.016563 0.009375 0.395313 0.706250 2 0.404063 0.713125 2 0.404063 0.713125 2 0.387500 0.715625 2
0 0.553125 0.726896 0.028125 0.006333 0.539062 0.723730 2 0.567187 0.726562 2 0.565625 0.729967 2 0.539062 0.730063 2
0 0.582031 0.719531 0.026563 0.007812 0.570312 0.715625 2 0.595313 0.718750 2 0.595313 0.723437 2 0.568750 0.723437 2
0 0.491406 0.714008 0.048438 0.003234 0.467187 0.713755 2 0.515625 0.712391 2 0.515625 0.713664 2 0.467187 0.715625 2
0 0.422656 0.716754 0.042187 0.002258 0.401562 0.715625 2 0.443750 0.715625 2 0.443055 0.717883 2 0.403484 0.717548 2
0 0.667188 0.720766 0.009375 0.007202 0.662520 0.717166 2 0.671875 0.718003 2 0.670312 0.724367 2 0.662500 0.724306 2
0 0.423575 0.727057 0.043475 0.005330 0.401837 0.725347 2 0.443750 0.724392 2 0.445312 0.729722 2 0.403292 0.729520 2
0 0.491406 0.723915 0.095313 0.000955 0.443750 0.723437 2 0.539062 0.723437 2 0.539062 0.723730 2 0.443750 0.724392 2
0 0.516406 0.720150 0.098438 0.006791 0.467187 0.716755 2 0.565625 0.720313 2 0.565625 0.723545 2 0.467187 0.717187 2
0 0.444603 0.720759 0.048294 0.004017 0.420456 0.722384 2 0.468750 0.718750 2 0.468750 0.722767 2 0.420456 0.722384 2
