0 0.580648 0.662291 0.532453 0.058956 0.314422 0.671875 2 0.842187 0.632812 2 0.846875 0.691769 2 0.314422 0.671875 2
0 0.455209 0.699219 0.557294 0.076563 0.176563 0.660937 2 0.733856 0.697394 2 0.731250 0.704005 2 0.184375 0.737500 2
0 0.444673 0.706250 0.026278 0.006250 0.431534 0.709147 2 0.457813 0.703125 2 0.457813 0.709375 2 0.431534 0.709147 2
0 0.431960 0.701888 0.011080 0.008723 0.426420 0.698295 2 0.437500 0.697527 2 0.435937 0.705625 2 0.432812 0.706250 2
0 0.327694 0.712151 0.033513 0.016323 0.310937 0.707812 2 0.344450 0.703989 2 0.332813 0.720313 2 0.310937 0.707812 2
0 0.318750 0.721875 0.025000 0.003125 0.306250 0.720313 2 0.329688 0.720313 2 0.331250 0.723437 2 0.306250 0.720313 2
0 0.353906 0.725000 0.098438 0.006250 0.306250 0.726562 2 0.403125 0.721875 2 0.403125 0.723437 2 0.304688 0.728125 2
0 0.520021 0.726073 0.149417 0.004105 0.446783 0.726655 2 0.594730 0.724020 2 0.594730 0.724020 2 0.445312 0.728125 2
0 0.623371 0.716406 0.193883 0.007812 0.526430 0.720313 2 0.718750 0.712500 2 0.720313 0.720313 2 0.526430 0.720313 2
0 0.738594 0.716406 0.036562 0.007812 0.728125 0.712500 2 0.756250 0.714063 2 0.756875 0.719375 2 0.720313 0.720313 2
0 0.804219 0.723437 0.094688 0.009375 0.756875 0.719375 2 0.851562 0.718750 2 0.850000 0.723437 2 0.764062 0.728125 2
0 0.799219 0.707444 0.095313 0.010112 0.751563 0.702388 2 0.846875 0.704688 2 0.845313 0.712500 2 0.754687 0.712500 2
0 0.861719 0.714684 0.004687 0.042506 0.859375 0.693805 2 0.864062 0.693431 2 0.860938 0.735938 2 0.860938 0.735938 2
0 0.861719 0.678806 0.004687 0.026362 0.859375 0.665625 2 0.860938 0.665625 2 0.864062 0.691987 2 0.859375 0.691928 2
0 0.623205 0.644531 0.190159 0.020312 0.528125 0.637500 2 0.704688 0.634375 2 0.718284 0.653409 2 0.528125 0.654687 2
0 0.616409 0.656250 0.198442 0.003125 0.517188 0.657813 2 0.715630 0.654687 2 0.715630 0.654687 2 0.517188 0.657813 2
0 0.496094 0.657031 0.042188 0.007812 0.478125 0.653125 2 0.517188 0.657813 2 0.517188 0.658855 2 0.475000 0.660937 2
0 0.386861 0.710336 0.089347 0.004328 0.343391 0.708172 2 0.431534 0.709147 2 0.431534 0.709147 2 0.342187 0.712500 2
0 0.438108 0.719358 0.036284 0.001909 0.419966 0.718403 2 0.454688 0.718750 2 0.456250 0.720313 2 0.419966 0.718403 2
0 0.411719 0.724219 0.020313 0.007812 0.403125 0.723437 2 0.421875 0.720313 2 0.421875 0.725544 2 0.401562 0.728125 2
0 0.486652 0.722818 0.079555 0.005011 0.448437 0.723437 2 0.526430 0.720313 2 0.526430 0.720313 2 0.446875 0.725323 2
0 0.750617 0.692995 0.099800 0.010991 0.703125 0.687500 2 0.800517 0.698491 2 0.800517 0.698491 2 0.700717 0.689908 2
0 0.823191 0.699301 0.045348 0.008755 0.800517 0.698491 2 0.845313 0.694923 2 0.845866 0.703678 2 0.800517 0.698491 2
0 0.712654 0.708663 0.012192 0.007327 0.707461 0.705900 2 0.718750 0.705000 2 0.718750 0.712327 2 0.706558 0.712192 2
