0 0.560156 0.404687 0.707812 0.106250 0.206250 0.351562 2 0.914062 0.353125 2 0.909375 0.450000 2 0.214062 0.457813 2
0 0.485156 0.506250 0.748437 0.118750 0.110937 0.446875 2 0.859375 0.465625 2 0.854688 0.565625 2 0.110937 0.542188 2
0 0.146217 0.631483 0.042434 0.008909 0.125000 0.629687 2 0.167434 0.627028 2 0.167434 0.627028 2 0.125000 0.635938 2
0 0.359959 0.628655 0.363667 0.004184 0.178125 0.626563 2 0.541792 0.630747 2 0.541792 0.630747 2 0.178125 0.626742 2
0 0.468750 0.635909 0.550000 0.043806 0.193750 0.640625 2 0.743750 0.614006 2 0.740625 0.657813 2 0.193750 0.640625 2
0 0.417969 0.611986 0.545313 0.002097 0.145313 0.610938 2 0.690625 0.610938 2 0.689063 0.613034 2 0.145313 0.610938 2
0 0.465625 0.600000 0.778125 0.093750 0.078125 0.553125 2 0.854688 0.576562 2 0.848437 0.646875 2 0.076563 0.576562 2
0 0.479293 0.763894 0.205461 0.002788 0.378125 0.762500 2 0.581250 0.762500 2 0.582023 0.763273 2 0.376563 0.765288 2
0 0.600781 0.750382 0.185937 0.005486 0.510173 0.747639 2 0.693750 0.748437 2 0.690625 0.751563 2 0.507812 0.753125 2
0 0.642969 0.714749 0.079688 0.007623 0.603125 0.710938 2 0.682813 0.712500 2 0.682813 0.714063 2 0.603314 0.718561 2
0 0.243750 0.751563 0.118750 0.003125 0.184375 0.751563 2 0.301563 0.750000 2 0.303125 0.751563 2 0.185938 0.753125 2
0 0.480720 0.736970 0.179184 0.013559 0.391128 0.730191 2 0.570312 0.735527 2 0.570312 0.743750 2 0.391128 0.730191 2
0 0.545505 0.727991 0.087116 0.002856 0.501947 0.729419 2 0.589063 0.726562 2 0.589063 0.728125 2 0.501947 0.729419 2
0 0.445312 0.710156 0.809375 0.114063 0.040625 0.654687 2 0.850000 0.653125 2 0.840625 0.767188 2 0.056250 0.760938 2
0 0.322656 0.706105 0.135937 0.003416 0.254688 0.707812 2 0.390625 0.704397 2 0.390625 0.707812 2 0.254688 0.707812 2
0 0.398438 0.710148 0.015625 0.004670 0.390625 0.707812 2 0.406250 0.707812 2 0.406250 0.707812 2 0.390625 0.712483 2
0 0.321875 0.721875 0.106250 0.012500 0.268750 0.715625 2 0.371875 0.715625 2 0.375000 0.728125 2 0.268750 0.717187 2
0 0.338507 0.729472 0.072986 0.001663 0.302014 0.728641 2 0.375000 0.729148 2 0.375000 0.730303 2 0.302014 0.728641 2
0 0.341941 0.737500 0.066117 0.012500 0.308883 0.731250 2 0.375000 0.731250 2 0.375000 0.743750 2 0.308883 0.731250 2
0 0.362843 0.747848 0.041311 0.007009 0.343337 0.744344 2 0.383498 0.744627 2 0.382812 0.749534 2 0.342187 0.751353 2
0 0.373906 0.754557 0.017813 0.008048 0.365000 0.750938 2 0.382812 0.750533 2 0.378919 0.758581 2 0.365000 0.750938 2
0 0.296801 0.758668 0.156398 0.001711 0.218750 0.757812 2 0.375000 0.758602 2 0.375000 0.759375 2 0.218602 0.759523 2
0 0.203832 0.759449 0.029539 0.000148 0.189062 0.759375 2 0.218602 0.759523 2 0.218602 0.759523 2 0.189062 0.759375 2
0 0.282031 0.766552 0.157813 0.001272 0.203125 0.767042 2 0.360938 0.765916 2 0.360938 0.767188 2 0.203125 0.767188 2
0 0.679178 0.742969 0.044769 0.007812 0.656794 0.739062 2 0.701562 0.746875 2 0.701562 0.746875 2 0.656794 0.739062 2
0 0.620584 0.735156 0.072419 0.007812 0.584375 0.731250 2 0.656794 0.739062 2 0.656794 0.739062 2 0.584375 0.732812 2
0 0.667312 0.729622 0.031002 0.002928 0.651811 0.728373 2 0.682813 0.728158 2 0.682813 0.729688 2 0.653125 0.731086 2
0 0.534375 0.708680 0.065625 0.001736 0.501563 0.707812 2 0.567187 0.707812 2 0.567187 0.707812 2 0.501563 0.709548 2
0 0.533594 0.700805 0.064063 0.001609 0.503125 0.700000 2 0.565625 0.700000 2 0.565625 0.700000 2 0.501563 0.701609 2
0 0.236406 0.745000 0.030313 0.002500 0.221250 0.746250 2 0.251563 0.743750 2 0.250406 0.744908 2 0.221250 0.746250 2
0 0.322656 0.749219 0.026562 0.004688 0.312500 0.748437 2 0.332813 0.746875 2 0.335938 0.751563 2 0.309375 0.751563 2
0 0.384375 0.721875 0.012500 0.012500 0.381250 0.715625 2 0.390625 0.715625 2 0.390625 0.728125 2 0.378125 0.728125 2
0 0.385156 0.737967 0.014063 0.013434 0.381250 0.731250 2 0.392188 0.731250 2 0.391559 0.744684 2 0.378125 0.743750 2
0 0.414065 0.746934 0.046880 0.004500 0.391559 0.744684 2 0.437505 0.745009 2 0.437505 0.745009 2 0.390625 0.749184 2
0 0.441512 0.753502 0.120100 0.010130 0.381462 0.758567 2 0.501563 0.748437 2 0.500000 0.757944 2 0.381462 0.758567 2
0 0.437500 0.760152 0.125000 0.001553 0.375000 0.759375 2 0.500000 0.759375 2 0.499613 0.760928 2 0.375000 0.760305 2
0 0.469626 0.746547 0.085298 0.002019 0.426977 0.747556 2 0.512275 0.745537 2 0.512275 0.745537 2 0.426977 0.747556 2
0 0.619695 0.744847 0.100027 0.002194 0.570312 0.743750 2 0.669708 0.744012 2 0.669708 0.744012 2 0.569681 0.745944 2
0 0.617380 0.736719 0.021489 0.004687 0.606636 0.734761 2 0.625000 0.734375 2 0.628125 0.739062 2 0.607812 0.739062 2
0 0.538281 0.732938 0.073437 0.005814 0.501563 0.730031 2 0.575000 0.731250 2 0.573438 0.734375 2 0.501563 0.735845 2
0 0.606847 0.725202 0.044944 0.006655 0.584375 0.721875 2 0.629319 0.728530 2 0.629319 0.728530 2 0.584375 0.723437 2
0 0.572709 0.717732 0.025322 0.006298 0.560048 0.715361 2 0.584375 0.714583 2 0.585370 0.720881 2 0.560048 0.715361 2
0 0.445312 0.713201 0.109375 0.001402 0.390625 0.712500 2 0.500000 0.712500 2 0.500000 0.712500 2 0.390625 0.713902 2
0 0.299219 0.761402 0.151562 0.002195 0.223438 0.762500 2 0.375000 0.760305 2 0.375000 0.762500 2 0.223438 0.762500 2
0 0.446875 0.718817 0.112500 0.009241 0.390625 0.714197 2 0.503125 0.715625 2 0.501563 0.723437 2 0.390625 0.715625 2
0 0.514116 0.725781 0.025106 0.004688 0.501563 0.723437 2 0.526669 0.723437 2 0.526669 0.723437 2 0.501563 0.728125 2
0 0.466406 0.728833 0.070312 0.001416 0.431250 0.728125 2 0.501563 0.728125 2 0.501563 0.729420 2 0.431250 0.729541 2
0 0.437500 0.810156 0.793750 0.095313 0.040625 0.762500 2 0.834375 0.775000 2 0.828125 0.856250 2 0.042188 0.857812 2
