0 0.342187 0.691406 0.062500 0.004687 0.310937 0.689063 2 0.373437 0.689063 2 0.373437 0.689331 2 0.310937 0.693750 2
0 0.383594 0.692959 0.020313 0.007792 0.373437 0.689331 2 0.393750 0.689063 2 0.387005 0.696131 2 0.373437 0.696855 2
0 0.394531 0.698375 0.020312 0.006375 0.387005 0.696131 2 0.404687 0.695188 2 0.403125 0.701562 2 0.384375 0.700000 2
0 0.419531 0.692813 0.035938 0.001250 0.401562 0.692187 2 0.437500 0.692187 2 0.437500 0.693438 2 0.401562 0.692187 2
0 0.502344 0.735051 0.167187 0.079898 0.418750 0.696875 2 0.585938 0.695102 2 0.575000 0.775000 2 0.471875 0.775000 2
0 0.635816 0.692847 0.103369 0.011181 0.584131 0.687256 2 0.687500 0.689063 2 0.684375 0.698438 2 0.584131 0.687256 2
0 0.200000 0.725781 0.209375 0.092187 0.095312 0.679688 2 0.304688 0.689063 2 0.301563 0.696875 2 0.100000 0.771875 2
0 0.614844 0.695312 0.017188 0.006250 0.606250 0.692187 2 0.623437 0.693750 2 0.623437 0.698438 2 0.606250 0.696875 2
0 0.823438 0.725000 0.243750 0.087500 0.701562 0.684375 2 0.945312 0.681250 2 0.931250 0.768750 2 0.703125 0.696875 2
0 0.425020 0.687500 0.045416 0.003125 0.402313 0.685937 2 0.447728 0.689063 2 0.447728 0.689063 2 0.404687 0.689063 2
0 0.514844 0.691084 0.142188 0.004042 0.443750 0.692187 2 0.585938 0.689063 2 0.585938 0.692187 2 0.443750 0.693105 2
