0 0.319531 0.751563 0.248437 0.062500 0.225000 0.720313 2 0.443750 0.728125 2 0.443750 0.767969 2 0.195312 0.782813 2
0 0.336561 0.670756 0.104372 0.005363 0.284375 0.673438 2 0.388175 0.668075 2 0.388747 0.669997 2 0.284375 0.673438 2
0 0.673437 0.747323 0.131250 0.014728 0.614062 0.740625 2 0.739062 0.739959 2 0.737500 0.746875 2 0.607812 0.754687 2
0 0.527344 0.735938 0.942187 0.121875 0.056250 0.676562 2 0.000000 0.000000 0 0.000000 0.000000 0 0.059375 0.792188 2
0 0.346094 0.776180 0.182812 0.003891 0.254688 0.778125 2 0.437500 0.774234 2 0.435937 0.776631 2 0.254688 0.778125 2
0 0.627344 0.786414 0.348437 0.014672 0.453125 0.779078 2 0.801562 0.785937 2 0.800000 0.793750 2 0.456250 0.792188 2
0 0.682813 0.777688 0.209375 0.000873 0.578125 0.777252 2 0.787500 0.778125 2 0.787500 0.778125 2 0.578125 0.778125 2
0 0.516406 0.774230 0.126563 0.006042 0.453125 0.773903 2 0.579688 0.771209 2 0.578125 0.777252 2 0.453125 0.776706 2
0 0.516406 0.767783 0.126563 0.003469 0.453125 0.767834 2 0.578125 0.766048 2 0.579688 0.768967 2 0.453125 0.769517 2
0 0.613281 0.743180 0.070312 0.045736 0.578125 0.720522 2 0.648438 0.720313 2 0.620313 0.765447 2 0.578125 0.766048 2
0 0.694531 0.763705 0.073437 0.002411 0.659375 0.762500 2 0.731250 0.762500 2 0.731250 0.763861 2 0.657813 0.764911 2
0 0.777344 0.753906 0.064062 0.014063 0.745313 0.746875 2 0.809375 0.754687 2 0.809375 0.760938 2 0.749092 0.760283 2
0 0.802344 0.743675 0.029687 0.006400 0.787500 0.740475 2 0.817187 0.746875 2 0.817187 0.746875 2 0.787500 0.746875 2
0 0.726220 0.734241 0.166309 0.005981 0.643066 0.737231 2 0.809375 0.731250 2 0.809375 0.731250 2 0.643066 0.737231 2
0 0.753906 0.508594 0.035937 0.007812 0.735938 0.504687 2 0.771875 0.512500 2 0.771875 0.512500 2 0.735938 0.512500 2
0 0.747116 0.761895 0.080769 0.001914 0.707812 0.760938 2 0.787500 0.761169 2 0.787500 0.762852 2 0.706731 0.762019 2
