0 0.484375 0.560937 0.943750 0.162500 0.012500 0.495312 2 0.956250 0.479687 2 0.934375 0.604688 2 0.021875 0.642188 2
0 0.246875 0.229584 0.134375 0.008733 0.181250 0.228125 2 0.314063 0.225217 2 0.308237 0.233950 2 0.179688 0.231923 2
0 0.366098 0.230941 0.063445 0.015008 0.334375 0.224772 2 0.395313 0.223438 2 0.397820 0.238445 2 0.342187 0.234375 2
0 0.145703 0.230078 0.069531 0.002344 0.112500 0.229687 2 0.180469 0.228906 2 0.180469 0.228906 2 0.110937 0.231250 2
0 0.488009 0.247656 0.344767 0.001562 0.315625 0.246875 2 0.659375 0.246875 2 0.660392 0.247894 2 0.315625 0.248438 2
0 0.543268 0.244830 0.254214 0.001089 0.416161 0.244286 2 0.670375 0.245375 2 0.670375 0.245375 2 0.417187 0.245312 2
0 0.516681 0.240419 0.175422 0.004147 0.428970 0.238345 2 0.604392 0.240563 2 0.604392 0.240563 2 0.431250 0.242492 2
0 0.527613 0.238024 0.166139 0.000539 0.444544 0.238294 2 0.610683 0.237755 2 0.610683 0.237755 2 0.444544 0.238294 2
0 0.757031 0.483594 0.073437 0.004688 0.720313 0.484375 2 0.793750 0.481250 2 0.793750 0.481250 2 0.720313 0.485938 2
0 0.585156 0.487500 0.126563 0.003125 0.521875 0.489063 2 0.648438 0.485938 2 0.648438 0.485938 2 0.521875 0.489063 2
0 0.355545 0.244994 0.101411 0.002188 0.304839 0.243900 2 0.406250 0.244330 2 0.406250 0.246088 2 0.305700 0.244762 2
