0 0.503906 0.615625 0.904688 0.128125 0.051562 0.556250 2 0.956250 0.551562 2 0.946875 0.679688 2 0.067187 0.660937 2
0 0.280469 0.321094 0.035938 0.007812 0.262500 0.317188 2 0.298438 0.320312 2 0.298438 0.323437 2 0.265625 0.325000 2
0 0.325445 0.343551 0.063391 0.008977 0.293750 0.339062 2 0.357141 0.341645 2 0.357141 0.341645 2 0.295711 0.348039 2
0 0.371875 0.352344 0.203125 0.007812 0.270313 0.356250 2 0.473438 0.348438 2 0.473438 0.348438 2 0.270313 0.356250 2
0 0.408496 0.347401 0.160067 0.000905 0.328462 0.347853 2 0.488530 0.346948 2 0.488530 0.346948 2 0.328462 0.347853 2
0 0.558594 0.335156 0.360937 0.004688 0.381250 0.332813 2 0.739062 0.332813 2 0.739062 0.332813 2 0.378125 0.337500 2
0 0.580469 0.331108 0.310938 0.002841 0.425000 0.329688 2 0.735938 0.329688 2 0.735938 0.329688 2 0.427839 0.332528 2
0 0.591406 0.321875 0.357812 0.006250 0.418750 0.318750 2 0.770312 0.325000 2 0.770312 0.325000 2 0.412500 0.325000 2
0 0.627449 0.310883 0.148430 0.003016 0.554688 0.309375 2 0.701664 0.310169 2 0.701664 0.310169 2 0.553234 0.312391 2
0 0.514787 0.305469 0.045198 0.007812 0.496875 0.301563 2 0.537386 0.307386 2 0.537386 0.307386 2 0.492188 0.309375 2
0 0.464010 0.292187 0.456145 0.040625 0.265625 0.271875 2 0.692083 0.295208 2 0.692083 0.295208 2 0.235937 0.312500 2
0 0.545246 0.544295 0.465758 0.001091 0.312367 0.544841 2 0.778125 0.543750 2 0.778125 0.543750 2 0.312367 0.544841 2
0 0.424324 0.360051 0.160727 0.007602 0.345313 0.359375 2 0.504687 0.356250 2 0.504687 0.356250 2 0.343961 0.363852 2
0 0.223371 0.545858 0.177992 0.002034 0.134375 0.546875 2 0.312367 0.544841 2 0.312367 0.544841 2 0.134375 0.546875 2
0 0.476562 0.310937 0.037500 0.012500 0.457813 0.304688 2 0.492188 0.306250 2 0.495312 0.317188 2 0.459375 0.313797 2
0 0.510938 0.552650 0.103125 0.007200 0.459375 0.551562 2 0.561887 0.549050 2 0.562500 0.556250 2 0.459375 0.551562 2
