0 0.521094 0.272656 0.232812 0.004688 0.404687 0.271875 2 0.637500 0.270313 2 0.637500 0.271875 2 0.406250 0.275000 2
0 0.485156 0.553906 0.789062 0.170312 0.090625 0.468750 2 0.879687 0.607812 2 0.879687 0.610938 2 0.090625 0.639062 2
0 0.574219 0.456250 0.167188 0.012500 0.490625 0.450000 2 0.657813 0.454688 2 0.654687 0.462500 2 0.490625 0.450000 2
0 0.539340 0.463559 0.152570 0.004133 0.463055 0.461492 2 0.615625 0.465625 2 0.615625 0.465625 2 0.463055 0.461492 2
0 0.833175 0.539062 0.324275 0.115625 0.671037 0.535245 2 0.000000 0.000000 0 0.962500 0.596875 2 0.671037 0.535245 2
0 0.481131 0.452344 0.103363 0.004688 0.429450 0.451325 2 0.532813 0.450000 2 0.532813 0.454688 2 0.431250 0.454688 2
0 0.524219 0.671875 0.876563 0.143750 0.085938 0.646875 2 0.962500 0.600000 2 0.940625 0.682813 2 0.098437 0.743750 2
0 0.428906 0.043750 0.467187 0.087500 0.000000 0.000000 0 0.000000 0.000000 0 0.651563 0.079687 2 0.196875 0.087500 2
0 0.421875 0.096875 0.450000 0.078125 0.196875 0.057813 2 0.646875 0.082812 2 0.640625 0.135937 2 0.203125 0.123438 2
0 0.421094 0.165625 0.442188 0.078125 0.200000 0.126562 2 0.642188 0.142187 2 0.635938 0.204687 2 0.201563 0.185938 2
0 0.416406 0.227344 0.432812 0.070312 0.200000 0.192188 2 0.632812 0.209375 2 0.628125 0.259375 2 0.203125 0.262500 2
