0 0.512500 0.127344 0.931250 0.129688 0.046875 0.082812 2 0.978125 0.062500 2 0.962500 0.178125 2 0.056250 0.192188 2
0 0.510938 0.265625 0.912500 0.134375 0.054688 0.201563 2 0.967187 0.198437 2 0.953125 0.320312 2 0.075000 0.332813 2
0 0.139844 0.442969 0.114062 0.010937 0.093750 0.437500 2 0.196875 0.446875 2 0.196875 0.446875 2 0.082812 0.448437 2
0 0.403417 0.612791 0.450581 0.002542 0.178220 0.613969 2 0.628708 0.611520 2 0.628708 0.611520 2 0.178127 0.614062 2
0 0.512500 0.377344 0.881250 0.123438 0.071875 0.315625 2 0.953125 0.321875 2 0.932813 0.439063 2 0.079687 0.429688 2
0 0.506250 0.479688 0.859375 0.121875 0.076563 0.418750 2 0.935937 0.428125 2 0.920312 0.540625 2 0.084375 0.517188 2
0 0.501563 0.585156 0.834375 0.114063 0.084375 0.528125 2 0.918750 0.535937 2 0.907813 0.642188 2 0.095312 0.635938 2
0 0.447656 0.657031 0.332812 0.001563 0.281772 0.657291 2 0.612500 0.656250 2 0.614062 0.657813 2 0.281250 0.657813 2
0 0.847784 0.504687 0.138806 0.015625 0.778381 0.496875 2 0.917188 0.496875 2 0.906250 0.512500 2 0.779687 0.512500 2
0 0.447282 0.671094 0.703939 0.098438 0.095312 0.621875 2 0.799252 0.645312 2 0.799252 0.645312 2 0.110937 0.720313 2
0 0.357132 0.735186 0.220514 0.007350 0.246875 0.731511 2 0.467389 0.738861 2 0.467389 0.738861 2 0.250000 0.737500 2
0 0.700342 0.689062 0.414941 0.103125 0.492872 0.739530 2 0.907813 0.637500 2 0.895312 0.740625 2 0.492872 0.739530 2
0 0.512500 0.776563 0.796875 0.106250 0.114062 0.723437 2 0.910937 0.728125 2 0.896875 0.829688 2 0.129688 0.796875 2
