0 0.278906 0.075000 0.414062 0.062500 0.071875 0.043750 2 0.485938 0.057813 2 0.484375 0.106250 2 0.071875 0.096875 2
0 0.277344 0.130469 0.414062 0.057812 0.073438 0.101562 2 0.484375 0.112500 2 0.478125 0.159375 2 0.070312 0.146875 2
0 0.275781 0.184375 0.410938 0.053125 0.071875 0.157812 2 0.481250 0.168750 2 0.476562 0.210938 2 0.070312 0.200000 2
0 0.273438 0.234375 0.409375 0.062500 0.071875 0.203125 2 0.478125 0.215625 2 0.478125 0.265625 2 0.068750 0.254688 2
0 0.271875 0.286719 0.409375 0.057812 0.068750 0.257812 2 0.476562 0.270313 2 0.473438 0.315625 2 0.067187 0.306250 2
0 0.273438 0.340625 0.409375 0.056250 0.070312 0.312500 2 0.478125 0.320312 2 0.478125 0.368750 2 0.068750 0.357812 2
0 0.274219 0.392188 0.407813 0.053125 0.073438 0.365625 2 0.478125 0.373437 2 0.478125 0.418750 2 0.070312 0.410938 2
0 0.271875 0.440625 0.409375 0.050000 0.067187 0.415625 2 0.476562 0.425000 2 0.475000 0.465625 2 0.067187 0.465625 2
0 0.273438 0.492969 0.406250 0.045312 0.071875 0.470313 2 0.476562 0.473438 2 0.476562 0.515625 2 0.070312 0.514062 2
0 0.273438 0.542969 0.409375 0.045313 0.068750 0.520312 2 0.478125 0.521875 2 0.478125 0.564063 2 0.068750 0.565625 2
0 0.273438 0.599219 0.409375 0.048438 0.068750 0.576562 2 0.478125 0.575000 2 0.476562 0.623437 2 0.070312 0.621875 2
0 0.275000 0.649219 0.406250 0.045312 0.071875 0.629687 2 0.478125 0.626563 2 0.476562 0.668750 2 0.075000 0.671875 2
0 0.274219 0.700000 0.404687 0.043750 0.075000 0.679688 2 0.476562 0.678125 2 0.475000 0.718750 2 0.071875 0.721875 2
0 0.275000 0.750000 0.406250 0.046875 0.071875 0.731250 2 0.478125 0.726562 2 0.476562 0.768750 2 0.075000 0.773438 2
0 0.279688 0.801562 0.396875 0.040625 0.082812 0.782813 2 0.478125 0.781250 2 0.478125 0.815625 2 0.081250 0.821875 2
0 0.286719 0.854688 0.398438 0.043750 0.087500 0.832812 2 0.485938 0.835938 2 0.485938 0.865625 2 0.093750 0.876563 2
0 0.285938 0.901563 0.396875 0.043750 0.087500 0.879687 2 0.484375 0.881250 2 0.478125 0.921875 2 0.090625 0.923438 2
0 0.286719 0.948438 0.398438 0.043750 0.087500 0.929688 2 0.485938 0.926562 2 0.485938 0.962500 2 0.087500 0.970313 2
0 0.757812 0.081250 0.456250 0.053125 0.529687 0.054688 2 0.985938 0.064062 2 0.982812 0.107813 2 0.531250 0.095312 2
0 0.754687 0.125781 0.453125 0.051562 0.532813 0.100000 2 0.981250 0.114062 2 0.978125 0.151562 2 0.528125 0.140625 2
0 0.752344 0.173438 0.454688 0.053125 0.532813 0.146875 2 0.979688 0.159375 2 0.978125 0.200000 2 0.525000 0.190625 2
0 0.747656 0.223438 0.451562 0.043750 0.523438 0.201563 2 0.973437 0.206250 2 0.970313 0.245312 2 0.521875 0.237500 2
0 0.746875 0.270313 0.453125 0.040625 0.523438 0.250000 2 0.973437 0.250000 2 0.971875 0.290625 2 0.520312 0.279687 2
0 0.750000 0.314063 0.443750 0.046875 0.529687 0.290625 2 0.971875 0.295312 2 0.971875 0.337500 2 0.528125 0.334375 2
0 0.749219 0.362500 0.448437 0.040625 0.525000 0.343750 2 0.970313 0.342187 2 0.973437 0.382812 2 0.526563 0.381250 2
0 0.748438 0.408594 0.446875 0.045313 0.528125 0.385937 2 0.971875 0.390625 2 0.970313 0.431250 2 0.525000 0.426563 2
0 0.741406 0.453906 0.442188 0.039062 0.520312 0.434375 2 0.962500 0.439063 2 0.959375 0.473438 2 0.520312 0.468750 2
0 0.740625 0.500781 0.440625 0.039062 0.521875 0.482812 2 0.960938 0.481250 2 0.957812 0.520312 2 0.520312 0.515625 2
0 0.742969 0.544531 0.439063 0.035937 0.523438 0.526563 2 0.962500 0.526563 2 0.960938 0.562500 2 0.523438 0.560937 2
0 0.742188 0.591406 0.437500 0.042188 0.526563 0.570312 2 0.960938 0.570312 2 0.956250 0.612500 2 0.523438 0.610938 2
0 0.737500 0.635938 0.431250 0.031250 0.521875 0.621875 2 0.953125 0.620313 2 0.950000 0.651563 2 0.521875 0.650000 2
0 0.739062 0.682813 0.431250 0.043750 0.523438 0.665625 2 0.953125 0.660937 2 0.954688 0.698438 2 0.528125 0.704688 2
0 0.740625 0.728125 0.425000 0.046875 0.532813 0.707812 2 0.948438 0.704688 2 0.953125 0.743750 2 0.528125 0.751563 2
0 0.732031 0.773438 0.426562 0.037500 0.518750 0.754687 2 0.945312 0.754687 2 0.935937 0.785937 2 0.520312 0.792188 2
0 0.736719 0.814063 0.435937 0.046875 0.520312 0.796875 2 0.953125 0.790625 2 0.954688 0.834375 2 0.518750 0.837500 2
0 0.736719 0.857031 0.432813 0.039062 0.520312 0.845313 2 0.953125 0.837500 2 0.950000 0.870313 2 0.520312 0.876563 2
0 0.735938 0.905469 0.434375 0.045312 0.518750 0.882812 2 0.942187 0.887500 2 0.953125 0.918750 2 0.520312 0.928125 2
0 0.737500 0.942187 0.434375 0.037500 0.520312 0.929688 2 0.954688 0.923438 2 0.951562 0.959375 2 0.520312 0.960938 2
