0 0.535156 0.204687 0.476562 0.062500 0.300000 0.173437 2 0.773438 0.179688 2 0.773438 0.234375 2 0.296875 0.235937 2
0 0.540625 0.267969 0.475000 0.045313 0.303125 0.245312 2 0.778125 0.246875 2 0.778125 0.290625 2 0.303125 0.289062 2
0 0.532031 0.327344 0.485938 0.057812 0.293750 0.298438 2 0.773438 0.300000 2 0.775000 0.356250 2 0.289062 0.356250 2
0 0.531250 0.389844 0.481250 0.051563 0.295312 0.367188 2 0.771875 0.364063 2 0.770312 0.415625 2 0.290625 0.415625 2
0 0.530469 0.454688 0.489063 0.062500 0.289062 0.428125 2 0.775000 0.423438 2 0.775000 0.485938 2 0.285938 0.481250 2
0 0.524219 0.517187 0.489063 0.053125 0.281250 0.490625 2 0.768750 0.492188 2 0.765625 0.542188 2 0.279687 0.543750 2
0 0.525781 0.583594 0.495312 0.064063 0.284375 0.556250 2 0.770312 0.551562 2 0.773438 0.609375 2 0.278125 0.615625 2
0 0.528906 0.653906 0.501562 0.060937 0.279687 0.626563 2 0.776563 0.623437 2 0.779687 0.681250 2 0.278125 0.684375 2
0 0.537500 0.719531 0.496875 0.054688 0.289062 0.695312 2 0.785937 0.692187 2 0.784375 0.745313 2 0.289062 0.746875 2
0 0.537500 0.787500 0.500000 0.059375 0.287500 0.762500 2 0.785937 0.757812 2 0.787500 0.817187 2 0.287500 0.817187 2
0 0.535937 0.860156 0.525000 0.076562 0.275000 0.821875 2 0.790625 0.825000 2 0.798438 0.890625 2 0.273438 0.898438 2
0 0.540625 0.941406 0.521875 0.057813 0.279687 0.912500 2 0.790625 0.912500 2 0.801562 0.968750 2 0.281250 0.970313 2
