0 0.629297 0.559028 0.158594 0.048611 0.550000 0.534722 2 0.707031 0.537500 2 0.708594 0.583333 2 0.550781 0.579167 2
1 0.629297 0.558333 0.160156 0.050000 0.549219 0.533333 2 0.708594 0.534722 2 0.709375 0.583333 2 0.549219 0.579167 2
0 0.114570 0.541458 0.064609 0.033750 0.082266 0.524583 2 0.146094 0.526389 2 0.146875 0.558333 2 0.082734 0.553056 2
1 0.457372 0.546268 0.069318 0.045246 0.422713 0.531241 2 0.490892 0.523645 2 0.492031 0.555000 2 0.424386 0.568890 2
0 0.369917 0.549839 0.108680 0.040234 0.316094 0.529722 2 0.423750 0.531944 2 0.424257 0.569956 2 0.315577 0.565535 2
0 0.629297 0.559028 0.158594 0.048611 0.550000 0.534722 2 0.707031 0.537500 2 0.708594 0.583333 2 0.550781 0.579167 2
1 0.629297 0.558333 0.160156 0.050000 0.549219 0.533333 2 0.708594 0.534722 2 0.709375 0.583333 2 0.549219 0.579167 2
0 0.114570 0.541458 0.064609 0.033750 0.082266 0.524583 2 0.146094 0.526389 2 0.146875 0.558333 2 0.082734 0.553056 2
1 0.457372 0.546268 0.069318 0.045246 0.422713 0.531241 2 0.490892 0.523645 2 0.492031 0.555000 2 0.424386 0.568890 2
0 0.369917 0.549839 0.108680 0.040234 0.316094 0.529722 2 0.423750 0.531944 2 0.424257 0.569956 2 0.315577 0.565535 2
