0 0.336719 0.563194 0.165625 0.056944 0.253906 0.544444 2 0.419531 0.534722 2 0.419531 0.579167 2 0.254688 0.591667 2
1 0.040982 0.573473 0.058679 0.079481 0.012072 0.548253 2 0.070107 0.533732 2 0.070322 0.577676 2 0.011642 0.613213 2
0 0.872422 0.530469 0.034531 0.022883 0.855156 0.519028 2 0.889444 0.519737 2 0.889688 0.540000 2 0.855263 0.541911 2
0 0.826797 0.533681 0.044531 0.026528 0.804680 0.522324 2 0.848984 0.520417 2 0.849063 0.543889 2 0.804531 0.546944 2
0 0.766316 0.539134 0.057589 0.033356 0.737521 0.524108 2 0.795110 0.522456 2 0.794739 0.549207 2 0.738078 0.555812 2
1 0.690236 0.537327 0.095996 0.036254 0.642984 0.519200 2 0.738234 0.524948 2 0.738234 0.555454 2 0.642238 0.546612 2
0 0.336719 0.563194 0.165625 0.056944 0.253906 0.544444 2 0.419531 0.534722 2 0.419531 0.579167 2 0.254688 0.591667 2
1 0.040982 0.573473 0.058679 0.079481 0.012072 0.548253 2 0.070107 0.533732 2 0.070322 0.577676 2 0.011642 0.613213 2
0 0.872422 0.530469 0.034531 0.022883 0.855156 0.519028 2 0.889444 0.519737 2 0.889688 0.540000 2 0.855263 0.541911 2
0 0.826797 0.533681 0.044531 0.026528 0.804680 0.522324 2 0.848984 0.520417 2 0.849063 0.543889 2 0.804531 0.546944 2
0 0.766316 0.539134 0.057589 0.033356 0.737521 0.524108 2 0.795110 0.522456 2 0.794739 0.549207 2 0.738078 0.555812 2
1 0.690236 0.537327 0.095996 0.036254 0.642984 0.519200 2 0.738234 0.524948 2 0.738234 0.555454 2 0.642238 0.546612 2
