1 0.585677 0.603241 0.057813 0.039815 0.556771 0.596296 2 0.614062 0.583333 2 0.614583 0.607407 2 0.557292 0.623148 2
0 0.522917 0.603704 0.066667 0.038889 0.489583 0.584259 2 0.556250 0.595370 2 0.556250 0.623148 2 0.489583 0.609259 2
0 0.939063 0.724537 0.101042 0.069444 0.888542 0.689815 2 0.988542 0.708333 2 0.989583 0.759259 2 0.888542 0.739815 2
0 0.131014 0.296655 0.033816 0.015925 0.114106 0.288693 2 0.147027 0.295859 2 0.147922 0.304618 2 0.114778 0.297451 2
0 0.252052 0.301267 0.029108 0.018736 0.237833 0.291899 2 0.266606 0.300821 2 0.266606 0.310635 2 0.237498 0.300821 2
0 0.287140 0.312324 0.026748 0.015936 0.274200 0.304356 2 0.300514 0.311552 2 0.299936 0.320291 2 0.273766 0.312323 2
0 0.318370 0.322348 0.023278 0.013366 0.307165 0.315665 2 0.330009 0.321577 2 0.330009 0.329031 2 0.306731 0.322091 2
0 0.346491 0.331087 0.021398 0.012338 0.336515 0.324918 2 0.357190 0.329288 2 0.357190 0.337256 2 0.335792 0.331087 2
0 0.062374 0.241912 0.047029 0.025879 0.038859 0.228972 2 0.085889 0.243305 2 0.085889 0.254851 2 0.039307 0.240518 2
0 0.116458 0.259032 0.041431 0.022693 0.095742 0.247685 2 0.137173 0.262416 2 0.136501 0.270378 2 0.096638 0.258832 2
