0 0.523438 0.612500 0.092708 0.034259 0.477604 0.595370 2 0.569792 0.601852 2 0.569792 0.629630 2 0.477083 0.623148 2
0 0.434635 0.606019 0.084896 0.034259 0.392708 0.588889 2 0.477083 0.597222 2 0.476562 0.623148 2 0.392188 0.614815 2
0 0.622917 0.621296 0.104167 0.035185 0.570833 0.603704 2 0.675000 0.609259 2 0.675000 0.638889 2 0.570833 0.631481 2
0 0.541511 0.308753 0.017007 0.007248 0.533123 0.306578 2 0.549781 0.305129 2 0.550014 0.311134 2 0.533007 0.312377 2
0 0.902524 0.341766 0.029591 0.011548 0.887728 0.338879 2 0.917320 0.335992 2 0.917320 0.345936 2 0.888089 0.347539 2
0 0.640668 0.299223 0.018195 0.007188 0.631570 0.296108 2 0.649496 0.295629 2 0.649765 0.301379 2 0.631570 0.302817 2
0 0.664214 0.296395 0.020082 0.008147 0.654173 0.293281 2 0.674255 0.292322 2 0.674255 0.299031 2 0.654307 0.300469 2
0 0.865194 0.344268 0.029318 0.010230 0.850535 0.340789 2 0.879697 0.339153 2 0.879853 0.347443 2 0.851003 0.349383 2
0 0.724675 0.351703 0.024975 0.009741 0.712211 0.348496 2 0.736539 0.346833 2 0.737162 0.354873 2 0.712188 0.356574 2
0 0.575852 0.361105 0.021667 0.007869 0.565251 0.358413 2 0.586685 0.357171 2 0.586685 0.364626 2 0.565018 0.365040 2
0 0.547370 0.363798 0.021783 0.008698 0.537061 0.360692 2 0.557912 0.359449 2 0.558262 0.367111 2 0.536478 0.368146 2
0 0.522674 0.364626 0.020619 0.008284 0.512598 0.361727 2 0.532751 0.360484 2 0.532984 0.368768 2 0.512365 0.368146 2
0 0.496173 0.366490 0.020968 0.007869 0.485689 0.364005 2 0.506424 0.362555 2 0.506657 0.370010 2 0.485806 0.370424 2
0 0.469889 0.367939 0.020438 0.007875 0.459671 0.364717 2 0.480108 0.364001 2 0.480108 0.371161 2 0.460174 0.371877 2
0 0.447740 0.368834 0.020035 0.006801 0.437924 0.366328 2 0.457657 0.365433 2 0.457758 0.371519 2 0.437722 0.372235 2
0 0.422973 0.370266 0.020035 0.006085 0.412955 0.367760 2 0.432991 0.367223 2 0.432991 0.373309 2 0.413056 0.372772 2
0 0.501223 0.312569 0.017252 0.007907 0.492597 0.309574 2 0.509579 0.308616 2 0.509849 0.316044 2 0.492866 0.316523 2
