1 0.543542 0.605833 0.021458 0.045741 0.533333 0.599074 2 0.554271 0.582963 2 0.532813 0.628704 2 0.532813 0.628704 2
0 0.485938 0.611574 0.092708 0.034259 0.440104 0.594444 2 0.532292 0.600926 2 0.532292 0.628704 2 0.439583 0.622222 2
0 0.244459 0.357377 0.017748 0.005450 0.235666 0.355369 2 0.253334 0.354652 2 0.253334 0.360102 2 0.235585 0.360102 2
0 0.266685 0.356947 0.018313 0.006597 0.257529 0.354652 2 0.275761 0.353648 2 0.275842 0.359672 2 0.257529 0.360245 2
0 0.290282 0.354652 0.017103 0.006311 0.281731 0.352644 2 0.298834 0.351497 2 0.298672 0.356947 2 0.281731 0.357807 2
0 0.363286 0.351337 0.019869 0.007553 0.353602 0.348227 2 0.373220 0.347561 2 0.373095 0.354669 2 0.353352 0.355114 2
0 0.386903 0.349560 0.019869 0.007553 0.376969 0.346894 2 0.396462 0.345783 2 0.396837 0.352892 2 0.376969 0.353337 2
0 0.468429 0.344430 0.021708 0.008640 0.457575 0.340878 2 0.479164 0.340110 2 0.479283 0.348558 2 0.457575 0.348750 2
0 0.496396 0.343278 0.023015 0.009408 0.485321 0.340494 2 0.507784 0.338574 2 0.507903 0.346254 2 0.484888 0.347982 2
0 0.528364 0.340590 0.023231 0.010944 0.516749 0.338190 2 0.539655 0.335118 2 0.539979 0.344142 2 0.516748 0.346062 2
0 0.587005 0.337799 0.024115 0.009586 0.575069 0.334927 2 0.598504 0.333006 2 0.599063 0.341481 2 0.574948 0.342593 2
0 0.620650 0.336270 0.025499 0.010752 0.608343 0.332623 2 0.633075 0.330894 2 0.633399 0.340878 2 0.607900 0.341646 2
0 0.653746 0.334446 0.026892 0.011328 0.640624 0.330702 2 0.667095 0.328782 2 0.667192 0.337998 2 0.640300 0.340110 2
0 0.760256 0.328494 0.028728 0.010560 0.745892 0.325518 2 0.774620 0.323214 2 0.774296 0.332814 2 0.746000 0.333774 2
0 0.794632 0.326171 0.027432 0.010944 0.780916 0.323387 2 0.808024 0.320699 2 0.808348 0.329339 2 0.781024 0.331643 2
0 0.873920 0.321991 0.030490 0.009997 0.858675 0.318103 2 0.888915 0.316993 2 0.889165 0.326101 2 0.858800 0.326990 2
0 0.913782 0.320214 0.031240 0.011774 0.898162 0.316104 2 0.929402 0.314327 2 0.929152 0.324546 2 0.898162 0.326101 2
