0 0.495573 0.552315 0.043229 0.012037 0.473958 0.546296 2 0.516667 0.546296 2 0.517188 0.558333 2 0.473958 0.557407 2
1 0.521615 0.550926 0.008854 0.016667 0.517188 0.547222 2 0.526042 0.542593 2 0.525521 0.555556 2 0.517708 0.559259 2
0 0.671638 0.374669 0.019975 0.007136 0.661651 0.371930 2 0.681533 0.371101 2 0.681626 0.377904 2 0.661651 0.378236 2
0 0.697009 0.374005 0.021562 0.007301 0.686227 0.370686 2 0.707603 0.370354 2 0.707790 0.377490 2 0.686228 0.377655 2
0 0.642991 0.374934 0.019042 0.006637 0.633471 0.371615 2 0.652512 0.372113 2 0.652512 0.378253 2 0.633471 0.378253 2
0 0.594784 0.376264 0.019343 0.008064 0.585113 0.372808 2 0.603904 0.372232 2 0.604455 0.379144 2 0.585328 0.380296 2
0 0.569904 0.377041 0.018668 0.008297 0.560570 0.373722 2 0.578772 0.372893 2 0.579239 0.380692 2 0.561037 0.381190 2
0 0.545172 0.377183 0.018797 0.007601 0.535854 0.374530 2 0.554328 0.373383 2 0.554570 0.380410 2 0.535773 0.380984 2
0 0.499816 0.379328 0.018494 0.006665 0.490694 0.375996 2 0.509063 0.376218 2 0.508813 0.382216 2 0.490569 0.382660 2
0 0.474824 0.381113 0.017668 0.007027 0.466232 0.377600 2 0.483416 0.377743 2 0.483658 0.384627 2 0.465990 0.384627 2
0 0.431591 0.382275 0.016458 0.006024 0.423362 0.379550 2 0.439820 0.379263 2 0.439820 0.385287 2 0.423362 0.385143 2
0 0.408472 0.382258 0.016804 0.006322 0.400070 0.379964 2 0.416804 0.379097 2 0.416874 0.385047 2 0.400070 0.385419 2
0 0.386561 0.383231 0.017081 0.005310 0.378021 0.380576 2 0.395102 0.380576 2 0.395102 0.385886 2 0.378021 0.385556 2
0 0.345838 0.384347 0.016740 0.006528 0.337468 0.381851 2 0.353776 0.381083 2 0.354208 0.386651 2 0.337684 0.387611 2
0 0.325230 0.384742 0.016700 0.006024 0.316880 0.382461 2 0.333499 0.381730 2 0.333580 0.387036 2 0.316880 0.387753 2
0 0.304707 0.386362 0.016135 0.005450 0.296720 0.384498 2 0.312694 0.383637 2 0.312774 0.388657 2 0.296639 0.389087 2
0 0.283449 0.386936 0.017184 0.005450 0.274938 0.384785 2 0.291638 0.384211 2 0.292041 0.389374 2 0.274857 0.389661 2
0 0.265378 0.387008 0.016538 0.005020 0.257432 0.384928 2 0.273647 0.384498 2 0.273567 0.389517 2 0.257109 0.389517 2
0 0.805465 0.370197 0.022896 0.008832 0.794017 0.366933 2 0.816805 0.365781 2 0.816913 0.374037 2 0.794233 0.374613 2
0 0.777541 0.371611 0.020081 0.008074 0.767574 0.369151 2 0.787501 0.367574 2 0.787581 0.374171 2 0.767500 0.375648 2
0 0.751252 0.372378 0.019267 0.006818 0.741618 0.370086 2 0.760723 0.368970 2 0.760885 0.375000 2 0.741688 0.375787 2
