1 0.581250 0.605556 0.035417 0.048148 0.564583 0.581481 2 0.598958 0.600000 2 0.598437 0.629630 2 0.563542 0.605556 2
0 0.644792 0.614352 0.091667 0.028704 0.598958 0.601852 2 0.690625 0.600000 2 0.690625 0.625926 2 0.599479 0.628704 2
1 0.821094 0.562037 0.048438 0.020370 0.797396 0.551852 2 0.845313 0.557407 2 0.844792 0.572222 2 0.796875 0.566667 2
0 0.868490 0.565278 0.047396 0.015741 0.844792 0.557407 2 0.892188 0.557407 2 0.891667 0.572222 2 0.844792 0.573148 2
0 0.171752 0.307824 0.030835 0.010595 0.157112 0.302526 2 0.186651 0.304369 2 0.187169 0.313121 2 0.156334 0.311279 2
0 0.244682 0.313970 0.028452 0.011699 0.230456 0.308121 2 0.258327 0.309497 2 0.258908 0.319820 2 0.231036 0.318100 2
0 0.281457 0.317274 0.026517 0.011011 0.268199 0.311768 2 0.294715 0.313489 2 0.294522 0.322779 2 0.268198 0.320715 2
0 0.313935 0.320061 0.028259 0.011699 0.300387 0.314212 2 0.328065 0.316276 2 0.327678 0.325911 2 0.299806 0.323846 2
0 0.383557 0.325498 0.029033 0.012043 0.369621 0.319476 2 0.398074 0.322573 2 0.398074 0.331519 2 0.369040 0.329111 2
0 0.415803 0.328877 0.024868 0.010538 0.403369 0.323607 2 0.428237 0.324892 2 0.428237 0.334146 2 0.403369 0.332860 2
0 0.445109 0.329944 0.023867 0.009775 0.433176 0.325057 2 0.456793 0.326834 2 0.457043 0.334831 2 0.433550 0.332388 2
0 0.536767 0.338552 0.023550 0.010303 0.525425 0.333400 2 0.548414 0.335456 2 0.548542 0.343704 2 0.524992 0.341111 2
0 0.564757 0.341758 0.021494 0.010183 0.554010 0.336667 2 0.575379 0.337964 2 0.575504 0.346850 2 0.554136 0.344184 2
0 0.096867 0.303218 0.033944 0.012437 0.080413 0.296999 2 0.113839 0.299763 2 0.113839 0.309436 2 0.079895 0.307594 2
0 0.134172 0.306223 0.030301 0.011999 0.119022 0.300223 2 0.148820 0.302526 2 0.149323 0.312222 2 0.119531 0.310833 2
0 0.702003 0.351675 0.021687 0.009253 0.691738 0.347049 2 0.712702 0.348334 2 0.712847 0.356302 2 0.691160 0.354246 2
0 0.676123 0.350005 0.021398 0.008482 0.665858 0.345764 2 0.686822 0.346278 2 0.686822 0.354246 2 0.665424 0.352446 2
0 0.727160 0.354246 0.020820 0.008739 0.717329 0.349876 2 0.737570 0.351418 2 0.737570 0.358615 2 0.716751 0.356559 2
