1 0.421823 0.693287 0.041771 0.118981 0.400938 0.633796 2 0.400938 0.633796 2 0.442708 0.752778 2 0.442708 0.752778 2
0 0.528906 0.715278 0.171354 0.075000 0.443229 0.698148 2 0.613542 0.677778 2 0.614583 0.724074 2 0.443750 0.752778 2
0 0.803125 0.668056 0.106250 0.056481 0.750000 0.654630 2 0.855729 0.639815 2 0.856250 0.677778 2 0.750000 0.696296 2
0 0.681771 0.687963 0.136458 0.062963 0.613542 0.673148 2 0.749479 0.656481 2 0.750000 0.699074 2 0.614062 0.719444 2
0 0.158337 0.235910 0.025887 0.013307 0.145393 0.229256 2 0.171280 0.232860 2 0.170813 0.242564 2 0.145705 0.238682 2
0 0.189136 0.240623 0.026667 0.013862 0.176427 0.233692 2 0.202470 0.236742 2 0.202314 0.247554 2 0.175803 0.244227 2
0 0.220325 0.245752 0.025731 0.014693 0.209955 0.238405 2 0.233191 0.242286 2 0.232099 0.253099 2 0.207460 0.245336 2
0 0.285707 0.255134 0.022643 0.012460 0.274386 0.248904 2 0.296220 0.252738 2 0.297029 0.261364 2 0.275599 0.259208 2
0 0.315925 0.259615 0.022104 0.011022 0.304873 0.254104 2 0.326708 0.257459 2 0.326977 0.265126 2 0.305143 0.260813 2
0 0.348017 0.264306 0.019532 0.009666 0.338251 0.259474 2 0.357179 0.262875 2 0.357783 0.269139 2 0.338352 0.265935 2
0 0.373983 0.268083 0.022250 0.010739 0.362858 0.262713 2 0.385107 0.265219 2 0.385107 0.273453 2 0.362969 0.270185 2
0 0.401166 0.272737 0.019431 0.011455 0.391451 0.267009 2 0.410076 0.269157 2 0.410881 0.278464 2 0.392054 0.274885 2
0 0.079616 0.295093 0.034824 0.015076 0.062385 0.287555 2 0.096667 0.292046 2 0.097028 0.302631 2 0.062204 0.296857 2
0 0.121386 0.300225 0.036809 0.015718 0.102982 0.292367 2 0.139791 0.296857 2 0.138889 0.308084 2 0.104245 0.303273 2
0 0.165228 0.304424 0.031685 0.013254 0.150434 0.297797 2 0.181070 0.301318 2 0.180954 0.311051 2 0.149385 0.308359 2
0 0.207781 0.309933 0.032034 0.011804 0.191764 0.304031 2 0.223566 0.306723 2 0.223799 0.315835 2 0.192114 0.313350 2
0 0.246398 0.313971 0.030753 0.011598 0.231021 0.308172 2 0.261774 0.311693 2 0.261541 0.319770 2 0.231487 0.317492 2
0 0.283965 0.317803 0.029239 0.011804 0.270044 0.311900 2 0.298584 0.315421 2 0.298584 0.323705 2 0.269346 0.321841 2
0 0.317397 0.321634 0.027142 0.011183 0.303826 0.316042 2 0.330968 0.318527 2 0.330968 0.327225 2 0.303826 0.325361 2
0 0.352620 0.325583 0.026714 0.008818 0.339263 0.321174 2 0.365977 0.322876 2 0.365803 0.329992 2 0.339263 0.328445 2
0 0.387522 0.330193 0.024712 0.010674 0.375165 0.324856 2 0.399878 0.327486 2 0.399791 0.335530 2 0.375165 0.331817 2
0 0.416541 0.332823 0.025322 0.010674 0.403880 0.327486 2 0.429202 0.329961 2 0.429115 0.338160 2 0.403968 0.335066 2
0 0.448626 0.336957 0.022653 0.008949 0.437300 0.332482 2 0.459751 0.333914 2 0.459952 0.341431 2 0.437501 0.339999 2
0 0.655845 0.360381 0.016541 0.007041 0.647574 0.356860 2 0.663649 0.357481 2 0.664115 0.363901 2 0.647807 0.362659 2
0 0.736911 0.368619 0.013692 0.006981 0.730467 0.365129 2 0.743757 0.366561 2 0.743757 0.372109 2 0.730065 0.371214 2
