0 0.883073 0.732407 0.206771 0.057407 0.780729 0.703704 2 0.986458 0.709259 2 0.985417 0.761111 2 0.779687 0.755556 2
0 0.677865 0.729167 0.202604 0.054630 0.576562 0.701852 2 0.779167 0.706481 2 0.778646 0.756481 2 0.577083 0.751852 2
0 0.510906 0.279771 0.019532 0.006623 0.501140 0.276459 2 0.520370 0.276460 2 0.520672 0.282724 2 0.501644 0.283082 2
0 0.536996 0.278337 0.019200 0.007086 0.527396 0.274907 2 0.546595 0.274794 2 0.546595 0.281479 2 0.527869 0.281880 2
0 0.564772 0.277891 0.020169 0.006961 0.554688 0.274444 2 0.574770 0.274410 2 0.574857 0.281372 2 0.555104 0.281217 2
0 0.353998 0.338864 0.027025 0.009112 0.340952 0.334929 2 0.367511 0.334308 2 0.367162 0.342177 2 0.340486 0.343420 2
0 0.382510 0.339319 0.026277 0.008054 0.369673 0.335650 2 0.395246 0.335292 2 0.395649 0.342988 2 0.369371 0.343346 2
0 0.414666 0.338884 0.026210 0.008491 0.401910 0.335881 2 0.427771 0.334639 2 0.427771 0.342923 2 0.401561 0.343130 2
0 0.445590 0.337878 0.026979 0.010258 0.432100 0.332749 2 0.458455 0.333581 2 0.459079 0.343007 2 0.432568 0.342452 2
0 0.477247 0.338550 0.026979 0.009938 0.463757 0.334135 2 0.490268 0.333581 2 0.490736 0.343284 2 0.463906 0.343519 2
0 0.507578 0.338710 0.024016 0.008594 0.496038 0.335244 2 0.519586 0.334412 2 0.519430 0.341898 2 0.495571 0.343007 2
0 0.536740 0.337739 0.025263 0.009426 0.524732 0.333581 2 0.549372 0.333026 2 0.549372 0.342452 2 0.524109 0.341621 2
0 0.632133 0.336214 0.024484 0.009149 0.619891 0.331640 2 0.644374 0.332749 2 0.644374 0.340789 2 0.619891 0.339957 2
0 0.567680 0.336880 0.025575 0.008872 0.555204 0.332444 2 0.580468 0.333276 2 0.580000 0.341316 2 0.554892 0.341316 2
0 0.602997 0.337136 0.025371 0.010023 0.590614 0.332661 2 0.615582 0.332124 2 0.615683 0.342147 2 0.590312 0.340715 2
0 0.411718 0.281965 0.019244 0.010967 0.402097 0.278161 2 0.421042 0.276481 2 0.421340 0.285840 2 0.402112 0.287448 2
0 0.460719 0.280088 0.019056 0.009282 0.451191 0.276375 2 0.470247 0.275447 2 0.469986 0.284419 2 0.451452 0.284728 2
0 0.931353 0.334343 0.030204 0.010381 0.916251 0.330226 2 0.946455 0.329153 2 0.946052 0.338281 2 0.916251 0.339534 2
0 0.894199 0.335139 0.029023 0.009907 0.879687 0.330463 2 0.908710 0.330185 2 0.908447 0.339410 2 0.880938 0.340093 2
0 0.862820 0.333715 0.025871 0.010696 0.849885 0.329570 2 0.875755 0.328367 2 0.875755 0.338795 2 0.850636 0.339063 2
0 0.797607 0.334949 0.021295 0.009345 0.786959 0.330276 2 0.807446 0.330995 2 0.808255 0.338902 2 0.787633 0.339621 2
