0 0.507292 0.553704 0.040625 0.014815 0.486979 0.546296 2 0.527083 0.549074 2 0.527604 0.561111 2 0.486979 0.558333 2
1 0.532292 0.552315 0.010417 0.017593 0.527083 0.549074 2 0.537500 0.543519 2 0.537500 0.555556 2 0.527083 0.561111 2
0 0.653548 0.382136 0.018109 0.006970 0.644494 0.378817 2 0.662323 0.378651 2 0.662603 0.384625 2 0.644774 0.385621 2
0 0.605242 0.382432 0.017990 0.007745 0.596569 0.379277 2 0.613995 0.378560 2 0.614237 0.385875 2 0.596247 0.386305 2
0 0.581007 0.383666 0.018797 0.006884 0.572093 0.380367 2 0.590325 0.380224 2 0.590406 0.386534 2 0.571609 0.387108 2
0 0.556926 0.384024 0.017829 0.006884 0.548253 0.380869 2 0.565841 0.380582 2 0.565760 0.387036 2 0.548012 0.387467 2
0 0.488232 0.386534 0.017829 0.006311 0.479479 0.383953 2 0.496905 0.383379 2 0.497147 0.389403 2 0.479318 0.389690 2
0 0.446225 0.388499 0.016054 0.006884 0.438198 0.385057 2 0.454010 0.385057 2 0.454252 0.391941 2 0.438198 0.391941 2
0 0.362582 0.391195 0.016054 0.005880 0.354797 0.388399 2 0.370609 0.388255 2 0.370609 0.393275 2 0.354555 0.394136 2
0 0.424120 0.388571 0.016700 0.007028 0.415851 0.385774 2 0.432228 0.385057 2 0.432470 0.391081 2 0.415771 0.392085 2
0 0.323063 0.392049 0.015709 0.007013 0.315208 0.389815 2 0.330837 0.388542 2 0.330918 0.394566 2 0.315365 0.395556 2
0 0.402516 0.389331 0.016054 0.006741 0.394650 0.385961 2 0.410382 0.385961 2 0.410543 0.392128 2 0.394489 0.392701 2
0 0.302319 0.392845 0.014763 0.006311 0.295018 0.390694 2 0.309701 0.389690 2 0.309701 0.395570 2 0.294937 0.396000 2
0 0.814260 0.376968 0.020007 0.009322 0.804257 0.373741 2 0.823941 0.372307 2 0.824264 0.380625 2 0.804257 0.381629 2
0 0.786468 0.377542 0.020411 0.008749 0.776262 0.373741 2 0.796673 0.373168 2 0.796592 0.381342 2 0.776585 0.381916 2
0 0.343030 0.391068 0.015190 0.006198 0.335435 0.388399 2 0.350038 0.387969 2 0.350625 0.394167 2 0.335516 0.393849 2
0 0.760492 0.378668 0.020370 0.008961 0.750307 0.375017 2 0.770562 0.374187 2 0.770677 0.382778 2 0.750307 0.383148 2
0 0.707060 0.380797 0.020411 0.008749 0.696855 0.377571 2 0.717104 0.376423 2 0.717266 0.384168 2 0.697339 0.385172 2
0 0.681999 0.380833 0.019548 0.007104 0.672333 0.377666 2 0.691449 0.377281 2 0.691773 0.384001 2 0.672225 0.384385 2
