1 0.491536 0.647315 0.022656 0.074259 0.480208 0.610185 2 0.480208 0.610185 2 0.502865 0.684444 2 0.502865 0.684444 2
0 0.813281 0.644907 0.108854 0.041667 0.758854 0.632407 2 0.867708 0.624074 2 0.867708 0.656481 2 0.758854 0.665741 2
0 0.697656 0.654630 0.122396 0.042593 0.636458 0.639815 2 0.758333 0.633333 2 0.758854 0.666667 2 0.636979 0.675926 2
0 0.570052 0.662500 0.133854 0.043519 0.503125 0.645370 2 0.636458 0.640741 2 0.636979 0.677778 2 0.503125 0.684259 2
0 0.297625 0.343726 0.025295 0.008475 0.285110 0.339488 2 0.310008 0.341136 2 0.310273 0.347964 2 0.284978 0.347257 2
0 0.599153 0.355663 0.021454 0.008711 0.588691 0.351308 2 0.609881 0.352249 2 0.609881 0.360018 2 0.588426 0.358370 2
0 0.541690 0.352955 0.022249 0.009182 0.530565 0.348364 2 0.552814 0.350012 2 0.552814 0.357546 2 0.531095 0.355898 2
0 0.512756 0.352196 0.023291 0.008989 0.501723 0.347701 2 0.524401 0.348791 2 0.524401 0.356691 2 0.501110 0.355329 2
0 0.485564 0.351780 0.022658 0.007311 0.474235 0.348125 2 0.496721 0.348732 2 0.496892 0.355436 2 0.474235 0.354204 2
0 0.453825 0.349973 0.023465 0.007326 0.442093 0.346310 2 0.465557 0.346717 2 0.465557 0.353229 2 0.442093 0.353636 2
0 0.422920 0.348564 0.024151 0.008984 0.410845 0.344072 2 0.434996 0.345293 2 0.434635 0.353056 2 0.410845 0.351601 2
0 0.395111 0.347729 0.023706 0.007534 0.383258 0.343962 2 0.406831 0.344432 2 0.406964 0.351495 2 0.383258 0.350554 2
0 0.362840 0.346493 0.024495 0.008953 0.351050 0.342220 2 0.374858 0.342016 2 0.375087 0.350970 2 0.350592 0.349545 2
0 0.330999 0.344785 0.025030 0.007769 0.319013 0.340901 2 0.343514 0.341371 2 0.343514 0.348670 2 0.318484 0.348435 2
0 0.498622 0.294048 0.018938 0.007770 0.489153 0.290163 2 0.507694 0.290870 2 0.508091 0.297933 2 0.489550 0.296520 2
0 0.263700 0.342613 0.026117 0.009321 0.250740 0.338304 2 0.276560 0.337952 2 0.276758 0.347273 2 0.250641 0.346218 2
0 0.230442 0.340101 0.028961 0.009534 0.216115 0.335333 2 0.244922 0.336423 2 0.244769 0.344868 2 0.215962 0.344051 2
0 0.474009 0.293052 0.020211 0.007414 0.463904 0.289346 2 0.484100 0.290305 2 0.484115 0.296759 2 0.464228 0.295489 2
0 0.449521 0.292229 0.020815 0.006306 0.439393 0.289076 2 0.459742 0.289076 2 0.459928 0.295381 2 0.439113 0.295216 2
0 0.421762 0.289941 0.020196 0.007104 0.411664 0.286389 2 0.431320 0.288117 2 0.431860 0.293493 2 0.411664 0.291957 2
0 0.396512 0.288935 0.020993 0.008220 0.386016 0.284825 2 0.407009 0.286158 2 0.406759 0.293045 2 0.386141 0.291046 2
0 0.342890 0.285314 0.022356 0.008256 0.331712 0.281186 2 0.353960 0.282529 2 0.354068 0.289441 2 0.331712 0.288289 2
0 0.315350 0.283490 0.022788 0.008064 0.304388 0.279458 2 0.326744 0.280225 2 0.326744 0.287521 2 0.303956 0.286369 2
0 0.290618 0.282337 0.021492 0.007680 0.279872 0.278498 2 0.301364 0.280033 2 0.301364 0.286177 2 0.280196 0.285601 2
0 0.727576 0.360956 0.017510 0.007211 0.719019 0.357350 2 0.736133 0.358054 2 0.736331 0.364561 2 0.718821 0.363506 2
0 0.824708 0.364197 0.016700 0.007529 0.816358 0.360432 2 0.832943 0.360839 2 0.833058 0.367961 2 0.816587 0.367758 2
0 0.703115 0.360042 0.020527 0.007770 0.692851 0.356157 2 0.713114 0.356393 2 0.713379 0.363927 2 0.693116 0.362514 2
