0 0.434635 0.696759 0.177604 0.056481 0.345833 0.676852 2 0.522917 0.668519 2 0.523438 0.715741 2 0.346875 0.725000 2
0 0.853385 0.578704 0.057813 0.022222 0.824479 0.570370 2 0.882292 0.567593 2 0.881771 0.587037 2 0.824479 0.589815 2
1 0.794010 0.573148 0.059896 0.035185 0.764062 0.555556 2 0.823958 0.567593 2 0.823438 0.590741 2 0.764062 0.578704 2
0 0.319613 0.309624 0.030362 0.011567 0.304432 0.303841 2 0.334650 0.304869 2 0.334794 0.315408 2 0.304866 0.312837 2
0 0.162924 0.298108 0.038130 0.013076 0.145795 0.291570 2 0.181989 0.294323 2 0.180828 0.304645 2 0.143859 0.303269 2
0 0.240570 0.304180 0.034936 0.012740 0.223550 0.297810 2 0.258038 0.300995 2 0.258038 0.310550 2 0.223102 0.307365 2
0 0.279659 0.306979 0.033797 0.011920 0.263438 0.301019 2 0.296557 0.303383 2 0.296333 0.312939 2 0.262760 0.310185 2
0 0.358011 0.311200 0.033959 0.012491 0.341868 0.304955 2 0.374990 0.307334 2 0.374990 0.317446 2 0.341031 0.315067 2
0 0.495974 0.321977 0.024194 0.008212 0.484063 0.317870 2 0.507103 0.318857 2 0.508071 0.326083 2 0.483876 0.325050 2
0 0.590921 0.328362 0.026169 0.007454 0.577836 0.324636 2 0.603572 0.324892 2 0.604006 0.332089 2 0.578270 0.331061 2
0 0.653855 0.332613 0.027100 0.009517 0.640305 0.327855 2 0.667405 0.329044 2 0.667238 0.337371 2 0.640807 0.336182 2
