0 0.304688 0.582407 0.087500 0.024074 0.260937 0.571296 2 0.348438 0.570370 2 0.348438 0.593519 2 0.260937 0.594444 2
0 0.465365 0.577315 0.073437 0.023148 0.428646 0.568519 2 0.502083 0.565741 2 0.502083 0.586111 2 0.428646 0.588889 2
0 0.388802 0.579167 0.078646 0.023148 0.349479 0.568519 2 0.427604 0.567593 2 0.428125 0.588889 2 0.349479 0.590741 2
0 0.319406 0.346397 0.022537 0.008184 0.308138 0.342305 2 0.330066 0.343698 2 0.330675 0.350489 2 0.308225 0.349406 2
0 0.291476 0.344349 0.024364 0.008234 0.279294 0.340232 2 0.303356 0.341485 2 0.303658 0.348465 2 0.279495 0.347213 2
0 0.260504 0.341887 0.024230 0.009941 0.248506 0.336917 2 0.272619 0.339402 2 0.272374 0.346857 2 0.248389 0.344372 2
0 0.192009 0.273594 0.022325 0.007898 0.181416 0.269645 2 0.203058 0.271265 2 0.203172 0.277543 2 0.180846 0.275518 2
0 0.620324 0.373962 0.017418 0.007893 0.611615 0.370015 2 0.629033 0.371286 2 0.629033 0.377908 2 0.611616 0.377014 2
0 0.699526 0.380403 0.013988 0.006150 0.692532 0.377327 2 0.706370 0.378130 2 0.706520 0.383478 2 0.692682 0.383344 2
0 0.128604 0.329627 0.026909 0.010148 0.115266 0.324553 2 0.142058 0.326210 2 0.142058 0.334701 2 0.115149 0.332216 2
0 0.161337 0.332630 0.026676 0.009526 0.147999 0.327867 2 0.174559 0.330145 2 0.174675 0.337393 2 0.147999 0.335737 2
0 0.195905 0.336296 0.024824 0.009526 0.183494 0.331533 2 0.208317 0.333397 2 0.208317 0.341059 2 0.183493 0.338781 2
0 0.229163 0.338988 0.023286 0.009112 0.217520 0.334432 2 0.240806 0.336296 2 0.240806 0.343544 2 0.217520 0.341887 2
0 0.216354 0.277975 0.021186 0.010497 0.205761 0.272727 2 0.226947 0.274542 2 0.226947 0.283224 2 0.206050 0.279700 2
0 0.245410 0.281923 0.024805 0.008376 0.233007 0.277735 2 0.257812 0.279907 2 0.257656 0.286111 2 0.233125 0.283796 2
0 0.553703 0.368223 0.017598 0.007621 0.544904 0.364412 2 0.562501 0.366017 2 0.562501 0.372033 2 0.544979 0.370963 2
0 0.457878 0.359115 0.020539 0.007338 0.447911 0.355446 2 0.468148 0.356699 2 0.467846 0.362784 2 0.447609 0.361889 2
0 0.404322 0.354189 0.021783 0.008697 0.393663 0.349840 2 0.414864 0.351289 2 0.415213 0.358537 2 0.393430 0.356052 2
0 0.378392 0.352117 0.022854 0.007517 0.366965 0.348358 2 0.389719 0.349432 2 0.389819 0.355875 2 0.367267 0.354980 2
