0 0.369531 0.584722 0.079687 0.021296 0.329688 0.574074 2 0.409375 0.574074 2 0.408854 0.594444 2 0.329688 0.595370 2
0 0.285677 0.583796 0.088021 0.021296 0.241667 0.573148 2 0.329688 0.574074 2 0.329688 0.594444 2 0.241667 0.593519 2
0 0.578100 0.376409 0.023181 0.006627 0.566975 0.373096 2 0.589457 0.373510 2 0.589690 0.379723 2 0.566509 0.378895 2
0 0.259592 0.350562 0.024008 0.008536 0.247588 0.346294 2 0.271387 0.348520 2 0.271596 0.354830 2 0.248214 0.352974 2
0 0.288822 0.352972 0.021498 0.007426 0.278073 0.349259 2 0.299571 0.350376 2 0.299362 0.356685 2 0.278281 0.355556 2
0 0.317523 0.355568 0.020046 0.008914 0.307500 0.351111 2 0.327546 0.352974 2 0.327337 0.360026 2 0.308130 0.357799 2
0 0.344352 0.357613 0.017328 0.007794 0.335688 0.353716 2 0.353016 0.354087 2 0.353016 0.361510 2 0.336105 0.360026 2
0 0.450451 0.365724 0.022366 0.006212 0.439385 0.362618 2 0.461518 0.363031 2 0.461634 0.368830 2 0.439268 0.367794 2
0 0.481613 0.367903 0.018558 0.007208 0.472335 0.364299 2 0.490736 0.364853 2 0.490892 0.371507 2 0.472335 0.370952 2
0 0.505785 0.369982 0.020741 0.006376 0.495415 0.366794 2 0.516155 0.367348 2 0.516155 0.373170 2 0.495882 0.372616 2
0 0.552990 0.374135 0.018083 0.006729 0.543948 0.370771 2 0.562009 0.371490 2 0.562031 0.377500 2 0.543948 0.377001 2
0 0.624939 0.379852 0.016982 0.007188 0.616447 0.376258 2 0.633295 0.377696 2 0.633430 0.383446 2 0.617256 0.382009 2
0 0.649334 0.382009 0.018330 0.005751 0.640438 0.379133 2 0.658499 0.379612 2 0.658095 0.384884 2 0.640169 0.384644 2
