0 0.317448 0.634722 0.128646 0.050926 0.253125 0.625926 2 0.381771 0.609259 2 0.381771 0.640741 2 0.253646 0.660185 2
1 0.543490 0.549074 0.038021 0.018519 0.525000 0.539815 2 0.562500 0.544444 2 0.561979 0.558333 2 0.524479 0.553704 2
0 0.580208 0.550463 0.036458 0.017593 0.561979 0.544444 2 0.598437 0.541667 2 0.598437 0.555556 2 0.561979 0.559259 2
0 0.452314 0.344984 0.018379 0.009108 0.444009 0.340430 2 0.461504 0.342429 2 0.461504 0.349538 2 0.443125 0.347593 2
0 0.428639 0.339364 0.018736 0.009220 0.419438 0.334754 2 0.438007 0.337133 2 0.437505 0.343974 2 0.419271 0.341297 2
0 0.274633 0.307564 0.027994 0.014333 0.260860 0.300397 2 0.288629 0.306767 2 0.288181 0.314730 2 0.260636 0.309554 2
0 0.151685 0.282880 0.036952 0.016721 0.133657 0.274519 2 0.170160 0.281685 2 0.169713 0.291240 2 0.133209 0.285268 2
0 0.238129 0.299999 0.031129 0.015129 0.222565 0.292434 2 0.253693 0.298805 2 0.253469 0.307564 2 0.222564 0.302388 2
0 0.309001 0.314868 0.026025 0.012080 0.296133 0.308828 2 0.322013 0.313429 2 0.321579 0.320908 2 0.295988 0.316539 2
0 0.056506 0.263371 0.046805 0.021499 0.033552 0.252621 2 0.079909 0.263371 2 0.079461 0.274121 2 0.033104 0.265362 2
0 0.107119 0.274917 0.040535 0.018314 0.087075 0.265760 2 0.127386 0.271732 2 0.126490 0.284074 2 0.086852 0.274917 2
0 0.475039 0.349028 0.016338 0.010024 0.467448 0.344016 2 0.483207 0.346586 2 0.483063 0.354040 2 0.466870 0.351727 2
