0 0.439583 0.755093 0.228125 0.065741 0.325521 0.727778 2 0.553646 0.722222 2 0.553646 0.780556 2 0.326042 0.787963 2
1 0.881250 0.590278 0.080208 0.039815 0.841667 0.570370 2 0.921354 0.583333 2 0.920833 0.610185 2 0.841146 0.593519 2
0 0.958073 0.597222 0.073437 0.025926 0.921354 0.586111 2 0.994792 0.584259 2 0.994271 0.608333 2 0.921354 0.610185 2
0 0.537440 0.316693 0.025013 0.008482 0.524934 0.312452 2 0.549657 0.313480 2 0.549946 0.320934 2 0.524948 0.320185 2
0 0.701657 0.325631 0.025605 0.008923 0.688906 0.321759 2 0.714459 0.321169 2 0.714209 0.330055 2 0.688854 0.330093 2
0 0.635497 0.321702 0.025992 0.008220 0.622626 0.317593 2 0.648493 0.317593 2 0.648493 0.325812 2 0.622501 0.325368 2
0 0.500933 0.315408 0.028049 0.010024 0.487342 0.310396 2 0.514958 0.310910 2 0.514958 0.320420 2 0.486909 0.319392 2
0 0.394391 0.308426 0.030073 0.010556 0.379499 0.303148 2 0.409115 0.304722 2 0.409427 0.313704 2 0.379354 0.312400 2
0 0.358212 0.306818 0.028741 0.009108 0.343967 0.302264 2 0.372458 0.302486 2 0.372583 0.311372 2 0.343842 0.310950 2
0 0.128592 0.296901 0.034121 0.010795 0.111531 0.291504 2 0.145652 0.291504 2 0.145652 0.302042 2 0.111676 0.302299 2
0 0.318469 0.306021 0.032125 0.010180 0.302406 0.300931 2 0.334020 0.301820 2 0.334531 0.311111 2 0.302917 0.310000 2
0 0.281051 0.302891 0.032711 0.011011 0.264695 0.297385 2 0.297212 0.298761 2 0.297406 0.308396 2 0.264695 0.307708 2
0 0.163427 0.298443 0.029188 0.010796 0.148833 0.293046 2 0.178021 0.294815 2 0.177894 0.303841 2 0.148978 0.302813 2
