0 0.568750 0.556944 0.051042 0.015741 0.543229 0.550000 2 0.594271 0.549074 2 0.593750 0.563889 2 0.543229 0.564815 2
0 0.370373 0.375081 0.017398 0.006840 0.361674 0.371662 2 0.379072 0.371959 2 0.378905 0.378204 2 0.362678 0.378501 2
0 0.829681 0.362075 0.023033 0.007914 0.818165 0.358463 2 0.841198 0.358118 2 0.841198 0.365000 2 0.818165 0.366032 2
0 0.436534 0.372851 0.020242 0.007138 0.426413 0.369282 2 0.446488 0.369877 2 0.446655 0.376420 2 0.426916 0.376420 2
0 0.800731 0.363200 0.021868 0.007331 0.790047 0.360645 2 0.811665 0.359535 2 0.811540 0.365977 2 0.789797 0.366865 2
0 0.742394 0.364457 0.022395 0.008361 0.731869 0.361869 2 0.753592 0.360276 2 0.753592 0.367045 2 0.731197 0.368637 2
0 0.716910 0.365529 0.019663 0.006940 0.707078 0.362599 2 0.726741 0.362060 2 0.726741 0.367740 2 0.707078 0.368999 2
0 0.633346 0.367200 0.021078 0.007138 0.622807 0.364524 2 0.643383 0.363632 2 0.643885 0.370174 2 0.622807 0.370769 2
0 0.607333 0.367646 0.020576 0.007435 0.597045 0.363929 2 0.616952 0.363929 2 0.617621 0.371066 2 0.597045 0.371364 2
0 0.532807 0.370620 0.019405 0.008625 0.523105 0.368688 2 0.542008 0.366308 2 0.542510 0.373446 2 0.523105 0.374933 2
0 0.307975 0.377312 0.014721 0.006543 0.300615 0.374041 2 0.315169 0.374338 2 0.315336 0.380583 2 0.300949 0.379988 2
0 0.327966 0.376717 0.016227 0.005948 0.320020 0.374041 2 0.335578 0.373743 2 0.336079 0.379394 2 0.319853 0.379691 2
0 0.350215 0.375973 0.016896 0.006245 0.341767 0.373148 2 0.358496 0.372851 2 0.358663 0.379096 2 0.342269 0.378501 2
