0 0.759635 0.675000 0.147396 0.044444 0.685937 0.652778 2 0.833333 0.658333 2 0.833333 0.697222 2 0.685937 0.690741 2
0 0.612500 0.670370 0.145833 0.042593 0.539583 0.649074 2 0.685417 0.653704 2 0.685417 0.691667 2 0.539583 0.685185 2
0 0.909635 0.678704 0.153646 0.044444 0.833333 0.656481 2 0.986458 0.661111 2 0.985938 0.700926 2 0.832812 0.696296 2
0 0.695904 0.291924 0.019532 0.006622 0.686138 0.288613 2 0.705670 0.288613 2 0.705569 0.295056 2 0.686340 0.295235 2
0 0.590221 0.293857 0.020035 0.006086 0.580204 0.290814 2 0.600239 0.290814 2 0.599836 0.296721 2 0.580204 0.296900 2
0 0.566360 0.295199 0.017619 0.006622 0.557752 0.291888 2 0.575069 0.291888 2 0.575170 0.298511 2 0.557551 0.297974 2
0 0.537142 0.294132 0.018755 0.007662 0.527765 0.290715 2 0.546287 0.290301 2 0.546520 0.297756 2 0.527765 0.297963 2
0 0.513670 0.294857 0.019337 0.007869 0.504001 0.291337 2 0.523338 0.290922 2 0.523338 0.298792 2 0.504118 0.298584 2
0 0.438941 0.296166 0.018928 0.006085 0.429678 0.293302 2 0.448405 0.293123 2 0.448203 0.299209 2 0.429477 0.299030 2
0 0.417425 0.296076 0.018726 0.006801 0.408062 0.292676 2 0.426688 0.292855 2 0.426789 0.299477 2 0.408465 0.299119 2
0 0.509880 0.352986 0.022469 0.008750 0.498646 0.348611 2 0.520813 0.348949 2 0.521115 0.357361 2 0.498764 0.356824 2
0 0.479786 0.352797 0.025069 0.008413 0.467252 0.348590 2 0.492220 0.348770 2 0.492321 0.357003 2 0.467252 0.356466 2
0 0.463355 0.295808 0.021243 0.006801 0.452734 0.292407 2 0.473675 0.292765 2 0.473977 0.299209 2 0.452935 0.298851 2
0 0.451390 0.352992 0.022259 0.008022 0.440260 0.348981 2 0.462318 0.349307 2 0.462520 0.356824 2 0.440270 0.357003 2
0 0.421745 0.353334 0.022351 0.007338 0.410670 0.349665 2 0.432920 0.349665 2 0.432819 0.356287 2 0.410569 0.357003 2
0 0.391742 0.353065 0.024364 0.008234 0.379761 0.348948 2 0.403924 0.348949 2 0.403622 0.357182 2 0.379560 0.356466 2
0 0.364156 0.352528 0.022955 0.007875 0.352780 0.349306 2 0.375634 0.348591 2 0.375332 0.356466 2 0.352679 0.356108 2
0 0.538281 0.352349 0.022049 0.007875 0.527256 0.348769 2 0.549104 0.348412 2 0.549305 0.356108 2 0.527256 0.356287 2
0 0.879282 0.352967 0.025395 0.009112 0.866585 0.348410 2 0.891979 0.349653 2 0.891513 0.357523 2 0.866818 0.355245 2
0 0.850334 0.352863 0.025278 0.010148 0.837695 0.347789 2 0.862857 0.348204 2 0.862974 0.357937 2 0.838045 0.356694 2
0 0.754083 0.351657 0.027135 0.008594 0.740515 0.347914 2 0.767182 0.347359 2 0.767650 0.355677 2 0.741763 0.355954 2
0 0.628066 0.352608 0.023991 0.007907 0.616609 0.348655 2 0.640061 0.348655 2 0.640061 0.356562 2 0.616070 0.355843 2
0 0.600166 0.352009 0.023182 0.008147 0.588844 0.347936 2 0.611487 0.348415 2 0.611757 0.356083 2 0.588575 0.355603 2
0 0.567279 0.352549 0.023203 0.007876 0.555677 0.348611 2 0.578531 0.348825 2 0.578880 0.356487 2 0.555932 0.356073 2
