0 0.442187 0.551852 0.047917 0.014815 0.418229 0.544444 2 0.466146 0.546296 2 0.466146 0.559259 2 0.418229 0.557407 2
1 0.471354 0.550463 0.011458 0.021296 0.465625 0.547222 2 0.477083 0.539815 2 0.476562 0.553704 2 0.465625 0.561111 2
0 0.726636 0.367144 0.019440 0.006912 0.716915 0.363688 2 0.736248 0.363880 2 0.736356 0.370408 2 0.717132 0.370600 2
0 0.751666 0.367160 0.019174 0.007809 0.742288 0.364495 2 0.761253 0.363255 2 0.761042 0.370648 2 0.742079 0.371065 2
0 0.207810 0.366627 0.017083 0.007933 0.199478 0.363528 2 0.216282 0.362660 2 0.216352 0.370346 2 0.199269 0.370594 2
0 0.232040 0.366627 0.018129 0.007437 0.222976 0.362909 2 0.240825 0.363032 2 0.241104 0.370346 2 0.222976 0.370222 2
0 0.256095 0.366627 0.019244 0.007437 0.246473 0.362909 2 0.265508 0.362908 2 0.265717 0.370346 2 0.246473 0.370346 2
0 0.323818 0.366283 0.017910 0.007171 0.315106 0.362985 2 0.332693 0.362698 2 0.332773 0.369725 2 0.314864 0.369869 2
0 0.348101 0.366649 0.018797 0.007443 0.338703 0.363214 2 0.357419 0.362927 2 0.357500 0.370370 2 0.338783 0.370098 2
0 0.373916 0.366956 0.017832 0.007431 0.365000 0.363796 2 0.382656 0.363241 2 0.382832 0.369955 2 0.365245 0.370672 2
0 0.419640 0.366184 0.020426 0.008108 0.409427 0.362130 2 0.429760 0.362273 2 0.429854 0.370238 2 0.409785 0.370072 2
0 0.446609 0.366255 0.020255 0.007633 0.436854 0.362439 2 0.456643 0.362936 2 0.456736 0.369906 2 0.436481 0.370072 2
0 0.494400 0.366504 0.019509 0.007799 0.484739 0.363269 2 0.503781 0.362605 2 0.504154 0.369408 2 0.484646 0.370404 2
0 0.519641 0.367071 0.019804 0.007661 0.509844 0.363241 2 0.529543 0.363766 2 0.529543 0.370902 2 0.509740 0.370556 2
0 0.546140 0.366455 0.020411 0.007458 0.536096 0.362726 2 0.556184 0.363300 2 0.556345 0.370184 2 0.535935 0.369754 2
0 0.595287 0.366886 0.019684 0.007888 0.585525 0.362941 2 0.604967 0.363659 2 0.605129 0.370830 2 0.585444 0.370686 2
0 0.623038 0.366742 0.020330 0.007601 0.612873 0.363229 2 0.632961 0.362942 2 0.633203 0.370543 2 0.613116 0.369826 2
0 0.648128 0.366527 0.021137 0.007458 0.637560 0.363085 2 0.658535 0.362798 2 0.658696 0.369969 2 0.637802 0.370256 2
0 0.700770 0.366620 0.018575 0.007633 0.691763 0.362804 2 0.710058 0.362804 2 0.710058 0.370437 2 0.691483 0.370271 2
