0 0.441146 0.577778 0.067708 0.024074 0.407292 0.565741 2 0.474479 0.570370 2 0.475000 0.589815 2 0.407292 0.584259 2
1 0.481250 0.575463 0.015625 0.028704 0.473438 0.571296 2 0.488542 0.561111 2 0.489063 0.578704 2 0.473958 0.589815 2
0 0.185567 0.352399 0.019042 0.006970 0.176046 0.348914 2 0.195088 0.349412 2 0.195088 0.355884 2 0.176233 0.355552 2
0 0.208763 0.353726 0.019135 0.006970 0.199195 0.350241 2 0.218237 0.350242 2 0.218330 0.357211 2 0.199382 0.355884 2
0 0.232939 0.352731 0.018575 0.005974 0.223651 0.350241 2 0.242226 0.349744 2 0.242039 0.355718 2 0.223744 0.355552 2
0 0.258449 0.354109 0.019695 0.006969 0.248882 0.350624 2 0.267830 0.350955 2 0.268297 0.357593 2 0.248601 0.356763 2
0 0.330492 0.355259 0.019440 0.007296 0.320772 0.351611 2 0.340212 0.351803 2 0.339888 0.358907 2 0.320988 0.357755 2
0 0.356930 0.355048 0.021276 0.006720 0.346508 0.351688 2 0.367568 0.352072 2 0.367460 0.358408 2 0.346292 0.358024 2
0 0.435550 0.356780 0.021517 0.007819 0.424792 0.352870 2 0.445934 0.353581 2 0.446309 0.360690 2 0.424792 0.359352 2
0 0.464297 0.357195 0.021189 0.007301 0.453702 0.353545 2 0.474611 0.354042 2 0.474891 0.360846 2 0.453703 0.360182 2
0 0.517418 0.358427 0.021492 0.007488 0.506780 0.354683 2 0.528164 0.355259 2 0.528056 0.362171 2 0.506672 0.361019 2
0 0.546391 0.358937 0.021376 0.007302 0.535704 0.355286 2 0.557079 0.355950 2 0.557079 0.362588 2 0.535890 0.361924 2
0 0.575132 0.358971 0.022682 0.009127 0.563884 0.354407 2 0.586473 0.355237 2 0.586379 0.363534 2 0.563790 0.362372 2
0 0.631296 0.360514 0.021562 0.008131 0.620608 0.356448 2 0.642077 0.356448 2 0.642077 0.364579 2 0.620515 0.363252 2
0 0.663311 0.360848 0.022589 0.008175 0.652259 0.356760 2 0.674363 0.357190 2 0.674605 0.364935 2 0.652017 0.363644 2
0 0.692482 0.361078 0.025109 0.008131 0.680394 0.357344 2 0.705036 0.357012 2 0.704943 0.365143 2 0.679927 0.364646 2
