1 0.396354 0.564815 0.019792 0.024074 0.387500 0.552778 2 0.406250 0.560185 2 0.406250 0.576852 2 0.386458 0.567593 2
0 0.834635 0.581944 0.064063 0.026852 0.803125 0.568519 2 0.866667 0.575926 2 0.866146 0.595370 2 0.802604 0.587963 2
0 0.434896 0.567130 0.057292 0.017593 0.406771 0.558333 2 0.463542 0.558333 2 0.463542 0.575000 2 0.406250 0.575926 2
0 0.697135 0.554630 0.031771 0.016667 0.681771 0.546296 2 0.713021 0.549074 2 0.713021 0.562963 2 0.681250 0.558333 2
1 0.886198 0.584722 0.039062 0.021296 0.866667 0.576852 2 0.905729 0.574074 2 0.905208 0.591667 2 0.866667 0.595370 2
1 0.732292 0.555093 0.037500 0.013889 0.713542 0.549074 2 0.751042 0.548148 2 0.751042 0.561111 2 0.713542 0.562037 2
0 0.261269 0.328434 0.027491 0.011774 0.247898 0.322547 2 0.275015 0.326767 2 0.275015 0.334321 2 0.247523 0.331877 2
0 0.261706 0.287558 0.022868 0.010885 0.250522 0.282115 2 0.272765 0.285448 2 0.273140 0.293001 2 0.250273 0.289224 2
0 0.232966 0.282671 0.022868 0.009997 0.222157 0.277672 2 0.244399 0.280782 2 0.244025 0.287669 2 0.221532 0.283892 2
0 0.227086 0.324023 0.028749 0.011948 0.213084 0.318049 2 0.241274 0.321700 2 0.241461 0.329997 2 0.212711 0.325517 2
0 0.232847 0.260137 0.023755 0.011896 0.221137 0.254189 2 0.244557 0.256866 2 0.244725 0.266085 2 0.220970 0.262517 2
0 0.151485 0.313523 0.032904 0.014796 0.135807 0.306125 2 0.167937 0.311287 2 0.167550 0.320921 2 0.135033 0.315072 2
0 0.098036 0.235160 0.028615 0.011903 0.083896 0.229208 2 0.112335 0.232182 2 0.112344 0.241111 2 0.083729 0.237833 2
0 0.108588 0.308108 0.034294 0.013085 0.091608 0.301565 2 0.125734 0.305134 2 0.125567 0.314650 2 0.091441 0.310487 2
0 0.068606 0.302160 0.036636 0.015465 0.051292 0.294427 2 0.086924 0.299780 2 0.086590 0.309892 2 0.050289 0.303944 2
0 0.020697 0.295717 0.038743 0.019863 0.000000 0.000000 0 0.040069 0.293350 2 0.039635 0.305648 2 0.000000 0.000000 0
0 0.019993 0.221030 0.030613 0.012788 0.004686 0.214636 2 0.035300 0.219394 2 0.034631 0.227424 2 0.004687 0.222665 2
0 0.601930 0.378849 0.013441 0.006005 0.595210 0.375846 2 0.608651 0.376842 2 0.608542 0.381852 2 0.595303 0.380991 2
0 0.582930 0.375747 0.015391 0.007765 0.575234 0.371864 2 0.590542 0.373855 2 0.590625 0.379630 2 0.575234 0.377838 2
0 0.562672 0.373279 0.015386 0.007145 0.554979 0.369707 2 0.570287 0.371366 2 0.570365 0.376852 2 0.554979 0.375183 2
0 0.495875 0.363683 0.018482 0.008961 0.486727 0.359202 2 0.505115 0.361194 2 0.505115 0.368164 2 0.486634 0.365509 2
0 0.468665 0.359452 0.019695 0.009791 0.458818 0.354556 2 0.478513 0.357543 2 0.478513 0.364347 2 0.458818 0.361526 2
0 0.389491 0.346773 0.022475 0.011084 0.378254 0.341231 2 0.400469 0.344550 2 0.400729 0.352315 2 0.378254 0.349860 2
0 0.359427 0.342393 0.023336 0.011118 0.347759 0.336834 2 0.370815 0.340153 2 0.371095 0.347952 2 0.347946 0.344799 2
0 0.311524 0.296423 0.018797 0.008748 0.302125 0.292049 2 0.320842 0.294487 2 0.320922 0.300798 2 0.302125 0.297499 2
0 0.320966 0.275944 0.020844 0.010944 0.310760 0.270472 2 0.331388 0.273736 2 0.331388 0.281416 2 0.310544 0.277960 2
0 0.298287 0.333991 0.026748 0.011053 0.285203 0.328465 2 0.311372 0.331807 2 0.311661 0.339518 2 0.284913 0.336947 2
