0 0.556510 0.641667 0.126562 0.042593 0.493750 0.620370 2 0.619792 0.627778 2 0.619792 0.662963 2 0.493229 0.653704 2
1 0.975781 0.579167 0.048438 0.036111 0.952083 0.561111 2 0.000000 0.000000 0 0.000000 0.000000 0 0.951562 0.586111 2
0 0.855520 0.311424 0.027760 0.009767 0.841640 0.308082 2 0.868966 0.306540 2 0.869400 0.316050 2 0.842074 0.316307 2
0 0.193029 0.344051 0.020618 0.008442 0.182845 0.340718 2 0.203338 0.339830 2 0.202963 0.347827 2 0.182720 0.348272 2
0 0.217521 0.343829 0.019369 0.007997 0.208336 0.341385 2 0.227080 0.339830 2 0.227205 0.346050 2 0.207836 0.347827 2
0 0.244637 0.341385 0.021368 0.008442 0.234203 0.338941 2 0.255321 0.337164 2 0.255321 0.344717 2 0.233953 0.345606 2
0 0.271223 0.340970 0.022082 0.010706 0.260182 0.336509 2 0.282264 0.335617 2 0.282264 0.344836 2 0.260517 0.346323 2
0 0.327910 0.337297 0.024117 0.009997 0.315851 0.332743 2 0.339968 0.332299 2 0.339593 0.341629 2 0.315976 0.342296 2
0 0.353064 0.335853 0.022368 0.008886 0.342505 0.331855 2 0.363998 0.331410 2 0.364248 0.340296 2 0.341880 0.340074 2
0 0.383429 0.334187 0.022618 0.008664 0.372121 0.330966 2 0.394738 0.329855 2 0.394488 0.337408 2 0.372120 0.338519 2
0 0.472183 0.329550 0.024591 0.009814 0.459888 0.325833 2 0.483809 0.324643 2 0.484479 0.333862 2 0.460222 0.334457 2
0 0.505331 0.327736 0.025745 0.008743 0.492458 0.324137 2 0.517768 0.323364 2 0.518203 0.332107 2 0.493479 0.332107 2
0 0.537643 0.325920 0.025013 0.009253 0.525281 0.322836 2 0.549426 0.321294 2 0.550149 0.330547 2 0.525136 0.330547 2
0 0.602661 0.324130 0.026603 0.008962 0.589504 0.319649 2 0.615963 0.319649 2 0.615677 0.328611 2 0.589359 0.328388 2
0 0.636631 0.322561 0.026946 0.009814 0.623158 0.318843 2 0.649757 0.317654 2 0.650104 0.326019 2 0.623158 0.327468 2
0 0.671935 0.320192 0.026866 0.009775 0.658877 0.316415 2 0.685119 0.315304 2 0.685369 0.324635 2 0.658502 0.325079 2
0 0.743512 0.317104 0.028772 0.010024 0.729126 0.313892 2 0.757899 0.312092 2 0.757899 0.320831 2 0.729271 0.322116 2
0 0.779007 0.315562 0.029784 0.009510 0.764115 0.311835 2 0.793899 0.310807 2 0.793899 0.318775 2 0.764549 0.320317 2
0 0.892099 0.310524 0.029784 0.008482 0.877207 0.307312 2 0.906991 0.306283 2 0.906991 0.313994 2 0.877641 0.314765 2
0 0.931209 0.308976 0.030507 0.010012 0.915956 0.305769 2 0.946462 0.303970 2 0.946462 0.312195 2 0.916250 0.313981 2
