0 0.724219 0.773611 0.241146 0.075000 0.604167 0.736111 2 0.844792 0.749074 2 0.843229 0.811111 2 0.603646 0.800000 2
0 0.279687 0.739815 0.204167 0.074074 0.178125 0.702778 2 0.381771 0.721296 2 0.381250 0.776852 2 0.177604 0.760185 2
0 0.494271 0.756944 0.220833 0.076852 0.384375 0.718519 2 0.604688 0.736111 2 0.603125 0.795370 2 0.383854 0.777778 2
0 0.850162 0.338526 0.027065 0.008661 0.836629 0.334195 2 0.863694 0.334837 2 0.863514 0.342215 2 0.836810 0.342856 2
0 0.687462 0.275998 0.023236 0.007208 0.676468 0.272394 2 0.699080 0.272672 2 0.698768 0.279603 2 0.675844 0.279603 2
0 0.549481 0.278466 0.021053 0.007485 0.538955 0.274723 2 0.559696 0.275000 2 0.560008 0.282209 2 0.538955 0.282209 2
0 0.494955 0.279287 0.021161 0.008626 0.484375 0.274974 2 0.505536 0.276172 2 0.505131 0.283600 2 0.484779 0.282642 2
0 0.443159 0.280245 0.021026 0.007189 0.432916 0.276651 2 0.453268 0.276651 2 0.453672 0.283840 2 0.432646 0.283600 2
0 0.416785 0.280258 0.019317 0.008662 0.407126 0.275927 2 0.426444 0.276855 2 0.426444 0.284589 2 0.407126 0.283816 2
0 0.394944 0.280181 0.019491 0.007580 0.385198 0.276391 2 0.404690 0.276855 2 0.404690 0.283816 2 0.385546 0.283970 2
0 0.300472 0.338284 0.023764 0.008491 0.288706 0.334039 2 0.312353 0.334867 2 0.312353 0.342529 2 0.288590 0.341494 2
0 0.331528 0.337600 0.023764 0.008905 0.319646 0.333148 2 0.343409 0.334391 2 0.343293 0.342053 2 0.319646 0.341225 2
0 0.359346 0.338655 0.023233 0.007425 0.347729 0.335097 2 0.370615 0.334942 2 0.370963 0.342367 2 0.347991 0.342058 2
0 0.390867 0.338553 0.022482 0.008284 0.379626 0.334825 2 0.401875 0.334411 2 0.402108 0.341452 2 0.379859 0.342695 2
0 0.422238 0.338180 0.023997 0.008077 0.410589 0.334349 2 0.434236 0.334142 2 0.434236 0.342219 2 0.410239 0.342219 2
0 0.451709 0.338387 0.024463 0.008491 0.439595 0.334142 2 0.463824 0.334349 2 0.463941 0.342219 2 0.439478 0.342633 2
0 0.483336 0.338180 0.025744 0.008491 0.470464 0.334349 2 0.495975 0.333935 2 0.496208 0.341597 2 0.470697 0.342426 2
0 0.512575 0.338491 0.025278 0.008284 0.499936 0.334349 2 0.524981 0.334349 2 0.525214 0.341804 2 0.500169 0.342633 2
0 0.711588 0.337724 0.028148 0.009623 0.697514 0.333875 2 0.725482 0.332912 2 0.725662 0.342535 2 0.697695 0.341252 2
0 0.813353 0.338686 0.028870 0.008340 0.799640 0.334516 2 0.827788 0.334516 2 0.827788 0.342215 2 0.798918 0.342856 2
