0 0.715104 0.646296 0.084375 0.059259 0.673958 0.616667 2 0.757292 0.640741 2 0.756250 0.675926 2 0.672917 0.645370 2
1 0.805729 0.655093 0.101042 0.039815 0.755208 0.645370 2 0.856250 0.635185 2 0.856250 0.663889 2 0.755208 0.675000 2
0 0.450845 0.322280 0.022618 0.011107 0.439536 0.316726 2 0.462154 0.319392 2 0.462154 0.327834 2 0.439786 0.324502 2
0 0.515311 0.334942 0.026241 0.010441 0.502815 0.329722 2 0.528432 0.332366 2 0.528432 0.340163 2 0.502191 0.336364 2
0 0.484696 0.327489 0.027491 0.012907 0.471326 0.321036 2 0.498442 0.325257 2 0.498067 0.333943 2 0.470951 0.330588 2
0 0.545676 0.340030 0.023992 0.009108 0.533680 0.335475 2 0.557423 0.338364 2 0.557673 0.344584 2 0.533930 0.341918 2
0 0.569919 0.345261 0.022493 0.009352 0.559172 0.340585 2 0.581165 0.341496 2 0.580790 0.349938 2 0.558672 0.347250 2
0 0.038933 0.243362 0.044131 0.019957 0.016868 0.233383 2 0.060998 0.242674 2 0.060611 0.253341 2 0.016868 0.243362 2
0 0.103203 0.254358 0.045677 0.017235 0.080365 0.245741 2 0.126042 0.251574 2 0.125258 0.262975 2 0.080573 0.256481 2
0 0.158163 0.264008 0.035614 0.015828 0.140355 0.256094 2 0.175970 0.260911 2 0.175970 0.271922 2 0.140356 0.267104 2
0 0.255772 0.285617 0.037937 0.018581 0.236804 0.276326 2 0.274354 0.282520 2 0.274741 0.294908 2 0.237385 0.286993 2
0 0.298244 0.293817 0.033254 0.014394 0.281906 0.286620 2 0.314871 0.289704 2 0.314871 0.301014 2 0.281617 0.294845 2
0 0.341865 0.301101 0.032324 0.015829 0.326090 0.293187 2 0.358027 0.298348 2 0.357253 0.309015 2 0.325704 0.303166 2
