0 0.445833 0.582870 0.069792 0.026852 0.411458 0.569444 2 0.480208 0.574074 2 0.480729 0.596296 2 0.410938 0.590741 2
1 0.489323 0.581944 0.016146 0.032407 0.481250 0.575926 2 0.497396 0.565741 2 0.496875 0.584259 2 0.481250 0.598148 2
0 0.703576 0.362772 0.025659 0.008181 0.690747 0.358681 2 0.716127 0.359921 2 0.716406 0.366862 2 0.690886 0.366491 2
0 0.240848 0.353118 0.019043 0.007285 0.231327 0.349690 2 0.250189 0.349475 2 0.250370 0.356653 2 0.231327 0.356760 2
0 0.265443 0.355007 0.019740 0.007792 0.255573 0.351111 2 0.275313 0.351111 2 0.275198 0.358903 2 0.255673 0.358260 2
0 0.315209 0.354676 0.019585 0.007685 0.305417 0.351667 2 0.324531 0.350833 2 0.325002 0.358323 2 0.306146 0.358519 2
0 0.338780 0.355196 0.019646 0.007070 0.328957 0.351661 2 0.348603 0.352089 2 0.348482 0.358731 2 0.329138 0.358624 2
0 0.364391 0.356375 0.020730 0.007499 0.354026 0.352625 2 0.374757 0.352839 2 0.374757 0.360017 2 0.354147 0.360124 2
0 0.417406 0.357180 0.020868 0.008886 0.407096 0.352737 2 0.427465 0.353181 2 0.427840 0.361623 2 0.406972 0.360734 2
0 0.443349 0.357429 0.020778 0.008925 0.432959 0.352967 2 0.453668 0.354207 2 0.453738 0.361892 2 0.433029 0.360900 2
0 0.472399 0.358108 0.021749 0.007799 0.461524 0.355369 2 0.482807 0.354208 2 0.483273 0.362007 2 0.461898 0.361177 2
0 0.526303 0.359546 0.021453 0.006964 0.515577 0.356064 2 0.537030 0.356278 2 0.537030 0.363027 2 0.515885 0.362037 2
0 0.555377 0.359829 0.021943 0.008605 0.544406 0.355813 2 0.565945 0.355527 2 0.566349 0.364132 2 0.544567 0.363128 2
0 0.584484 0.360215 0.023709 0.008961 0.572630 0.355735 2 0.596246 0.357062 2 0.596339 0.364695 2 0.572630 0.363534 2
0 0.640892 0.362074 0.022513 0.007633 0.629746 0.358423 2 0.652055 0.358257 2 0.652148 0.365890 2 0.629635 0.365741 2
0 0.674569 0.362422 0.024456 0.008629 0.662528 0.358274 2 0.686797 0.358108 2 0.686704 0.366736 2 0.662341 0.365575 2
0 0.828058 0.364705 0.024192 0.008832 0.815962 0.360289 2 0.840154 0.361633 2 0.840046 0.369121 2 0.815962 0.367777 2
