1 0.578125 0.579630 0.020833 0.029630 0.568750 0.564815 2 0.588542 0.575000 2 0.588542 0.594444 2 0.567708 0.582407 2
0 0.621875 0.585185 0.067708 0.020370 0.588542 0.575000 2 0.655729 0.575926 2 0.655208 0.595370 2 0.588021 0.593519 2
1 0.795052 0.556481 0.036979 0.018519 0.777083 0.547222 2 0.813542 0.550926 2 0.813021 0.565741 2 0.776563 0.561111 2
0 0.145565 0.336562 0.024724 0.008996 0.133204 0.332064 2 0.157783 0.332064 2 0.157927 0.341060 2 0.133204 0.340803 2
0 0.693210 0.365896 0.018684 0.006336 0.684300 0.362728 2 0.702552 0.362920 2 0.702444 0.369064 2 0.683868 0.368872 2
0 0.717525 0.366869 0.018295 0.007136 0.708564 0.363301 2 0.726580 0.364131 2 0.726673 0.370437 2 0.708378 0.369773 2
0 0.742112 0.367336 0.017604 0.007296 0.733526 0.363688 2 0.750914 0.364264 2 0.750806 0.370984 2 0.733310 0.370600 2
0 0.241245 0.341148 0.026766 0.009219 0.228364 0.336836 2 0.254126 0.336539 2 0.254628 0.345758 2 0.227862 0.344568 2
0 0.268345 0.342189 0.020074 0.008922 0.258308 0.337728 2 0.278215 0.338918 2 0.278383 0.346650 2 0.258308 0.345758 2
0 0.333895 0.345539 0.023867 0.008664 0.322212 0.341207 2 0.345829 0.341874 2 0.345704 0.349871 2 0.321962 0.349427 2
0 0.362549 0.347428 0.023367 0.009330 0.350990 0.342763 2 0.374232 0.343873 2 0.374107 0.352093 2 0.350865 0.349871 2
0 0.391414 0.348660 0.023244 0.009575 0.379918 0.343873 2 0.403035 0.345672 2 0.403035 0.353448 2 0.379792 0.352130 2
0 0.451873 0.351818 0.022215 0.008463 0.440858 0.347587 2 0.462794 0.348582 2 0.462981 0.356050 2 0.440765 0.355552 2
0 0.478636 0.353381 0.022992 0.008886 0.467140 0.348938 2 0.490007 0.349604 2 0.490132 0.357824 2 0.467389 0.356935 2
0 0.561865 0.358792 0.021589 0.008256 0.551600 0.354664 2 0.572444 0.354856 2 0.572660 0.362920 2 0.551071 0.362152 2
0 0.587575 0.359668 0.020618 0.007331 0.577391 0.356002 2 0.597884 0.356669 2 0.597884 0.363333 2 0.577266 0.362667 2
