0 0.456250 0.549074 0.047917 0.014815 0.432292 0.541667 2 0.480208 0.543519 2 0.480208 0.556481 2 0.432812 0.554630 2
1 0.484896 0.547685 0.010417 0.019444 0.479687 0.544444 2 0.490104 0.537963 2 0.489583 0.552778 2 0.479687 0.557407 2
0 0.293447 0.367346 0.017989 0.007685 0.284592 0.364247 2 0.302441 0.363503 2 0.302441 0.371189 2 0.284452 0.370817 2
0 0.714235 0.364424 0.020675 0.007454 0.704042 0.360955 2 0.724428 0.360697 2 0.724572 0.367637 2 0.703897 0.368151 2
0 0.740622 0.364533 0.019980 0.006528 0.730632 0.362229 2 0.750180 0.361269 2 0.750612 0.367797 2 0.730632 0.367797 2
0 0.273226 0.367160 0.018129 0.007065 0.264162 0.363628 2 0.282291 0.363627 2 0.282221 0.370693 2 0.264302 0.370569 2
0 0.227643 0.368027 0.019656 0.006720 0.218571 0.365627 2 0.237471 0.364667 2 0.237147 0.370619 2 0.217815 0.371387 2
0 0.250440 0.367652 0.017175 0.006178 0.241853 0.365226 2 0.259028 0.364563 2 0.258841 0.370703 2 0.241875 0.370741 2
0 0.764955 0.364289 0.021118 0.007997 0.754646 0.361156 2 0.775514 0.360290 2 0.775514 0.366510 2 0.754396 0.368287 2
0 0.660729 0.365013 0.020330 0.007011 0.650565 0.362382 2 0.670814 0.361507 2 0.670894 0.367689 2 0.650573 0.368519 2
0 0.635809 0.365882 0.018878 0.006884 0.626370 0.363014 2 0.645167 0.362440 2 0.645248 0.368750 2 0.626612 0.369324 2
0 0.607782 0.365857 0.019872 0.006912 0.597845 0.362593 2 0.617718 0.362401 2 0.617394 0.367777 2 0.598062 0.369313 2
0 0.558143 0.365807 0.018855 0.006970 0.548716 0.362488 2 0.567478 0.362322 2 0.567571 0.369292 2 0.548996 0.368794 2
0 0.532903 0.365662 0.018931 0.007010 0.523513 0.362488 2 0.542088 0.362156 2 0.542368 0.368296 2 0.523438 0.369167 2
0 0.507654 0.365509 0.018388 0.006306 0.498460 0.362687 2 0.516662 0.362356 2 0.516849 0.368661 2 0.498460 0.368495 2
0 0.460143 0.365923 0.018575 0.006804 0.450949 0.362854 2 0.469151 0.362522 2 0.469431 0.368495 2 0.450856 0.369325 2
0 0.433979 0.366106 0.018389 0.007301 0.424785 0.363119 2 0.443080 0.362455 2 0.443174 0.369591 2 0.424972 0.369757 2
0 0.387439 0.366255 0.018004 0.006454 0.378451 0.363028 2 0.396280 0.363028 2 0.396441 0.369482 2 0.378438 0.369352 2
0 0.363728 0.366613 0.018313 0.007745 0.354652 0.363745 2 0.372804 0.362741 2 0.372884 0.370055 2 0.354571 0.370486 2
0 0.340151 0.366857 0.017176 0.007171 0.331563 0.363889 2 0.348739 0.363271 2 0.348497 0.370156 2 0.331636 0.370443 2
