0 0.416146 0.541204 0.037500 0.012037 0.397396 0.535185 2 0.434896 0.537037 2 0.434896 0.547222 2 0.397396 0.546296 2
0 0.216529 0.379531 0.017175 0.005144 0.208035 0.376959 2 0.225116 0.377456 2 0.225023 0.382103 2 0.207941 0.381937 2
0 0.260400 0.381273 0.017548 0.006638 0.251719 0.377954 2 0.269174 0.378452 2 0.268987 0.384592 2 0.251626 0.384260 2
0 0.325619 0.382681 0.017407 0.006305 0.316916 0.379720 2 0.334304 0.379528 2 0.334323 0.385833 2 0.316916 0.385096 2
0 0.458125 0.385989 0.017022 0.006597 0.449613 0.382977 2 0.466636 0.382691 2 0.466474 0.389288 2 0.449855 0.389145 2
0 0.481197 0.386635 0.017990 0.005594 0.472202 0.383838 2 0.490193 0.383981 2 0.490193 0.389431 2 0.472202 0.389431 2
0 0.503118 0.387612 0.016521 0.005973 0.494857 0.384625 2 0.511192 0.385123 2 0.511379 0.390599 2 0.494951 0.390599 2
0 0.546401 0.388823 0.016708 0.006472 0.538140 0.385588 2 0.554662 0.385588 2 0.554755 0.392059 2 0.538047 0.391561 2
0 0.570997 0.389802 0.016895 0.007965 0.562922 0.385820 2 0.578884 0.386484 2 0.579444 0.393785 2 0.562549 0.392458 2
0 0.592049 0.389792 0.016994 0.006220 0.583926 0.386682 2 0.599921 0.386903 2 0.600546 0.392457 2 0.583552 0.392901 2
0 0.637419 0.390947 0.016802 0.006472 0.629018 0.388210 2 0.645633 0.387712 2 0.645820 0.394183 2 0.629018 0.393851 2
0 0.658701 0.391030 0.016988 0.006970 0.650207 0.387545 2 0.667195 0.388375 2 0.667102 0.394515 2 0.650300 0.394183 2
0 0.681116 0.391884 0.019362 0.006597 0.671677 0.388585 2 0.690797 0.389015 2 0.690797 0.395039 2 0.671435 0.395183 2
0 0.414919 0.385015 0.017119 0.005998 0.406484 0.382238 2 0.423479 0.382016 2 0.423229 0.388014 2 0.406359 0.387792 2
0 0.195026 0.379590 0.017865 0.005264 0.186193 0.377124 2 0.203741 0.376959 2 0.203958 0.382222 2 0.186094 0.381574 2
0 0.239071 0.380858 0.017269 0.006472 0.230437 0.377622 2 0.247705 0.377788 2 0.247612 0.384094 2 0.230530 0.383762 2
