0 0.273698 0.781944 0.228646 0.100926 0.160417 0.731481 2 0.388021 0.763889 2 0.385937 0.832407 2 0.159375 0.799074 2
0 0.525781 0.817593 0.273438 0.118519 0.390104 0.758333 2 0.662500 0.796296 2 0.659896 0.876852 2 0.389062 0.835185 2
0 0.830208 0.863426 0.336458 0.128704 0.665625 0.799074 2 0.000000 0.000000 0 0.000000 0.000000 0 0.661979 0.876852 2
0 0.889009 0.320595 0.031396 0.010265 0.873311 0.315783 2 0.904707 0.315462 2 0.904527 0.324765 2 0.873492 0.325727 2
0 0.598375 0.268208 0.021854 0.008872 0.587448 0.264352 2 0.609146 0.263772 2 0.609302 0.270980 2 0.587782 0.272644 2
0 0.529501 0.331968 0.025278 0.008284 0.516978 0.328861 2 0.542023 0.327826 2 0.542140 0.335695 2 0.516862 0.336109 2
0 0.560098 0.331068 0.026579 0.008054 0.546808 0.327041 2 0.572985 0.327041 2 0.573388 0.335095 2 0.547010 0.334737 2
0 0.436484 0.335632 0.024767 0.007339 0.424101 0.331963 2 0.448868 0.332142 2 0.448868 0.339301 2 0.424101 0.339301 2
0 0.405072 0.337064 0.021747 0.008412 0.394199 0.333932 2 0.415946 0.332858 2 0.415946 0.341270 2 0.394602 0.340912 2
0 0.348279 0.337878 0.021832 0.006931 0.337363 0.334412 2 0.359196 0.334690 2 0.359040 0.341343 2 0.337363 0.341343 2
0 0.378493 0.337333 0.022753 0.007517 0.367116 0.334648 2 0.389467 0.333574 2 0.389870 0.341091 2 0.367217 0.340375 2
0 0.467053 0.334558 0.025044 0.008054 0.454531 0.330741 2 0.479575 0.330531 2 0.479373 0.338585 2 0.454688 0.338426 2
0 0.970629 0.317085 0.036024 0.010535 0.952618 0.311817 2 0.987706 0.312649 2 0.988641 0.321798 2 0.952618 0.322353 2
0 0.930852 0.319023 0.032839 0.010586 0.914974 0.313730 2 0.947272 0.314051 2 0.947091 0.323674 2 0.914433 0.324316 2
0 0.441236 0.277629 0.018618 0.007705 0.431945 0.274255 2 0.450141 0.273776 2 0.450545 0.280964 2 0.431927 0.281481 2
0 0.488908 0.275278 0.020337 0.009128 0.478739 0.271788 2 0.499076 0.270714 2 0.498774 0.278769 2 0.479041 0.279842 2
0 0.541855 0.271396 0.021988 0.008594 0.530861 0.267653 2 0.552850 0.267099 2 0.552850 0.275693 2 0.531017 0.275693 2
0 0.497598 0.333482 0.024362 0.008407 0.485417 0.330000 2 0.509779 0.329278 2 0.509779 0.336438 2 0.485417 0.337685 2
0 0.774018 0.322948 0.029645 0.009279 0.759195 0.318309 2 0.788214 0.318309 2 0.788841 0.326474 2 0.759195 0.327588 2
