0 0.485417 0.655093 0.312500 0.082407 0.329167 0.613889 2 0.641667 0.617593 2 0.641667 0.696296 2 0.329167 0.694444 2
0 0.491471 0.362623 0.025470 0.008537 0.478736 0.358355 2 0.503997 0.358355 2 0.504206 0.366892 2 0.478736 0.366149 2
0 0.589805 0.364684 0.028020 0.012024 0.575795 0.358672 2 0.603091 0.359531 2 0.603815 0.370696 2 0.575795 0.368549 2
0 0.654745 0.303477 0.024327 0.009157 0.642581 0.298899 2 0.666909 0.299730 2 0.666615 0.308056 2 0.642737 0.307215 2
0 0.588548 0.302961 0.025204 0.008626 0.575946 0.298888 2 0.601015 0.298648 2 0.601150 0.307274 2 0.575946 0.306555 2
0 0.524031 0.301144 0.025107 0.007485 0.511789 0.297401 2 0.536584 0.297401 2 0.536584 0.304887 2 0.511477 0.304887 2
0 0.491516 0.301421 0.024952 0.008595 0.479040 0.297124 2 0.503836 0.297401 2 0.503992 0.305441 2 0.479508 0.305718 2
0 0.360490 0.300894 0.024796 0.009149 0.348092 0.296320 2 0.372888 0.296320 2 0.372888 0.305469 2 0.348560 0.304914 2
0 0.266272 0.300637 0.024261 0.008865 0.254142 0.296204 2 0.278402 0.296683 2 0.278402 0.305069 2 0.254276 0.305069 2
0 0.234498 0.300605 0.024426 0.008908 0.222493 0.296152 2 0.246502 0.296894 2 0.246711 0.305059 2 0.222285 0.305059 2
0 0.554830 0.301698 0.025263 0.008594 0.542199 0.297401 2 0.567150 0.297956 2 0.567462 0.305996 2 0.542354 0.305718 2
0 0.684994 0.304029 0.025636 0.008239 0.672176 0.299910 2 0.697454 0.299910 2 0.697813 0.308148 2 0.672642 0.307779 2
0 0.721494 0.303914 0.025441 0.011227 0.708773 0.298301 2 0.733854 0.299905 2 0.734215 0.309528 2 0.709495 0.308886 2
