1 0.592708 0.590278 0.023958 0.036111 0.581250 0.572222 2 0.604688 0.585185 2 0.604167 0.608333 2 0.580729 0.591667 2
0 0.641406 0.596759 0.073437 0.023148 0.605208 0.585185 2 0.678125 0.587037 2 0.677604 0.608333 2 0.604688 0.606481 2
1 0.822135 0.565741 0.039062 0.020370 0.802604 0.555556 2 0.841667 0.562037 2 0.841667 0.575926 2 0.802604 0.570370 2
0 0.487964 0.352498 0.022555 0.008482 0.476976 0.348257 2 0.499242 0.349285 2 0.498952 0.356739 2 0.476687 0.355197 2
0 0.369841 0.344581 0.023711 0.010538 0.358130 0.339312 2 0.381697 0.342139 2 0.381697 0.349850 2 0.357985 0.347794 2
0 0.341443 0.342894 0.022032 0.009024 0.330535 0.338383 2 0.352243 0.339726 2 0.352459 0.347406 2 0.330427 0.346446 2
0 0.247279 0.337384 0.026748 0.007968 0.233905 0.333400 2 0.260508 0.333914 2 0.260653 0.341368 2 0.233905 0.340083 2
0 0.758257 0.369087 0.018994 0.008441 0.748760 0.364866 2 0.767629 0.366199 2 0.767754 0.373308 2 0.749010 0.371086 2
0 0.734140 0.366865 0.018869 0.008664 0.724706 0.362533 2 0.743450 0.364755 2 0.743575 0.371197 2 0.724706 0.369865 2
0 0.708848 0.366266 0.019493 0.007775 0.699102 0.362378 2 0.718345 0.363933 2 0.718595 0.370153 2 0.699115 0.368796 2
0 0.600140 0.360152 0.021387 0.010065 0.589446 0.355120 2 0.610700 0.357176 2 0.610833 0.365185 2 0.589591 0.362574 2
0 0.573745 0.357484 0.020964 0.007968 0.563262 0.353500 2 0.584227 0.354528 2 0.583793 0.361468 2 0.563985 0.359669 2
0 0.461043 0.351058 0.022699 0.009253 0.449693 0.346432 2 0.472393 0.346689 2 0.472393 0.355685 2 0.449997 0.354400 2
