0 0.550781 0.705556 0.168229 0.068519 0.466667 0.687963 2 0.633333 0.671296 2 0.634896 0.715741 2 0.467187 0.739815 2
0 0.703646 0.683796 0.139583 0.058333 0.633854 0.669444 2 0.772917 0.654630 2 0.773438 0.696296 2 0.634375 0.712963 2
0 0.830469 0.666667 0.113021 0.053704 0.773958 0.652778 2 0.886458 0.639815 2 0.886979 0.677778 2 0.773958 0.693519 2
1 0.448854 0.684352 0.037708 0.112778 0.430000 0.627963 2 0.430000 0.627963 2 0.467708 0.740741 2 0.467708 0.740741 2
0 0.322920 0.325844 0.025339 0.010782 0.310251 0.320453 2 0.335455 0.322130 2 0.335590 0.331235 2 0.310251 0.328599 2
0 0.288661 0.323129 0.028850 0.010535 0.274236 0.317861 2 0.303086 0.319248 2 0.303086 0.328396 2 0.274860 0.325901 2
0 0.252014 0.320079 0.028538 0.011089 0.237901 0.314535 2 0.265815 0.317030 2 0.266283 0.325624 2 0.237745 0.323406 2
0 0.214134 0.316336 0.030098 0.009981 0.199085 0.311346 2 0.229183 0.313287 2 0.229183 0.321327 2 0.199086 0.320218 2
0 0.171561 0.313148 0.031969 0.011921 0.155577 0.307188 2 0.187234 0.309406 2 0.187546 0.319109 2 0.155733 0.316337 2
0 0.134056 0.307881 0.034308 0.012476 0.117058 0.301643 2 0.151210 0.305524 2 0.151210 0.314119 2 0.116902 0.312178 2
0 0.435409 0.276963 0.017791 0.008626 0.426514 0.272650 2 0.443631 0.273608 2 0.444305 0.281276 2 0.426918 0.279359 2
0 0.410137 0.273680 0.020891 0.010303 0.399692 0.268528 2 0.420448 0.270685 2 0.420583 0.278832 2 0.399962 0.275957 2
0 0.383195 0.269966 0.018600 0.007428 0.374030 0.266253 2 0.392360 0.267690 2 0.392495 0.273680 2 0.373895 0.272003 2
0 0.352667 0.266612 0.022239 0.010303 0.341547 0.261460 2 0.362843 0.264815 2 0.363786 0.271763 2 0.341682 0.268888 2
0 0.324700 0.263856 0.022374 0.010543 0.313647 0.258585 2 0.335347 0.261221 2 0.335887 0.269128 2 0.313513 0.266492 2
0 0.263554 0.256814 0.020429 0.011367 0.253339 0.251130 2 0.273612 0.253625 2 0.273768 0.262497 2 0.254431 0.260002 2
0 0.232094 0.253168 0.022000 0.011892 0.221563 0.247222 2 0.243094 0.249966 2 0.242938 0.259115 2 0.221094 0.255833 2
0 0.204809 0.249550 0.020741 0.009703 0.194438 0.244699 2 0.215179 0.246639 2 0.215179 0.254402 2 0.195062 0.251906 2
0 0.775209 0.365054 0.016780 0.008019 0.766819 0.361044 2 0.783239 0.362327 2 0.783600 0.369063 2 0.767360 0.368101 2
0 0.755154 0.363598 0.018827 0.007536 0.745740 0.359831 2 0.764165 0.361281 2 0.764567 0.367366 2 0.746244 0.366113 2
0 0.690733 0.358185 0.020386 0.007869 0.680540 0.354251 2 0.700809 0.355700 2 0.700926 0.362120 2 0.680540 0.360670 2
0 0.664406 0.355493 0.021784 0.007869 0.653515 0.351559 2 0.675298 0.353422 2 0.675298 0.359428 2 0.653981 0.358392 2
0 0.565394 0.347025 0.022653 0.008573 0.554067 0.342738 2 0.576217 0.344510 2 0.576720 0.351311 2 0.554067 0.349360 2
0 0.482343 0.339194 0.023559 0.008770 0.470765 0.334809 2 0.493922 0.336241 2 0.494123 0.343579 2 0.470564 0.342326 2
0 0.451365 0.337050 0.024900 0.008597 0.438916 0.332752 2 0.463815 0.333458 2 0.463617 0.341349 2 0.438951 0.339745 2
0 0.423346 0.335476 0.023587 0.007907 0.411688 0.331522 2 0.435005 0.331762 2 0.435140 0.339430 2 0.411553 0.337992 2
0 0.387737 0.331738 0.025339 0.009345 0.375337 0.327065 2 0.400137 0.328264 2 0.400406 0.336411 2 0.375067 0.334254 2
0 0.355163 0.328944 0.026210 0.010975 0.342524 0.323456 2 0.367802 0.325527 2 0.368268 0.334432 2 0.342058 0.331740 2
