0 0.417708 0.560185 0.059375 0.018519 0.388021 0.551852 2 0.447396 0.550926 2 0.447396 0.567593 2 0.388542 0.569444 2
0 0.650492 0.360561 0.017668 0.006741 0.641658 0.357190 2 0.659245 0.357764 2 0.659326 0.363931 2 0.641981 0.363501 2
0 0.673887 0.361550 0.018878 0.006311 0.664771 0.358395 2 0.683165 0.359112 2 0.683326 0.364706 2 0.664448 0.363989 2
0 0.102696 0.342718 0.024492 0.008441 0.090824 0.338497 2 0.114692 0.338941 2 0.114942 0.346939 2 0.090450 0.346939 2
0 0.133748 0.343829 0.024367 0.008442 0.121564 0.339608 2 0.145932 0.339830 2 0.145932 0.348049 2 0.121564 0.347827 2
0 0.162864 0.344606 0.024117 0.008664 0.150805 0.340274 2 0.174922 0.340718 2 0.174922 0.348938 2 0.151055 0.347827 2
0 0.250307 0.346847 0.025405 0.007398 0.237604 0.343148 2 0.262674 0.343706 2 0.263009 0.350546 2 0.237916 0.350249 2
0 0.280736 0.348366 0.020736 0.007488 0.270368 0.344623 2 0.291104 0.345006 2 0.291104 0.352110 2 0.270368 0.351150 2
0 0.365793 0.351727 0.021254 0.007968 0.355455 0.347743 2 0.375986 0.348000 2 0.376419 0.355711 2 0.355166 0.354940 2
0 0.446408 0.353608 0.020952 0.008640 0.436256 0.349287 2 0.456884 0.351016 2 0.456776 0.357928 2 0.435932 0.357352 2
0 0.472931 0.355662 0.020653 0.007296 0.462738 0.352015 2 0.483139 0.352398 2 0.483258 0.359310 2 0.462604 0.359074 2
0 0.498648 0.356197 0.019572 0.008625 0.488862 0.351884 2 0.508434 0.351884 2 0.508434 0.360509 2 0.489029 0.359617 2
0 0.551787 0.358929 0.019494 0.008253 0.542040 0.354802 2 0.561534 0.355025 2 0.561409 0.362800 2 0.542188 0.363056 2
0 0.576408 0.358811 0.020088 0.007872 0.566580 0.354875 2 0.586452 0.355643 2 0.586452 0.362747 2 0.566364 0.361403 2
0 0.626066 0.359905 0.018576 0.006144 0.616778 0.356833 2 0.635354 0.357025 2 0.635354 0.362977 2 0.617102 0.362977 2
