0 0.508333 0.626389 0.107292 0.039815 0.455208 0.606481 2 0.561979 0.616667 2 0.561458 0.646296 2 0.454688 0.635185 2
0 0.623177 0.636574 0.122396 0.041667 0.562500 0.615741 2 0.684375 0.625000 2 0.683854 0.657407 2 0.561979 0.646296 2
0 0.405208 0.616204 0.097917 0.036111 0.356771 0.598148 2 0.454167 0.605556 2 0.454167 0.634259 2 0.356250 0.625926 2
0 0.622364 0.290884 0.020082 0.006709 0.612323 0.288249 2 0.632271 0.287530 2 0.632405 0.293281 2 0.612458 0.294239 2
0 0.647644 0.288975 0.020618 0.007662 0.637335 0.285973 2 0.657953 0.285144 2 0.657953 0.292392 2 0.637451 0.292807 2
0 0.584079 0.350643 0.022883 0.007425 0.572812 0.347086 2 0.595262 0.346931 2 0.595521 0.353889 2 0.572638 0.354356 2
0 0.557453 0.352422 0.022711 0.006961 0.546098 0.349870 2 0.568461 0.348942 2 0.568809 0.354665 2 0.546098 0.355903 2
0 0.528564 0.353814 0.020797 0.006652 0.518253 0.350488 2 0.538876 0.350643 2 0.538963 0.356676 2 0.518166 0.357141 2
0 0.502991 0.355294 0.020381 0.006819 0.492876 0.352553 2 0.513024 0.351885 2 0.513182 0.358035 2 0.492801 0.358703 2
0 0.475059 0.356151 0.018621 0.006807 0.466096 0.353056 2 0.484282 0.352747 2 0.484370 0.358162 2 0.465748 0.359554 2
0 0.848898 0.340234 0.029474 0.009981 0.834161 0.336908 2 0.863635 0.335244 2 0.863635 0.344670 2 0.834317 0.345225 2
0 0.886715 0.338294 0.030566 0.009426 0.871432 0.336076 2 0.901374 0.333581 2 0.901998 0.341898 2 0.872212 0.343007 2
0 0.778301 0.341870 0.027134 0.008594 0.764734 0.338682 2 0.791868 0.337573 2 0.791712 0.345336 2 0.765357 0.346167 2
0 0.708055 0.345284 0.025744 0.008284 0.695183 0.341970 2 0.720461 0.341142 2 0.720927 0.349011 2 0.695299 0.349425 2
0 0.398703 0.358858 0.019230 0.006033 0.389436 0.356769 2 0.408231 0.355841 2 0.408318 0.361719 2 0.389088 0.361874 2
0 0.424677 0.358162 0.019143 0.006497 0.415106 0.355532 2 0.434249 0.354913 2 0.434162 0.361410 2 0.415105 0.361410 2
0 0.448650 0.358084 0.020275 0.007580 0.438687 0.355377 2 0.458613 0.354294 2 0.458787 0.360791 2 0.438513 0.361874 2
0 0.479253 0.301723 0.017720 0.006640 0.470393 0.300032 2 0.488112 0.298403 2 0.488112 0.304507 2 0.470494 0.305044 2
0 0.570307 0.294698 0.019129 0.007517 0.560944 0.292729 2 0.579871 0.290940 2 0.579871 0.297204 2 0.560742 0.298457 2
