0 0.577604 0.652778 0.127083 0.033333 0.514583 0.636111 2 0.641146 0.636111 2 0.641146 0.669444 2 0.514062 0.668519 2
0 0.313021 0.652778 0.136458 0.035185 0.244792 0.635185 2 0.381250 0.636111 2 0.381250 0.670370 2 0.244792 0.669444 2
0 0.447917 0.652778 0.130208 0.035185 0.383333 0.635185 2 0.513021 0.637037 2 0.513021 0.670370 2 0.382812 0.668519 2
0 0.575393 0.356166 0.023856 0.008409 0.563465 0.351961 2 0.586917 0.352201 2 0.587321 0.360108 2 0.563750 0.360370 2
0 0.212173 0.339941 0.025511 0.008283 0.199651 0.335799 2 0.224929 0.336627 2 0.224929 0.344082 2 0.199417 0.343254 2
0 0.245955 0.341390 0.025045 0.008283 0.233781 0.337249 2 0.258244 0.338077 2 0.258477 0.345532 2 0.233432 0.345325 2
0 0.275834 0.343875 0.023298 0.009526 0.264302 0.339112 2 0.287250 0.339734 2 0.287483 0.348638 2 0.264185 0.347189 2
0 0.307519 0.345118 0.023997 0.008284 0.295870 0.340976 2 0.319285 0.341804 2 0.319518 0.349260 2 0.295521 0.348431 2
0 0.338796 0.346878 0.023414 0.008076 0.327322 0.342840 2 0.350387 0.343461 2 0.350504 0.350916 2 0.327089 0.349674 2
0 0.368560 0.348121 0.024229 0.008491 0.356445 0.343876 2 0.380558 0.343875 2 0.380674 0.352366 2 0.356561 0.351538 2
0 0.399953 0.348432 0.023880 0.008698 0.388246 0.344083 2 0.411893 0.345532 2 0.411777 0.352780 2 0.388013 0.352159 2
0 0.427619 0.349881 0.023531 0.009112 0.415854 0.345325 2 0.439385 0.346775 2 0.439035 0.354437 2 0.415970 0.353194 2
0 0.457079 0.352221 0.023997 0.009734 0.445081 0.347354 2 0.469078 0.347354 2 0.468495 0.357088 2 0.445431 0.355224 2
0 0.431088 0.368673 0.021445 0.006443 0.420365 0.365451 2 0.441810 0.365451 2 0.441609 0.371895 2 0.421171 0.370642 2
0 0.457566 0.369657 0.021847 0.006981 0.447045 0.366167 2 0.467987 0.366167 2 0.468490 0.373147 2 0.446643 0.372432 2
0 0.689207 0.361209 0.021900 0.006627 0.678257 0.357896 2 0.700157 0.358931 2 0.700157 0.364522 2 0.678374 0.364522 2
0 0.308590 0.286755 0.020275 0.006807 0.298801 0.283351 2 0.318553 0.283506 2 0.318727 0.290158 2 0.298453 0.289539 2
0 0.357145 0.288921 0.020101 0.006807 0.347094 0.285672 2 0.367195 0.285517 2 0.367021 0.292324 2 0.347355 0.291396 2
0 0.409049 0.291844 0.020274 0.008045 0.398912 0.287822 2 0.419099 0.288596 2 0.419186 0.295866 2 0.398999 0.294319 2
0 0.460964 0.294143 0.019409 0.006709 0.451259 0.291028 2 0.470533 0.290789 2 0.470668 0.297498 2 0.451529 0.297258 2
0 0.485515 0.295056 0.018324 0.006801 0.476353 0.291656 2 0.494677 0.292192 2 0.494677 0.298457 2 0.476454 0.297383 2
0 0.584990 0.299203 0.019025 0.007208 0.575789 0.295599 2 0.594347 0.296431 2 0.594503 0.302807 2 0.575477 0.302253 2
0 0.433873 0.292921 0.019678 0.008147 0.424034 0.288847 2 0.443577 0.289327 2 0.443712 0.296994 2 0.424168 0.296036 2
