0 0.423698 0.559259 0.056771 0.018519 0.395313 0.550000 2 0.452083 0.550926 2 0.452083 0.568519 2 0.395313 0.567593 2
1 0.457812 0.556019 0.012500 0.023148 0.451562 0.552778 2 0.463542 0.544444 2 0.464062 0.559259 2 0.451562 0.567593 2
0 0.180704 0.352781 0.018762 0.005642 0.171417 0.350292 2 0.190085 0.349960 2 0.189992 0.355602 2 0.171323 0.355436 2
0 0.304497 0.353784 0.019442 0.006583 0.294776 0.350493 2 0.314218 0.350636 2 0.314218 0.357076 2 0.294937 0.356359 2
0 0.331055 0.354623 0.021137 0.007745 0.320486 0.351038 2 0.341623 0.350751 2 0.341623 0.358496 2 0.320487 0.358065 2
0 0.406303 0.355784 0.021562 0.007136 0.395709 0.352714 2 0.416804 0.352217 2 0.417084 0.359020 2 0.395522 0.359352 2
0 0.434343 0.356133 0.020535 0.007965 0.424076 0.352150 2 0.444611 0.352482 2 0.444611 0.360115 2 0.424169 0.358622 2
0 0.485261 0.356875 0.020207 0.007916 0.475158 0.352917 2 0.495260 0.353519 2 0.495365 0.360833 2 0.475158 0.360597 2
0 0.512245 0.357807 0.020644 0.007314 0.501923 0.354150 2 0.522567 0.355010 2 0.522494 0.361464 2 0.501923 0.360460 2
0 0.539767 0.358496 0.022831 0.007314 0.528755 0.354839 2 0.550940 0.355269 2 0.551182 0.362153 2 0.528351 0.361866 2
0 0.590974 0.358624 0.020743 0.007331 0.580977 0.354958 2 0.601346 0.355625 2 0.601096 0.362067 2 0.580603 0.362289 2
0 0.620536 0.358945 0.020844 0.007104 0.610115 0.355394 2 0.630958 0.355393 2 0.630742 0.361729 2 0.610222 0.362497 2
0 0.702400 0.360097 0.019656 0.007296 0.692680 0.356642 2 0.712228 0.356449 2 0.712228 0.363745 2 0.692572 0.363745 2
0 0.157602 0.351951 0.018482 0.006306 0.148454 0.349296 2 0.166843 0.348798 2 0.166563 0.355104 2 0.148361 0.355104 2
0 0.755818 0.361327 0.019762 0.008642 0.746043 0.357966 2 0.765375 0.357006 2 0.765699 0.364686 2 0.745938 0.365648 2
0 0.729465 0.359982 0.020628 0.006720 0.719367 0.356623 2 0.739671 0.357198 2 0.739779 0.363342 2 0.719151 0.363150 2
0 0.206096 0.352947 0.018755 0.006638 0.196719 0.349815 2 0.215474 0.349628 2 0.215194 0.355768 2 0.196806 0.356266 2
0 0.231091 0.352826 0.019869 0.006664 0.221282 0.349938 2 0.241026 0.349493 2 0.240901 0.356158 2 0.221157 0.355936 2
