0 0.390365 0.665741 0.120312 0.050000 0.330729 0.640741 2 0.450521 0.653704 2 0.450000 0.690741 2 0.330208 0.674074 2
0 0.523958 0.681481 0.145833 0.057407 0.451562 0.652778 2 0.596875 0.666667 2 0.596875 0.710185 2 0.451042 0.692593 2
1 0.610625 0.668056 0.027708 0.087963 0.624479 0.624074 2 0.624479 0.624074 2 0.596771 0.712037 2 0.596771 0.712037 2
0 0.278906 0.650926 0.101563 0.046296 0.228646 0.627778 2 0.329688 0.639815 2 0.329167 0.674074 2 0.228125 0.660185 2
0 0.903392 0.316639 0.033820 0.013361 0.887108 0.313298 2 0.920302 0.309958 2 0.920302 0.319608 2 0.886482 0.323319 2
0 0.948914 0.312254 0.037170 0.012510 0.930329 0.310170 2 0.967138 0.305999 2 0.967498 0.315302 2 0.930329 0.318510 2
0 0.417516 0.364272 0.019143 0.006652 0.408118 0.362338 2 0.427000 0.360946 2 0.427087 0.366979 2 0.407944 0.367598 2
0 0.443614 0.361999 0.019959 0.008595 0.433635 0.359312 2 0.453569 0.357701 2 0.453594 0.365000 2 0.433750 0.366296 2
0 0.467454 0.360265 0.019839 0.008044 0.457534 0.357945 2 0.477286 0.356243 2 0.477373 0.362895 2 0.457621 0.364287 2
0 0.494123 0.357844 0.020639 0.007875 0.484005 0.355518 2 0.504342 0.353907 2 0.504443 0.359813 2 0.483803 0.361782 2
0 0.521417 0.354605 0.023257 0.008770 0.509990 0.352009 2 0.533046 0.350219 2 0.532945 0.357558 2 0.509789 0.358990 2
0 0.548983 0.352367 0.021948 0.009665 0.538211 0.348966 2 0.559756 0.347535 2 0.559957 0.355231 2 0.538009 0.357200 2
0 0.578822 0.349218 0.022832 0.009733 0.567756 0.345595 2 0.590238 0.344352 2 0.590238 0.352635 2 0.567406 0.354085 2
0 0.639293 0.342664 0.025878 0.010303 0.626624 0.340628 2 0.652097 0.337513 2 0.652232 0.345180 2 0.626354 0.347816 2
0 0.706347 0.334606 0.028694 0.011644 0.692156 0.331557 2 0.720227 0.328784 2 0.720694 0.338211 2 0.692000 0.340428 2
0 0.781701 0.327481 0.031657 0.013307 0.767120 0.325291 2 0.796905 0.320828 2 0.797529 0.329977 2 0.765872 0.334135 2
