0 0.563281 0.607407 0.086979 0.033333 0.520312 0.590741 2 0.606771 0.598148 2 0.606250 0.624074 2 0.519792 0.615741 2
0 0.479688 0.600000 0.078125 0.029630 0.441146 0.585185 2 0.518750 0.589815 2 0.518750 0.614815 2 0.440625 0.609259 2
0 0.472609 0.375779 0.018869 0.007188 0.463713 0.373382 2 0.482043 0.372185 2 0.482043 0.377456 2 0.463174 0.379373 2
0 0.837202 0.274307 0.026355 0.011090 0.824024 0.272089 2 0.849912 0.268763 2 0.850379 0.276525 2 0.824648 0.279852 2
0 0.589882 0.309838 0.018869 0.008147 0.580447 0.307442 2 0.599317 0.305764 2 0.599182 0.312713 2 0.580986 0.313911 2
0 0.548640 0.315545 0.014445 0.007041 0.541417 0.313475 2 0.555396 0.312025 2 0.555862 0.318030 2 0.541417 0.319066 2
0 0.976774 0.327402 0.036117 0.013732 0.958715 0.324990 2 0.994415 0.320536 2 0.994832 0.331670 2 0.958924 0.334268 2
0 0.933162 0.332255 0.035726 0.012157 0.915299 0.329384 2 0.951025 0.326176 2 0.951025 0.334516 2 0.915313 0.338333 2
0 0.853169 0.338961 0.028020 0.010306 0.839159 0.335956 2 0.867179 0.333808 2 0.867179 0.344114 2 0.839642 0.344114 2
0 0.775525 0.347110 0.030877 0.011090 0.760710 0.345170 2 0.790340 0.341565 2 0.790964 0.348773 2 0.760086 0.352655 2
0 0.623712 0.361665 0.024951 0.008317 0.611860 0.358061 2 0.636031 0.357506 2 0.636187 0.363883 2 0.611236 0.365823 2
0 0.596662 0.364253 0.023542 0.009112 0.585156 0.361759 2 0.608201 0.359697 2 0.608434 0.366945 2 0.584891 0.368809 2
0 0.570037 0.366946 0.021291 0.006736 0.559391 0.364220 2 0.580322 0.363578 2 0.580683 0.369352 2 0.559391 0.370314 2
0 0.543234 0.369800 0.020217 0.007164 0.533395 0.367416 2 0.553208 0.366218 2 0.553343 0.371705 2 0.533126 0.373383 2
0 0.518839 0.372065 0.018869 0.008386 0.509404 0.369788 2 0.528004 0.367871 2 0.528273 0.374341 2 0.509404 0.376258 2
0 0.496735 0.373502 0.018330 0.005990 0.487839 0.371465 2 0.505495 0.370507 2 0.505900 0.375539 2 0.487569 0.376498 2
