0 0.689323 0.584722 0.056771 0.034259 0.661458 0.567593 2 0.717708 0.576852 2 0.717187 0.601852 2 0.660937 0.590741 2
1 0.747917 0.586574 0.060417 0.028704 0.717708 0.576852 2 0.778125 0.572222 2 0.778125 0.595370 2 0.718229 0.600926 2
0 0.068750 0.684722 0.118750 0.063889 0.011458 0.668519 2 0.128125 0.652778 2 0.128125 0.697222 2 0.009375 0.716667 2
0 0.074547 0.263732 0.049356 0.018925 0.050450 0.254270 2 0.098645 0.262528 2 0.099225 0.273195 2 0.049869 0.266313 2
0 0.131394 0.273962 0.038904 0.014776 0.113125 0.266574 2 0.150846 0.271027 2 0.150846 0.281350 2 0.111942 0.276877 2
0 0.181429 0.284103 0.032128 0.015140 0.165943 0.276533 2 0.197493 0.281694 2 0.197493 0.291673 2 0.165365 0.286481 2
0 0.223236 0.289780 0.032904 0.014796 0.206784 0.282382 2 0.239688 0.287544 2 0.239688 0.297179 2 0.206977 0.292361 2
0 0.346029 0.313971 0.025367 0.012218 0.333346 0.307862 2 0.358712 0.309862 2 0.358462 0.320081 2 0.333720 0.316304 2
0 0.377877 0.319402 0.026795 0.012693 0.364479 0.313056 2 0.390950 0.317301 2 0.391274 0.325749 2 0.364583 0.322685 2
0 0.472512 0.336136 0.023868 0.010176 0.460577 0.331047 2 0.484446 0.333544 2 0.484338 0.341224 2 0.461118 0.338344 2
0 0.498378 0.341224 0.020952 0.011520 0.487902 0.335464 2 0.508746 0.339112 2 0.508854 0.346984 2 0.488442 0.343720 2
0 0.523704 0.346120 0.018684 0.009792 0.514578 0.341224 2 0.533046 0.344104 2 0.532830 0.351016 2 0.514362 0.347752 2
0 0.552788 0.369793 0.019548 0.008064 0.543230 0.365762 2 0.562346 0.368257 2 0.562562 0.373825 2 0.543014 0.372289 2
