1 0.589844 0.585185 0.023438 0.033333 0.579167 0.568519 2 0.601562 0.580556 2 0.601562 0.601852 2 0.578125 0.586111 2
0 0.635677 0.592130 0.070312 0.021296 0.601042 0.581481 2 0.670833 0.583333 2 0.670833 0.602778 2 0.600521 0.600926 2
1 0.814323 0.561111 0.040104 0.016667 0.794792 0.552778 2 0.834375 0.556481 2 0.833854 0.569444 2 0.794271 0.565741 2
0 0.399337 0.348283 0.023118 0.007575 0.387778 0.344495 2 0.410770 0.345628 2 0.410895 0.352070 2 0.387778 0.351626 2
0 0.154110 0.335071 0.026603 0.009253 0.141242 0.330444 2 0.167267 0.330444 2 0.167412 0.339698 2 0.140809 0.339183 2
0 0.249785 0.340524 0.026147 0.008030 0.237197 0.336509 2 0.262859 0.337431 2 0.262741 0.344539 2 0.236712 0.344152 2
0 0.341907 0.345698 0.022680 0.010176 0.330891 0.340610 2 0.352923 0.340801 2 0.353247 0.350785 2 0.330567 0.348481 2
0 0.370646 0.346739 0.023367 0.009108 0.359087 0.342185 2 0.382330 0.343073 2 0.382330 0.351293 2 0.358962 0.350404 2
0 0.460652 0.351589 0.022029 0.008673 0.449637 0.347253 2 0.471345 0.347637 2 0.471667 0.355926 2 0.449637 0.354741 2
0 0.487977 0.353013 0.022680 0.009216 0.476745 0.348405 2 0.499101 0.349557 2 0.499317 0.357621 2 0.476637 0.355893 2
0 0.572546 0.358224 0.021935 0.007302 0.561578 0.354573 2 0.583140 0.355735 2 0.583514 0.361874 2 0.561771 0.361019 2
0 0.598148 0.359810 0.020628 0.007680 0.587834 0.355970 2 0.608462 0.356545 2 0.608354 0.363649 2 0.587942 0.362689 2
0 0.706408 0.364978 0.019229 0.006140 0.697074 0.361908 2 0.716023 0.362239 2 0.716023 0.368047 2 0.696794 0.367716 2
0 0.731064 0.366395 0.019548 0.006912 0.721614 0.362939 2 0.740838 0.362939 2 0.740514 0.369851 2 0.721290 0.369467 2
0 0.755497 0.367516 0.020255 0.007799 0.745463 0.363617 2 0.765345 0.364281 2 0.765625 0.371416 2 0.745369 0.370420 2
