0 0.307292 0.628704 0.106250 0.031481 0.254167 0.612963 2 0.360417 0.615741 2 0.360417 0.644444 2 0.254167 0.640741 2
0 0.415625 0.629630 0.108333 0.029630 0.361458 0.614815 2 0.469792 0.615741 2 0.469792 0.644444 2 0.361458 0.642593 2
1 0.478542 0.617315 0.016875 0.053148 0.486979 0.590741 2 0.486979 0.590741 2 0.470104 0.643889 2 0.470104 0.643889 2
0 0.202604 0.625926 0.102083 0.029630 0.151562 0.611111 2 0.253646 0.612963 2 0.253646 0.640741 2 0.151562 0.637963 2
0 0.464288 0.355734 0.023270 0.008089 0.452718 0.353422 2 0.475662 0.351690 2 0.475922 0.358623 2 0.452653 0.359778 2
0 0.854010 0.347302 0.023146 0.008353 0.842524 0.344054 2 0.865148 0.343125 2 0.865583 0.350241 2 0.842437 0.351479 2
0 0.729733 0.349922 0.023414 0.008284 0.718026 0.346609 2 0.741441 0.345781 2 0.741324 0.353443 2 0.718026 0.354064 2
0 0.698663 0.350023 0.022955 0.008054 0.687186 0.346532 2 0.710140 0.345995 2 0.710140 0.353513 2 0.687185 0.354050 2
0 0.610868 0.351828 0.022249 0.007869 0.599744 0.348100 2 0.621876 0.347893 2 0.621993 0.355762 2 0.600093 0.355762 2
0 0.550591 0.353505 0.024335 0.008284 0.538657 0.349363 2 0.562642 0.349570 2 0.562758 0.357647 2 0.538424 0.357026 2
0 0.492488 0.355470 0.022450 0.008972 0.481263 0.352066 2 0.503452 0.350984 2 0.503713 0.358718 2 0.481350 0.359956 2
0 0.409751 0.357152 0.021208 0.006952 0.399223 0.354479 2 0.420205 0.353676 2 0.420355 0.360495 2 0.399147 0.360628 2
0 0.383362 0.357807 0.020456 0.006819 0.373134 0.354398 2 0.393364 0.354532 2 0.393590 0.360682 2 0.373134 0.361217 2
0 0.355837 0.358944 0.020757 0.007487 0.345458 0.355334 2 0.365839 0.355200 2 0.366215 0.362687 2 0.345609 0.362019 2
0 0.327108 0.359278 0.020606 0.007888 0.316805 0.355868 2 0.337336 0.355334 2 0.337411 0.362554 2 0.317031 0.363222 2
0 0.301952 0.359144 0.021283 0.007621 0.291536 0.356270 2 0.312593 0.355334 2 0.312368 0.362153 2 0.291310 0.362955 2
0 0.273605 0.359634 0.021545 0.008054 0.263034 0.356502 2 0.284378 0.355607 2 0.284177 0.363661 2 0.262833 0.363124 2
