1 0.477083 0.642130 0.021875 0.071296 0.466146 0.606481 2 0.466146 0.606481 2 0.488021 0.677778 2 0.488021 0.677778 2
0 0.552188 0.655694 0.126875 0.044722 0.489063 0.639815 2 0.615104 0.633333 2 0.615625 0.668519 2 0.488750 0.678056 2
0 0.673437 0.646296 0.114583 0.038889 0.616146 0.634259 2 0.730208 0.626852 2 0.730729 0.657407 2 0.616146 0.665741 2
0 0.781510 0.637037 0.101562 0.040741 0.730729 0.625926 2 0.831771 0.616667 2 0.832292 0.648148 2 0.731250 0.657407 2
0 0.704546 0.363629 0.018104 0.007562 0.695494 0.359848 2 0.713598 0.360376 2 0.713499 0.367410 2 0.695494 0.367410 2
0 0.467755 0.351458 0.023236 0.008546 0.456366 0.347185 2 0.479373 0.348202 2 0.479373 0.355731 2 0.456137 0.355121 2
0 0.494186 0.352697 0.022539 0.009652 0.482917 0.347870 2 0.505191 0.349282 2 0.505456 0.357523 2 0.482917 0.356574 2
0 0.523355 0.354265 0.022145 0.007904 0.512282 0.350313 2 0.534342 0.351073 2 0.534427 0.358217 2 0.512283 0.357609 2
0 0.579780 0.357512 0.021170 0.008308 0.569294 0.353358 2 0.590068 0.354238 2 0.590365 0.361667 2 0.569195 0.360921 2
0 0.270664 0.280340 0.021519 0.007325 0.260134 0.276677 2 0.281424 0.277491 2 0.281424 0.284002 2 0.259905 0.283189 2
0 0.296283 0.281609 0.022316 0.007904 0.285552 0.277657 2 0.307441 0.278569 2 0.307441 0.285561 2 0.285125 0.285409 2
0 0.680962 0.362467 0.019802 0.007936 0.671061 0.358499 2 0.690519 0.359516 2 0.690863 0.366435 2 0.671519 0.365621 2
0 0.402969 0.289951 0.020000 0.007534 0.393084 0.286184 2 0.412969 0.286852 2 0.412817 0.293718 2 0.392969 0.292500 2
0 0.323291 0.284631 0.021719 0.009653 0.312961 0.279804 2 0.334151 0.281687 2 0.334018 0.289457 2 0.312431 0.287338 2
0 0.377325 0.287950 0.020925 0.009183 0.366862 0.283359 2 0.387522 0.284772 2 0.387787 0.292541 2 0.367260 0.290893 2
0 0.430882 0.292449 0.020201 0.007860 0.420781 0.288519 2 0.440829 0.289024 2 0.440982 0.296379 2 0.421215 0.295561 2
0 0.455103 0.293598 0.018796 0.007738 0.445705 0.289729 2 0.464501 0.290608 2 0.464402 0.297467 2 0.445804 0.296236 2
0 0.242572 0.340665 0.026884 0.009417 0.229395 0.335956 2 0.256014 0.336898 2 0.256014 0.345374 2 0.229130 0.344432 2
0 0.277932 0.343020 0.027679 0.008947 0.264093 0.338546 2 0.291639 0.339253 2 0.291772 0.347493 2 0.264225 0.346787 2
0 0.312206 0.344762 0.026619 0.009182 0.298897 0.340171 2 0.325251 0.340642 2 0.325516 0.349353 2 0.298897 0.347234 2
0 0.344094 0.346257 0.025743 0.008445 0.331223 0.342035 2 0.356812 0.343125 2 0.356965 0.350480 2 0.331510 0.350185 2
0 0.377033 0.347246 0.025868 0.008343 0.364214 0.343075 2 0.389853 0.344092 2 0.389967 0.351418 2 0.364099 0.350197 2
0 0.799624 0.369186 0.017609 0.007387 0.790820 0.365493 2 0.808033 0.365493 2 0.808429 0.372880 2 0.791512 0.371825 2
0 0.405649 0.349647 0.024534 0.008442 0.393382 0.345426 2 0.417323 0.346306 2 0.417916 0.353868 2 0.393679 0.353165 2
0 0.435911 0.350456 0.024138 0.007387 0.423941 0.346763 2 0.447980 0.347643 2 0.447980 0.354150 2 0.423842 0.353270 2
