1 0.564583 0.575926 0.020833 0.029630 0.554688 0.561111 2 0.575000 0.571296 2 0.574479 0.590741 2 0.554167 0.578704 2
0 0.606771 0.579630 0.064583 0.018519 0.574479 0.570370 2 0.639062 0.571296 2 0.638542 0.588889 2 0.574479 0.588889 2
1 0.773438 0.553241 0.035417 0.017593 0.755729 0.544444 2 0.791146 0.548148 2 0.791146 0.562037 2 0.755729 0.557407 2
0 0.350003 0.348005 0.024492 0.009108 0.338381 0.343451 2 0.362124 0.344339 2 0.362249 0.352559 2 0.337757 0.350982 2
0 0.724418 0.367998 0.019619 0.007776 0.714609 0.364110 2 0.734228 0.364777 2 0.734228 0.371886 2 0.714734 0.371220 2
0 0.701968 0.367297 0.019224 0.008640 0.692356 0.362977 2 0.711364 0.363361 2 0.711580 0.370465 2 0.692788 0.371617 2
0 0.677453 0.367354 0.019114 0.006889 0.667897 0.364424 2 0.687010 0.363910 2 0.687010 0.370799 2 0.667969 0.370516 2
0 0.573708 0.361134 0.019872 0.008064 0.563879 0.357103 2 0.583644 0.357486 2 0.583644 0.365166 2 0.563772 0.364398 2
0 0.547971 0.359061 0.018468 0.007488 0.538737 0.355700 2 0.557097 0.355317 2 0.557205 0.362805 2 0.539385 0.362613 2
0 0.466190 0.354114 0.022993 0.009775 0.455318 0.349227 2 0.477436 0.350338 2 0.477686 0.359001 2 0.454694 0.356780 2
0 0.440112 0.352449 0.022029 0.007799 0.429097 0.348550 2 0.451033 0.349047 2 0.451126 0.356349 2 0.429097 0.356183 2
0 0.379275 0.349269 0.024084 0.009024 0.367557 0.344756 2 0.391317 0.346101 2 0.391209 0.353781 2 0.367233 0.353205 2
0 0.321724 0.346098 0.024001 0.007968 0.310302 0.342113 2 0.333580 0.342885 2 0.333724 0.350082 2 0.309724 0.349311 2
0 0.229134 0.341148 0.026933 0.008625 0.216337 0.336836 2 0.242098 0.336836 2 0.242600 0.345461 2 0.215667 0.344568 2
0 0.129933 0.336569 0.027435 0.011301 0.116216 0.330918 2 0.143651 0.331215 2 0.143149 0.342219 2 0.116216 0.340732 2
