0 0.521875 0.616667 0.100000 0.029630 0.472396 0.601852 2 0.571875 0.601852 2 0.571875 0.631481 2 0.471875 0.630556 2
0 0.939583 0.572685 0.070833 0.021296 0.904167 0.564815 2 0.975000 0.562037 2 0.975000 0.580556 2 0.904167 0.583333 2
1 0.881771 0.568519 0.044792 0.029630 0.859375 0.553704 2 0.904167 0.562963 2 0.903646 0.583333 2 0.859375 0.572222 2
0 0.329338 0.350062 0.023051 0.009321 0.318447 0.347780 2 0.340864 0.345401 2 0.340864 0.354323 2 0.317813 0.354722 2
0 0.358706 0.349213 0.023246 0.008795 0.347188 0.345000 2 0.370236 0.344816 2 0.370329 0.353610 2 0.347083 0.353426 2
0 0.445609 0.344806 0.025867 0.009775 0.432676 0.341252 2 0.458042 0.339919 2 0.458542 0.347916 2 0.432676 0.349693 2
0 0.477589 0.343806 0.024136 0.009552 0.465521 0.340370 2 0.489282 0.339030 2 0.489657 0.347694 2 0.465790 0.348583 2
0 0.569377 0.339707 0.023868 0.009984 0.557659 0.336635 2 0.581203 0.334715 2 0.581311 0.343355 2 0.557443 0.344699 2
0 0.598786 0.338335 0.024868 0.009510 0.587075 0.334094 2 0.611220 0.333580 2 0.611220 0.341317 2 0.586352 0.343090 2
0 0.632329 0.336793 0.023133 0.010024 0.620907 0.334094 2 0.643462 0.331781 2 0.643896 0.339749 2 0.620763 0.341805 2
0 0.194978 0.356225 0.020993 0.009108 0.184981 0.354114 2 0.205225 0.351670 2 0.205475 0.358335 2 0.184481 0.360779 2
0 0.220557 0.355514 0.022118 0.006887 0.209873 0.352959 2 0.231366 0.352070 2 0.231616 0.358957 2 0.209498 0.358957 2
0 0.699164 0.333876 0.026616 0.008886 0.686106 0.330989 2 0.712222 0.329433 2 0.712472 0.337208 2 0.685856 0.338319 2
0 0.729592 0.332210 0.025742 0.009108 0.716721 0.328989 2 0.742337 0.327656 2 0.742462 0.336320 2 0.716971 0.336764 2
0 0.798608 0.330055 0.026933 0.009517 0.785141 0.326487 2 0.811740 0.325297 2 0.812074 0.333029 2 0.786145 0.334814 2
0 0.830694 0.329089 0.021384 0.009408 0.820002 0.325537 2 0.841386 0.324385 2 0.841278 0.332641 2 0.820002 0.333793 2
0 0.248798 0.353181 0.023118 0.007553 0.237239 0.350071 2 0.260357 0.349405 2 0.260357 0.356958 2 0.237614 0.356958 2
