0 0.754687 0.585648 0.080208 0.021296 0.715104 0.575000 2 0.794792 0.576852 2 0.794792 0.596296 2 0.714583 0.594444 2
0 0.602344 0.580093 0.070312 0.023148 0.567708 0.568519 2 0.637500 0.573148 2 0.637500 0.591667 2 0.567187 0.587037 2
0 0.675781 0.581481 0.076563 0.022222 0.637500 0.570370 2 0.714063 0.572222 2 0.714063 0.592593 2 0.637500 0.590741 2
0 0.625238 0.365974 0.019317 0.007735 0.615667 0.363344 2 0.634897 0.362106 2 0.634897 0.369222 2 0.615580 0.369841 2
0 0.478185 0.375260 0.019331 0.006622 0.468520 0.373201 2 0.487851 0.371948 2 0.487851 0.377676 2 0.468520 0.378571 2
0 0.499731 0.374096 0.019733 0.007517 0.490066 0.371411 2 0.509497 0.370337 2 0.509597 0.377497 2 0.489864 0.377855 2
0 0.525248 0.372501 0.018057 0.006819 0.516220 0.369626 2 0.534202 0.369092 2 0.534277 0.374974 2 0.516303 0.375910 2
0 0.550969 0.371298 0.019696 0.006551 0.541346 0.368423 2 0.560749 0.368022 2 0.560817 0.374172 2 0.541121 0.374573 2
0 0.575640 0.369626 0.019554 0.008289 0.565863 0.367086 2 0.585266 0.365482 2 0.585417 0.372033 2 0.566089 0.373771 2
0 0.600831 0.367985 0.021145 0.008353 0.590345 0.365355 2 0.611403 0.363808 2 0.611403 0.370305 2 0.590258 0.372161 2
0 0.652387 0.364581 0.020710 0.007116 0.642119 0.361023 2 0.662742 0.361023 2 0.662655 0.367211 2 0.642032 0.368139 2
0 0.682326 0.362781 0.019704 0.006819 0.672475 0.360843 2 0.691953 0.359372 2 0.692178 0.365789 2 0.672475 0.366190 2
0 0.709144 0.361200 0.018849 0.007395 0.699720 0.357849 2 0.718504 0.357502 2 0.718569 0.364897 2 0.699785 0.364666 2
0 0.741461 0.358570 0.023991 0.007220 0.729465 0.355494 2 0.753381 0.354960 2 0.753456 0.361912 2 0.729465 0.362179 2
0 0.771618 0.356698 0.022938 0.007220 0.760149 0.354291 2 0.783012 0.353088 2 0.783087 0.359906 2 0.760224 0.360308 2
0 0.900297 0.349736 0.024462 0.009940 0.888066 0.346009 2 0.912528 0.344766 2 0.912528 0.354085 2 0.888531 0.354706 2
