0 0.467448 0.548611 0.036979 0.012037 0.448958 0.542593 2 0.485938 0.543519 2 0.485938 0.554630 2 0.448958 0.552778 2
0 0.749629 0.384443 0.017064 0.006912 0.741097 0.381563 2 0.758161 0.380987 2 0.758161 0.387515 2 0.741205 0.387899 2
0 0.259485 0.390267 0.016242 0.005808 0.251364 0.387529 2 0.267419 0.387363 2 0.267606 0.393171 2 0.251364 0.393171 2
0 0.241875 0.391013 0.016120 0.006220 0.233816 0.388570 2 0.249935 0.387903 2 0.249935 0.393901 2 0.233940 0.394123 2
0 0.281114 0.390760 0.014688 0.005760 0.273770 0.387880 2 0.288458 0.388072 2 0.288458 0.393640 2 0.273770 0.393448 2
0 0.301181 0.390516 0.015215 0.005642 0.293574 0.388027 2 0.308789 0.387695 2 0.308789 0.393337 2 0.293574 0.393171 2
0 0.321574 0.390369 0.016370 0.006664 0.313390 0.387037 2 0.329759 0.387037 2 0.329759 0.393701 2 0.313390 0.393479 2
0 0.383360 0.389603 0.016428 0.006140 0.375145 0.387363 2 0.391387 0.386533 2 0.391574 0.392507 2 0.375146 0.392673 2
0 0.446916 0.389377 0.016524 0.006720 0.438654 0.386786 2 0.455070 0.386017 2 0.455178 0.392737 2 0.438654 0.392545 2
0 0.513379 0.387573 0.018900 0.006912 0.504145 0.384885 2 0.522721 0.384117 2 0.522829 0.390645 2 0.503929 0.391029 2
0 0.537117 0.388245 0.018036 0.005568 0.528099 0.385653 2 0.545919 0.385461 2 0.546135 0.391029 2 0.528207 0.390837 2
0 0.558577 0.388360 0.016632 0.006336 0.550369 0.385192 2 0.566677 0.385576 2 0.566893 0.391336 2 0.550261 0.391528 2
0 0.604495 0.387459 0.016869 0.006665 0.596060 0.384126 2 0.612805 0.384127 2 0.612930 0.390791 2 0.596185 0.389680 2
0 0.630404 0.386832 0.017838 0.005310 0.621579 0.384509 2 0.639220 0.384177 2 0.639323 0.389352 2 0.621485 0.389487 2
0 0.653222 0.386351 0.017829 0.006306 0.644307 0.383364 2 0.661949 0.383198 2 0.662136 0.389006 2 0.644308 0.389504 2
0 0.702021 0.385488 0.019229 0.006804 0.692593 0.382252 2 0.711635 0.382086 2 0.711635 0.388890 2 0.692407 0.388724 2
0 0.726409 0.384242 0.019374 0.007197 0.716722 0.380643 2 0.735806 0.380900 2 0.736096 0.387840 2 0.717011 0.387583 2
