0 0.494792 0.592130 0.080208 0.023148 0.454688 0.581481 2 0.534375 0.580556 2 0.534896 0.602778 2 0.454688 0.603704 2
0 0.833333 0.558333 0.055208 0.016667 0.805729 0.550000 2 0.860938 0.550000 2 0.860417 0.565741 2 0.805729 0.566667 2
1 0.790104 0.556481 0.030208 0.020370 0.775000 0.546296 2 0.805208 0.551852 2 0.804688 0.566667 2 0.775000 0.560185 2
0 0.163269 0.356613 0.024767 0.005056 0.151062 0.354085 2 0.175151 0.354085 2 0.175652 0.359141 2 0.150885 0.358889 2
0 0.190902 0.356833 0.022356 0.006144 0.179724 0.354722 2 0.202080 0.353761 2 0.202080 0.359905 2 0.179724 0.359905 2
0 0.798582 0.342607 0.025117 0.006220 0.786523 0.339719 2 0.811140 0.339497 2 0.811140 0.345717 2 0.786023 0.345495 2
0 0.769870 0.343707 0.024579 0.007197 0.758014 0.341651 2 0.782159 0.340109 2 0.782159 0.345764 2 0.757580 0.347306 2
0 0.739508 0.344093 0.022555 0.006940 0.728230 0.341651 2 0.750785 0.340623 2 0.750785 0.347049 2 0.728664 0.347563 2
0 0.651530 0.345000 0.022483 0.007584 0.640288 0.342189 2 0.662286 0.341208 2 0.662772 0.348791 2 0.640422 0.348791 2
0 0.591095 0.347293 0.023711 0.008456 0.579239 0.343296 2 0.602661 0.343065 2 0.602950 0.351264 2 0.579383 0.351521 2
0 0.562482 0.348385 0.021253 0.008482 0.551855 0.344144 2 0.573108 0.345172 2 0.572819 0.352626 2 0.552000 0.351341 2
0 0.531686 0.348128 0.020386 0.006940 0.521926 0.344658 2 0.541734 0.345172 2 0.541879 0.351598 2 0.521493 0.351341 2
0 0.474721 0.349799 0.024145 0.007711 0.463515 0.346457 2 0.486793 0.345943 2 0.486359 0.353654 2 0.462648 0.353140 2
0 0.446961 0.350699 0.021832 0.006940 0.436334 0.348000 2 0.457877 0.347229 2 0.457588 0.353912 2 0.436045 0.354169 2
0 0.415370 0.350185 0.024290 0.007454 0.403369 0.347743 2 0.427081 0.346458 2 0.427515 0.353140 2 0.403225 0.353912 2
0 0.330684 0.354003 0.022743 0.006887 0.319313 0.350560 2 0.341680 0.351448 2 0.342055 0.357446 2 0.319313 0.356558 2
0 0.300631 0.353003 0.023367 0.007997 0.289448 0.349671 2 0.312315 0.349005 2 0.312065 0.356336 2 0.288947 0.357002 2
0 0.219297 0.354913 0.021510 0.006528 0.208884 0.351841 2 0.229728 0.351649 2 0.230052 0.358177 2 0.208542 0.358148 2
