0 0.484375 0.840278 0.293750 0.097222 0.337500 0.791667 2 0.631250 0.807407 2 0.630208 0.888889 2 0.337500 0.869444 2
0 0.344111 0.312491 0.027872 0.009291 0.330175 0.307846 2 0.357659 0.307846 2 0.358047 0.316792 2 0.330949 0.317136 2
0 0.376347 0.311115 0.027904 0.009253 0.362540 0.307002 2 0.390299 0.306489 2 0.390299 0.315742 2 0.362395 0.315742 2
0 0.410541 0.310344 0.026603 0.010281 0.397239 0.306232 2 0.423408 0.305203 2 0.423842 0.315228 2 0.397384 0.315485 2
0 0.450011 0.309573 0.028049 0.009767 0.436276 0.304946 2 0.463747 0.304689 2 0.464036 0.313429 2 0.435987 0.314457 2
0 0.485651 0.309188 0.029061 0.009510 0.471265 0.305461 2 0.499458 0.304432 2 0.500181 0.313172 2 0.471120 0.313943 2
0 0.594319 0.307949 0.029227 0.010667 0.579705 0.303648 2 0.608352 0.302615 2 0.608932 0.311562 2 0.580093 0.313282 2
0 0.631360 0.306566 0.030796 0.010024 0.616252 0.302582 2 0.646614 0.301554 2 0.646758 0.311321 2 0.615963 0.311578 2
0 0.744944 0.305024 0.028338 0.009253 0.730775 0.300397 2 0.758824 0.300397 2 0.759113 0.309393 2 0.731353 0.309650 2
0 0.823065 0.303230 0.030948 0.011896 0.807758 0.297282 2 0.837870 0.297877 2 0.838539 0.308286 2 0.807591 0.309178 2
0 0.860704 0.302487 0.030279 0.011004 0.845565 0.297877 2 0.875676 0.296985 2 0.875843 0.306799 2 0.845732 0.307989 2
0 0.899347 0.302189 0.033290 0.011598 0.882702 0.298472 2 0.915657 0.296390 2 0.915992 0.307096 2 0.883706 0.307989 2
0 0.080796 0.319298 0.026784 0.008640 0.067404 0.314978 2 0.093972 0.315169 2 0.094188 0.323617 2 0.067404 0.323425 2
0 0.110550 0.318721 0.024300 0.009792 0.098508 0.316130 2 0.122484 0.313825 2 0.122700 0.322465 2 0.098400 0.323617 2
0 0.208762 0.316487 0.026603 0.010795 0.195750 0.311861 2 0.222064 0.311090 2 0.221919 0.321114 2 0.195461 0.321885 2
0 0.242450 0.315331 0.028049 0.009510 0.229004 0.310833 2 0.256185 0.310576 2 0.256474 0.319315 2 0.228425 0.320086 2
0 0.273246 0.314174 0.026603 0.010281 0.259944 0.310576 2 0.286547 0.309033 2 0.286547 0.317772 2 0.259944 0.319315 2
