1 0.518099 0.596296 0.019531 0.040741 0.508333 0.590741 2 0.527604 0.575926 2 0.527865 0.599722 2 0.509375 0.616667 2
0 0.468229 0.600463 0.081250 0.032407 0.427604 0.584259 2 0.508333 0.590741 2 0.508854 0.616667 2 0.428125 0.609259 2
0 0.686492 0.344814 0.025272 0.008256 0.673856 0.341262 2 0.698804 0.340686 2 0.699128 0.347982 2 0.674288 0.348942 2
0 0.623679 0.346431 0.024643 0.008806 0.611358 0.343521 2 0.636000 0.342028 2 0.636000 0.350491 2 0.611615 0.350833 2
0 0.592176 0.346674 0.023802 0.007965 0.580275 0.343688 2 0.603984 0.342692 2 0.604077 0.350657 2 0.580648 0.350657 2
0 0.561371 0.347827 0.023367 0.008220 0.549688 0.343717 2 0.572930 0.343717 2 0.573055 0.351715 2 0.549938 0.351937 2
0 0.503566 0.348997 0.022215 0.008629 0.492738 0.346176 2 0.514674 0.344683 2 0.514674 0.353146 2 0.492458 0.353312 2
0 0.472710 0.350313 0.021621 0.008046 0.462142 0.346720 2 0.483521 0.346291 2 0.483521 0.354179 2 0.461900 0.354336 2
0 0.446411 0.350744 0.021943 0.007185 0.435439 0.347581 2 0.457302 0.347151 2 0.457382 0.354035 2 0.435681 0.354336 2
0 0.392722 0.353110 0.020088 0.007300 0.382920 0.350737 2 0.402605 0.349460 2 0.402766 0.356187 2 0.382678 0.356760 2
0 0.365979 0.353612 0.019362 0.007443 0.356298 0.349891 2 0.375579 0.350306 2 0.375660 0.357334 2 0.356621 0.357047 2
0 0.342301 0.353820 0.019765 0.007314 0.332499 0.350608 2 0.352022 0.350163 2 0.352183 0.357047 2 0.332418 0.357477 2
0 0.268355 0.356775 0.018555 0.006311 0.259077 0.353762 2 0.277391 0.353619 2 0.277633 0.359356 2 0.259158 0.359930 2
0 0.245226 0.357363 0.018394 0.005737 0.236029 0.355211 2 0.254423 0.354494 2 0.254423 0.359657 2 0.236029 0.360231 2
0 0.722456 0.344546 0.027000 0.008871 0.708956 0.341070 2 0.735956 0.340110 2 0.735740 0.348942 2 0.709167 0.348981 2
0 0.222234 0.357363 0.017910 0.005450 0.213360 0.355211 2 0.231189 0.354638 2 0.231189 0.360088 2 0.213279 0.359657 2
0 0.826801 0.342094 0.026789 0.008795 0.813406 0.337863 2 0.839823 0.337697 2 0.840196 0.345496 2 0.813687 0.346492 2
0 0.755191 0.343835 0.026676 0.009216 0.741853 0.340379 2 0.768205 0.339227 2 0.768529 0.348059 2 0.741853 0.348443 2
