0 0.787500 0.783333 0.267708 0.105556 0.655729 0.730556 2 0.921354 0.767593 2 0.918750 0.836111 2 0.653646 0.795370 2
0 0.553646 0.741204 0.201042 0.087963 0.454688 0.697222 2 0.654167 0.730556 2 0.653125 0.785185 2 0.453125 0.747222 2
0 0.373958 0.707870 0.159375 0.073148 0.294792 0.671296 2 0.453646 0.696296 2 0.452604 0.744444 2 0.294271 0.715741 2
0 0.952618 0.312289 0.038207 0.013307 0.933514 0.307576 2 0.971565 0.305635 2 0.971721 0.315338 2 0.933514 0.318943 2
0 0.822473 0.321355 0.032568 0.011363 0.806189 0.319014 2 0.838131 0.315674 2 0.838757 0.324952 2 0.806250 0.327037 2
0 0.458675 0.349985 0.020619 0.007455 0.448366 0.347707 2 0.468868 0.346257 2 0.468985 0.352884 2 0.448483 0.353712 2
0 0.432195 0.351107 0.019491 0.007116 0.422450 0.348942 2 0.441941 0.347550 2 0.441941 0.353892 2 0.422537 0.354665 2
0 0.518165 0.289734 0.018465 0.008147 0.508932 0.287099 2 0.526993 0.285661 2 0.527397 0.291412 2 0.509337 0.293808 2
0 0.617185 0.277162 0.021291 0.008982 0.606539 0.273954 2 0.627830 0.272671 2 0.627830 0.281011 2 0.607261 0.281653 2
0 0.564265 0.284011 0.020897 0.009426 0.553972 0.280961 2 0.574713 0.279298 2 0.574557 0.286506 2 0.553816 0.288724 2
0 0.835601 0.252110 0.026885 0.011548 0.822158 0.248581 2 0.848502 0.246336 2 0.849043 0.256280 2 0.822880 0.257884 2
0 0.484075 0.348431 0.021329 0.008077 0.473411 0.345635 2 0.494263 0.344393 2 0.494740 0.352037 2 0.473877 0.352470 2
0 0.634540 0.336489 0.026191 0.009282 0.621445 0.333240 2 0.647201 0.331848 2 0.647636 0.339273 2 0.621706 0.341130 2
0 0.604146 0.338933 0.025495 0.008508 0.591485 0.336999 2 0.616458 0.334679 2 0.616894 0.342568 2 0.591398 0.343187 2
0 0.571939 0.341463 0.024244 0.008435 0.559816 0.338516 2 0.583801 0.337245 2 0.584061 0.344294 2 0.560011 0.345681 2
0 0.542067 0.344229 0.023158 0.009319 0.530488 0.341360 2 0.553544 0.339570 2 0.553646 0.347870 2 0.530573 0.348889 2
0 0.512708 0.346121 0.022854 0.008233 0.501281 0.343257 2 0.523833 0.342004 2 0.524135 0.348805 2 0.501281 0.350237 2
