0 0.446094 0.641667 0.122396 0.035185 0.384896 0.624074 2 0.507292 0.625926 2 0.507292 0.659259 2 0.384896 0.657407 2
0 0.566667 0.643056 0.117708 0.032407 0.507812 0.627778 2 0.625521 0.626852 2 0.625000 0.658333 2 0.507812 0.659259 2
0 0.318490 0.642593 0.129688 0.035185 0.253646 0.625000 2 0.383333 0.626852 2 0.382812 0.660185 2 0.254167 0.658333 2
0 0.576799 0.302268 0.019022 0.008100 0.567516 0.298218 2 0.586310 0.299838 2 0.586082 0.306318 2 0.567288 0.304293 2
0 0.454182 0.295585 0.019364 0.007290 0.444500 0.291941 2 0.463864 0.292750 2 0.463750 0.299230 2 0.444842 0.297610 2
0 0.403153 0.292143 0.021186 0.007289 0.392560 0.288498 2 0.413290 0.288700 2 0.413746 0.295788 2 0.392787 0.294978 2
0 0.678803 0.365246 0.020570 0.008019 0.668699 0.361237 2 0.689088 0.362199 2 0.688727 0.369256 2 0.668518 0.367973 2
0 0.567914 0.358282 0.021988 0.007763 0.556920 0.354401 2 0.578284 0.354401 2 0.578908 0.361887 2 0.557076 0.362164 2
0 0.450517 0.352415 0.023818 0.008340 0.438608 0.348245 2 0.462065 0.349207 2 0.462426 0.356585 2 0.438609 0.355302 2
0 0.420607 0.351911 0.023414 0.009319 0.408899 0.347251 2 0.431964 0.348908 2 0.432314 0.356570 2 0.409598 0.354913 2
0 0.392991 0.349879 0.023760 0.008591 0.381111 0.345584 2 0.404569 0.346479 2 0.404871 0.354175 2 0.381111 0.353101 2
0 0.362233 0.348447 0.024264 0.008950 0.350101 0.343972 2 0.374164 0.344510 2 0.374365 0.352922 2 0.350202 0.352027 2
0 0.332388 0.346990 0.023860 0.009721 0.320938 0.342130 2 0.344162 0.342702 2 0.344318 0.351851 2 0.320459 0.349910 2
0 0.301190 0.344394 0.023631 0.009898 0.289479 0.339444 2 0.312889 0.340231 2 0.313006 0.349343 2 0.289375 0.348704 2
0 0.269105 0.342917 0.024666 0.009486 0.256772 0.338174 2 0.281438 0.339248 2 0.281337 0.347660 2 0.256772 0.346586 2
0 0.239346 0.340810 0.024004 0.008491 0.227351 0.336565 2 0.251348 0.337600 2 0.251348 0.345056 2 0.227344 0.344444 2
0 0.206383 0.338995 0.025890 0.007435 0.193438 0.335278 2 0.219328 0.336243 2 0.218923 0.342712 2 0.193450 0.341754 2
0 0.301803 0.286305 0.020737 0.006276 0.291508 0.283167 2 0.312098 0.283690 2 0.312172 0.289443 2 0.291434 0.288789 2
0 0.350415 0.289369 0.019705 0.007492 0.340676 0.285623 2 0.360154 0.286635 2 0.360268 0.293115 2 0.340563 0.291090 2
