1 0.760156 0.650926 0.092187 0.042593 0.714063 0.641667 2 0.806250 0.629630 2 0.806250 0.657407 2 0.714063 0.672222 2
0 0.672917 0.643519 0.087500 0.059259 0.630729 0.613889 2 0.716667 0.638889 2 0.715104 0.673148 2 0.629167 0.642593 2
0 0.459402 0.330739 0.025093 0.011598 0.447692 0.324940 2 0.471949 0.328212 2 0.471614 0.336539 2 0.446856 0.332673 2
0 0.490183 0.336093 0.023755 0.012193 0.478306 0.329996 2 0.501726 0.334457 2 0.502060 0.342189 2 0.478808 0.338620 2
0 0.515472 0.342036 0.021139 0.011298 0.505277 0.336387 2 0.525895 0.339497 2 0.526042 0.347685 2 0.504902 0.344828 2
0 0.068970 0.242421 0.053357 0.023451 0.043482 0.230696 2 0.095648 0.240822 2 0.094749 0.254147 2 0.042292 0.243981 2
0 0.182742 0.268537 0.044671 0.020254 0.161006 0.258410 2 0.205077 0.265872 2 0.203878 0.278664 2 0.160406 0.269603 2
0 0.229511 0.279464 0.038675 0.017588 0.211973 0.270670 2 0.248849 0.276532 2 0.246450 0.288258 2 0.210174 0.281329 2
0 0.277028 0.288599 0.040483 0.016654 0.258292 0.280272 2 0.297269 0.288004 2 0.296098 0.296925 2 0.256786 0.290977 2
0 0.394579 0.314531 0.027937 0.013680 0.380945 0.307691 2 0.408548 0.312450 2 0.407544 0.321371 2 0.380611 0.316910 2
0 0.426363 0.322412 0.022249 0.012788 0.415239 0.316018 2 0.437488 0.320182 2 0.436819 0.328806 2 0.415406 0.325238 2
