1 0.405729 0.562500 0.017708 0.021296 0.397396 0.551852 2 0.414583 0.558333 2 0.414583 0.573148 2 0.396875 0.564815 2
0 0.809635 0.581019 0.056771 0.025000 0.781771 0.568519 2 0.838021 0.575000 2 0.837500 0.593519 2 0.781250 0.587037 2
0 0.441146 0.565278 0.053125 0.015741 0.414583 0.557407 2 0.467708 0.557407 2 0.467187 0.573148 2 0.414583 0.573148 2
1 0.856250 0.583333 0.038542 0.018519 0.836979 0.576852 2 0.875521 0.574074 2 0.875521 0.589815 2 0.836979 0.592593 2
1 0.720833 0.557407 0.036458 0.014815 0.702604 0.550926 2 0.739062 0.550000 2 0.739062 0.563889 2 0.702604 0.564815 2
0 0.040348 0.230638 0.030488 0.013109 0.025230 0.224083 2 0.055592 0.228196 2 0.055014 0.237192 2 0.025104 0.231759 2
0 0.042912 0.302531 0.037013 0.015422 0.024695 0.294820 2 0.061274 0.300988 2 0.061419 0.310241 2 0.024406 0.305101 2
0 0.088166 0.308945 0.033832 0.014887 0.071684 0.301502 2 0.105083 0.306900 2 0.104948 0.316389 2 0.071250 0.311527 2
0 0.114199 0.243695 0.026627 0.013351 0.100896 0.237019 2 0.127512 0.241240 2 0.127263 0.250370 2 0.100885 0.246389 2
0 0.146881 0.249938 0.026491 0.014198 0.133635 0.242839 2 0.160127 0.246616 2 0.160104 0.257037 2 0.133636 0.251947 2
0 0.126200 0.314360 0.032115 0.013351 0.110518 0.307685 2 0.142133 0.311484 2 0.142258 0.321036 2 0.110143 0.317037 2
0 0.166525 0.320684 0.031615 0.014002 0.151217 0.313683 2 0.182332 0.318570 2 0.181979 0.327685 2 0.150717 0.323013 2
0 0.238832 0.331432 0.027324 0.013056 0.225278 0.324904 2 0.252494 0.328552 2 0.252494 0.337960 2 0.225170 0.333928 2
0 0.243391 0.268374 0.023240 0.012489 0.231771 0.262130 2 0.255010 0.266363 2 0.255010 0.274619 2 0.232114 0.270011 2
0 0.271189 0.335944 0.025812 0.011520 0.258499 0.330184 2 0.284095 0.333064 2 0.283987 0.341704 2 0.258283 0.337672 2
0 0.307472 0.340866 0.024456 0.010288 0.295431 0.335722 2 0.319700 0.338709 2 0.319514 0.346010 2 0.295245 0.343687 2
0 0.270322 0.294402 0.022589 0.010289 0.259401 0.289258 2 0.281617 0.292411 2 0.281523 0.299547 2 0.259028 0.295896 2
0 0.328595 0.284354 0.020205 0.009255 0.318817 0.279726 2 0.338365 0.282030 2 0.338698 0.288981 2 0.318493 0.286446 2
0 0.366002 0.349922 0.023112 0.010944 0.354554 0.344450 2 0.377342 0.347905 2 0.377558 0.355393 2 0.354446 0.351361 2
0 0.394796 0.355108 0.022596 0.009413 0.383606 0.350401 2 0.405854 0.352513 2 0.406094 0.359815 2 0.383498 0.356737 2
0 0.470607 0.366902 0.019042 0.007799 0.461086 0.363003 2 0.480128 0.364662 2 0.480034 0.370802 2 0.461086 0.368811 2
0 0.497816 0.370553 0.018388 0.008131 0.488902 0.366488 2 0.506917 0.367981 2 0.507010 0.374619 2 0.488622 0.372959 2
0 0.561993 0.379940 0.015200 0.006941 0.554392 0.376469 2 0.569593 0.378576 2 0.569593 0.383411 2 0.554393 0.381923 2
0 0.582039 0.382853 0.014154 0.006817 0.574961 0.379444 2 0.589116 0.380560 2 0.589046 0.386262 2 0.575101 0.384526 2
0 0.601275 0.385570 0.014583 0.006453 0.594105 0.382343 2 0.608567 0.382986 2 0.608542 0.388796 2 0.593984 0.388343 2
0 0.687630 0.556359 0.029990 0.017328 0.672760 0.547695 2 0.702625 0.551028 2 0.702500 0.565023 2 0.672635 0.559247 2
