1 0.459375 0.622685 0.048958 0.062037 0.435937 0.591667 2 0.483854 0.617593 2 0.483333 0.653704 2 0.434896 0.620370 2
0 0.534635 0.632407 0.098438 0.040741 0.485417 0.621296 2 0.583333 0.612037 2 0.583854 0.643519 2 0.485417 0.652778 2
0 0.710417 0.560185 0.035417 0.014815 0.692708 0.554630 2 0.728125 0.552778 2 0.727604 0.565741 2 0.692708 0.567593 2
1 0.671615 0.559722 0.043229 0.017593 0.650000 0.550926 2 0.693229 0.554630 2 0.692708 0.568519 2 0.650000 0.562963 2
0 0.545701 0.353362 0.023709 0.010620 0.534593 0.348051 2 0.557555 0.352034 2 0.557182 0.358672 2 0.533846 0.355353 2
0 0.102914 0.270247 0.044820 0.018250 0.082528 0.261122 2 0.125324 0.269090 2 0.124167 0.279372 2 0.080504 0.270632 2
0 0.198035 0.288122 0.036636 0.014870 0.180721 0.280688 2 0.216353 0.285446 2 0.216019 0.295557 2 0.179718 0.289015 2
0 0.242350 0.295522 0.033614 0.014862 0.226668 0.288091 2 0.259157 0.294089 2 0.258657 0.302953 2 0.225543 0.296511 2
0 0.279088 0.301842 0.030115 0.014662 0.265155 0.294511 2 0.294146 0.301198 2 0.293771 0.309173 2 0.264031 0.304286 2
0 0.383892 0.322858 0.027366 0.012885 0.370209 0.316415 2 0.397575 0.321969 2 0.397200 0.329300 2 0.370333 0.323968 2
0 0.414769 0.328503 0.021282 0.010620 0.404502 0.323193 2 0.425410 0.327176 2 0.425130 0.333814 2 0.404128 0.329997 2
0 0.446132 0.335174 0.022589 0.011284 0.434931 0.329532 2 0.457427 0.332851 2 0.457427 0.340816 2 0.434838 0.337000 2
0 0.523484 0.349645 0.020429 0.009916 0.514454 0.344687 2 0.533698 0.347786 2 0.533419 0.354603 2 0.513269 0.350637 2
0 0.568010 0.357178 0.020535 0.010620 0.558488 0.351868 2 0.578277 0.355851 2 0.578184 0.362488 2 0.557742 0.359004 2
