0 0.157292 0.627778 0.146875 0.044444 0.083854 0.613889 2 0.230729 0.605556 2 0.230729 0.640741 2 0.084375 0.650000 2
0 0.698698 0.575463 0.050521 0.030556 0.673438 0.560185 2 0.723958 0.567593 2 0.723437 0.590741 2 0.673438 0.581481 2
1 0.752865 0.578704 0.059896 0.024074 0.722917 0.569444 2 0.782813 0.566667 2 0.782813 0.587037 2 0.722917 0.590741 2
0 0.533782 0.343064 0.020242 0.007197 0.523661 0.339466 2 0.543903 0.341265 2 0.543614 0.346663 2 0.523661 0.345635 2
0 0.508986 0.338952 0.022989 0.009767 0.497492 0.334068 2 0.520336 0.336125 2 0.520481 0.343836 2 0.497637 0.339980 2
0 0.418293 0.324279 0.024367 0.010663 0.406109 0.318948 2 0.430102 0.323169 2 0.430476 0.329611 2 0.406109 0.325390 2
0 0.387544 0.318547 0.024581 0.012043 0.375254 0.312525 2 0.399835 0.316310 2 0.399835 0.324569 2 0.375447 0.320440 2
0 0.276637 0.299415 0.028259 0.013076 0.262508 0.292877 2 0.290767 0.297351 2 0.290767 0.305953 2 0.262508 0.301824 2
0 0.240540 0.293394 0.029227 0.012731 0.226119 0.287028 2 0.255153 0.290469 2 0.254572 0.299759 2 0.225926 0.295974 2
0 0.196982 0.285638 0.034276 0.015166 0.179844 0.278056 2 0.214119 0.282554 2 0.213926 0.293221 2 0.180441 0.288404 2
0 0.146375 0.278253 0.037937 0.015484 0.127407 0.270511 2 0.165344 0.277049 2 0.165344 0.285995 2 0.127794 0.280146 2
0 0.051321 0.261530 0.040259 0.018237 0.031191 0.252412 2 0.071450 0.261358 2 0.071450 0.270649 2 0.031578 0.263423 2
