0 0.461719 0.570833 0.056771 0.017593 0.433854 0.562037 2 0.490104 0.562037 2 0.489583 0.578704 2 0.433333 0.579630 2
1 0.423958 0.567593 0.019792 0.025926 0.414583 0.554630 2 0.433854 0.563889 2 0.433854 0.580556 2 0.414062 0.569444 2
0 0.057998 0.312541 0.033872 0.015103 0.041836 0.304990 2 0.074934 0.310151 2 0.074531 0.320093 2 0.041062 0.314968 2
0 0.140956 0.323708 0.031743 0.014108 0.125859 0.316654 2 0.156827 0.321472 2 0.156440 0.330762 2 0.125084 0.326289 2
0 0.177376 0.328985 0.029777 0.012491 0.162487 0.322739 2 0.192264 0.326308 2 0.192264 0.335230 2 0.162654 0.331364 2
0 0.212883 0.332783 0.029061 0.012338 0.198786 0.326614 2 0.227413 0.330727 2 0.227269 0.338952 2 0.198352 0.334840 2
0 0.282464 0.343317 0.023976 0.010176 0.270476 0.338229 2 0.294452 0.340725 2 0.294344 0.348405 2 0.270692 0.345909 2
0 0.311806 0.346303 0.024434 0.011566 0.300022 0.340520 2 0.323734 0.343604 2 0.324023 0.352087 2 0.299589 0.349002 2
0 0.398598 0.359207 0.022121 0.009510 0.387827 0.354451 2 0.409514 0.356765 2 0.409659 0.363962 2 0.387538 0.360363 2
0 0.422916 0.362512 0.020493 0.009774 0.412670 0.357624 2 0.433038 0.359623 2 0.433163 0.367399 2 0.413045 0.364733 2
0 0.518066 0.375016 0.016092 0.006528 0.510344 0.371752 2 0.526004 0.373288 2 0.526112 0.378280 2 0.510020 0.377704 2
0 0.538560 0.377788 0.014561 0.007799 0.531280 0.373889 2 0.545841 0.375382 2 0.545841 0.381688 2 0.531653 0.380360 2
0 0.558096 0.381242 0.015167 0.006884 0.550754 0.377800 2 0.565518 0.378374 2 0.565679 0.384684 2 0.550512 0.383250 2
