0 0.652344 0.576389 0.068229 0.019444 0.618750 0.567593 2 0.686458 0.566667 2 0.686458 0.585185 2 0.618229 0.586111 2
0 0.517188 0.575000 0.065625 0.018519 0.484375 0.565741 2 0.550000 0.565741 2 0.550000 0.584259 2 0.484375 0.584259 2
0 0.583333 0.575463 0.064583 0.021296 0.551042 0.564815 2 0.615625 0.567593 2 0.615625 0.586111 2 0.551042 0.584259 2
0 0.409661 0.373417 0.018275 0.007073 0.400599 0.370402 2 0.418573 0.369880 2 0.418799 0.376432 2 0.400524 0.376953 2
0 0.434785 0.372859 0.018590 0.006587 0.425490 0.370375 2 0.443950 0.369566 2 0.444080 0.375690 2 0.425620 0.376152 2
0 0.459779 0.373399 0.020014 0.006033 0.449772 0.370382 2 0.469525 0.370382 2 0.469786 0.376415 2 0.450033 0.376261 2
0 0.532452 0.371000 0.019330 0.007696 0.522786 0.367509 2 0.542016 0.367151 2 0.542117 0.374132 2 0.522786 0.374848 2
0 0.509215 0.371333 0.019110 0.006702 0.499725 0.367982 2 0.518640 0.368329 2 0.518770 0.374685 2 0.499660 0.374338 2
0 0.483969 0.372625 0.019492 0.005724 0.474223 0.369764 2 0.493628 0.370228 2 0.493715 0.375487 2 0.474375 0.375370 2
0 0.663638 0.367093 0.021133 0.007875 0.653072 0.364492 2 0.674204 0.363155 2 0.674204 0.369961 2 0.653071 0.371030 2
0 0.771302 0.365277 0.023494 0.008199 0.759555 0.361951 2 0.782701 0.361178 2 0.783049 0.368294 2 0.759729 0.369377 2
0 0.584800 0.369346 0.020456 0.007220 0.574572 0.366271 2 0.595028 0.365736 2 0.595028 0.372688 2 0.574873 0.372955 2
0 0.881237 0.363143 0.021667 0.008044 0.870577 0.360203 2 0.892070 0.359121 2 0.891896 0.366082 2 0.870404 0.367165 2
0 0.969165 0.360526 0.022599 0.007455 0.957982 0.357419 2 0.980115 0.356798 2 0.980464 0.364253 2 0.957866 0.363839 2
0 0.557831 0.369803 0.021084 0.007662 0.547289 0.367629 2 0.568373 0.365972 2 0.568373 0.373013 2 0.547638 0.373634 2
0 0.855811 0.363730 0.022787 0.008022 0.844417 0.359720 2 0.867054 0.359853 2 0.867204 0.366939 2 0.844492 0.367741 2
0 0.386829 0.373309 0.018626 0.006264 0.377516 0.370874 2 0.396041 0.370176 2 0.396142 0.376083 2 0.377718 0.376441 2
