1 0.594271 0.601389 0.028125 0.041667 0.580729 0.580556 2 0.608333 0.596296 2 0.608333 0.622222 2 0.580208 0.602778 2
0 0.648438 0.609259 0.081250 0.024074 0.608333 0.597222 2 0.689063 0.598148 2 0.689063 0.621296 2 0.607812 0.621296 2
1 0.832292 0.571759 0.044792 0.021296 0.810417 0.561111 2 0.854688 0.566667 2 0.854167 0.582407 2 0.809896 0.575926 2
0 0.226148 0.331253 0.029113 0.009953 0.211591 0.326276 2 0.240704 0.327868 2 0.240704 0.336229 2 0.211815 0.334637 2
0 0.123221 0.324206 0.029113 0.011148 0.109112 0.318632 2 0.137554 0.320622 2 0.137777 0.329779 2 0.108664 0.328585 2
0 0.157630 0.326965 0.027344 0.012366 0.143981 0.320782 2 0.171302 0.323148 2 0.171094 0.333148 2 0.143958 0.330741 2
0 0.192578 0.328346 0.027322 0.009555 0.178917 0.323569 2 0.206015 0.325559 2 0.206239 0.333124 2 0.178917 0.331929 2
0 0.323845 0.337610 0.025356 0.009979 0.311167 0.332621 2 0.336523 0.334341 2 0.336523 0.342599 2 0.312135 0.341567 2
0 0.354523 0.339959 0.025411 0.009517 0.341968 0.335201 2 0.367228 0.336687 2 0.366893 0.344717 2 0.341817 0.343230 2
0 0.418969 0.344390 0.024758 0.008327 0.406590 0.340226 2 0.431349 0.341416 2 0.431349 0.348553 2 0.407092 0.347661 2
0 0.448869 0.346046 0.023422 0.008739 0.437303 0.341677 2 0.460580 0.342705 2 0.460580 0.350416 2 0.437158 0.349902 2
0 0.477742 0.347177 0.023133 0.010281 0.466176 0.342036 2 0.489309 0.344093 2 0.489164 0.352318 2 0.466609 0.350519 2
0 0.565749 0.354554 0.021976 0.009253 0.554761 0.349928 2 0.576737 0.351984 2 0.576737 0.359181 2 0.554906 0.357639 2
0 0.592511 0.356482 0.021976 0.009768 0.581523 0.351598 2 0.603210 0.353912 2 0.603500 0.361366 2 0.581957 0.359052 2
0 0.703839 0.364656 0.019808 0.007968 0.693936 0.360672 2 0.713743 0.361700 2 0.713454 0.368640 2 0.694225 0.367868 2
0 0.729766 0.366221 0.017994 0.007998 0.720769 0.362222 2 0.738764 0.362667 2 0.738764 0.369998 2 0.720769 0.370220 2
0 0.753518 0.367894 0.018073 0.007197 0.744481 0.364296 2 0.762554 0.365067 2 0.762554 0.371493 2 0.744626 0.370722 2
