0 0.768490 0.637500 0.082813 0.058333 0.728125 0.608333 2 0.809896 0.634259 2 0.808854 0.666667 2 0.727083 0.637037 2
1 0.865885 0.649074 0.114063 0.038889 0.808854 0.637963 2 0.922396 0.629630 2 0.922917 0.659259 2 0.809375 0.668519 2
0 0.610268 0.334321 0.021493 0.008219 0.599521 0.330211 2 0.620889 0.331766 2 0.621014 0.338430 2 0.599646 0.337097 2
0 0.102359 0.268716 0.034449 0.016087 0.085134 0.260673 2 0.119583 0.263333 2 0.119271 0.276759 2 0.085469 0.273758 2
0 0.151095 0.275245 0.034126 0.013978 0.134701 0.268256 2 0.168008 0.272123 2 0.168158 0.282234 2 0.134032 0.277476 2
0 0.203957 0.281253 0.034963 0.015167 0.186476 0.273669 2 0.221439 0.277833 2 0.221439 0.288836 2 0.186643 0.283780 2
0 0.250935 0.287158 0.034114 0.012218 0.234378 0.281049 2 0.267992 0.283937 2 0.267992 0.293267 2 0.233878 0.289713 2
0 0.248643 0.363079 0.032599 0.012639 0.232344 0.356759 2 0.264568 0.360068 2 0.264943 0.369398 2 0.232453 0.365844 2
0 0.335625 0.298345 0.031250 0.012199 0.320000 0.292245 2 0.351115 0.295578 2 0.351250 0.304444 2 0.320500 0.301353 2
0 0.373253 0.304407 0.028916 0.011052 0.359084 0.298881 2 0.387567 0.300937 2 0.387711 0.309933 2 0.358795 0.306849 2
0 0.412507 0.309547 0.028483 0.010539 0.398266 0.304278 2 0.426459 0.305589 2 0.426748 0.314817 2 0.398266 0.312246 2
0 0.516692 0.323582 0.024001 0.010795 0.504692 0.318184 2 0.528693 0.319726 2 0.528404 0.328979 2 0.504981 0.325638 2
0 0.551175 0.326537 0.024145 0.010538 0.539681 0.321268 2 0.563103 0.324353 2 0.563248 0.331807 2 0.539103 0.329236 2
0 0.580092 0.330779 0.023856 0.009767 0.568309 0.325895 2 0.591731 0.327694 2 0.592020 0.335662 2 0.568164 0.334891 2
0 0.638747 0.338431 0.023015 0.009330 0.627387 0.333766 2 0.649880 0.335320 2 0.650255 0.343095 2 0.627240 0.341111 2
