0 0.445052 0.749074 0.210938 0.074074 0.340625 0.712037 2 0.550000 0.728704 2 0.550521 0.786111 2 0.339583 0.768519 2
0 0.081510 0.711574 0.141146 0.067593 0.010937 0.677778 2 0.152083 0.691667 2 0.150521 0.745370 2 0.017188 0.728704 2
0 0.245833 0.729630 0.187500 0.072222 0.152083 0.693519 2 0.339583 0.711111 2 0.339062 0.765741 2 0.152083 0.747222 2
0 0.623774 0.339652 0.022768 0.007485 0.612702 0.335909 2 0.635158 0.335909 2 0.635002 0.342563 2 0.612390 0.343395 2
0 0.693563 0.338013 0.026163 0.007699 0.681564 0.335126 2 0.706464 0.334163 2 0.706644 0.341862 2 0.680481 0.341862 2
0 0.762886 0.338494 0.025983 0.008661 0.750255 0.335126 2 0.775877 0.334163 2 0.775155 0.342503 2 0.749894 0.342824 2
0 0.797641 0.338652 0.024614 0.008599 0.786426 0.335743 2 0.809948 0.334352 2 0.808750 0.342685 2 0.785334 0.342951 2
0 0.833700 0.339476 0.027778 0.009877 0.821260 0.334538 2 0.847589 0.334538 2 0.843966 0.343127 2 0.819811 0.344415 2
0 0.376469 0.339549 0.021161 0.007428 0.365889 0.336315 2 0.386376 0.335835 2 0.387050 0.343263 2 0.367102 0.343263 2
0 0.345496 0.339621 0.023183 0.006709 0.333905 0.336267 2 0.356683 0.336506 2 0.357088 0.342976 2 0.334040 0.342257 2
0 0.289695 0.339384 0.020328 0.007472 0.279531 0.335648 2 0.299725 0.336171 2 0.299859 0.343120 2 0.279792 0.342407 2
0 0.318528 0.339464 0.024230 0.007662 0.306413 0.335840 2 0.330293 0.335633 2 0.330642 0.343296 2 0.306762 0.342674 2
0 0.435734 0.339846 0.024328 0.007208 0.423570 0.336242 2 0.446650 0.336242 2 0.447898 0.343450 2 0.424194 0.343173 2
0 0.406712 0.340345 0.021053 0.008317 0.396186 0.336464 2 0.416303 0.336187 2 0.417239 0.344504 2 0.397590 0.343395 2
