0 0.534115 0.631019 0.110938 0.043519 0.479167 0.609259 2 0.589583 0.619444 2 0.589063 0.652778 2 0.478646 0.639815 2
0 0.846284 0.305639 0.033624 0.012788 0.830141 0.302814 2 0.862427 0.299245 2 0.863096 0.307870 2 0.829472 0.312033 2
1 0.601651 0.624383 0.026689 0.061266 0.589083 0.619085 2 0.614995 0.593749 2 0.588306 0.655016 2 0.588306 0.655016 2
0 0.346422 0.352974 0.019224 0.008640 0.336810 0.350958 2 0.356034 0.348654 2 0.356034 0.355758 2 0.336810 0.357294 2
0 0.418317 0.346233 0.020412 0.007905 0.408111 0.343623 2 0.428307 0.342280 2 0.428523 0.348616 2 0.408333 0.350185 2
0 0.440889 0.344008 0.020196 0.008832 0.431115 0.342088 2 0.450987 0.339592 2 0.450987 0.347656 2 0.430791 0.348424 2
0 0.524221 0.336453 0.025492 0.009997 0.511850 0.333232 2 0.536342 0.331455 2 0.536967 0.339452 2 0.511475 0.341452 2
0 0.552462 0.333010 0.024992 0.010219 0.540091 0.330344 2 0.564583 0.327900 2 0.564958 0.335676 2 0.539966 0.338119 2
0 0.586886 0.328835 0.025743 0.011355 0.574015 0.325567 2 0.599564 0.323158 2 0.599758 0.331416 2 0.574208 0.334513 2
0 0.649621 0.322546 0.025591 0.010833 0.636826 0.318929 2 0.662417 0.317130 2 0.662417 0.325869 2 0.637135 0.327963 2
0 0.687140 0.319315 0.027471 0.011052 0.673694 0.315330 2 0.700875 0.313788 2 0.700875 0.323299 2 0.673405 0.324841 2
0 0.724068 0.316482 0.027991 0.010663 0.710073 0.313816 2 0.737689 0.311150 2 0.738064 0.318926 2 0.710073 0.321813 2
