0 0.563802 0.671296 0.144271 0.061111 0.492188 0.640741 2 0.635938 0.660185 2 0.634896 0.701852 2 0.491667 0.680556 2
0 0.433804 0.343964 0.019374 0.008482 0.424117 0.342036 2 0.443491 0.339723 2 0.443491 0.347177 2 0.424406 0.348205 2
0 0.457662 0.342280 0.018684 0.009216 0.448643 0.340552 2 0.466788 0.337672 2 0.467004 0.344200 2 0.448320 0.346888 2
0 0.543975 0.331370 0.023422 0.010024 0.532409 0.329442 2 0.555686 0.326357 2 0.555686 0.334583 2 0.532264 0.336382 2
0 0.575060 0.326614 0.025736 0.011310 0.562192 0.323530 2 0.587928 0.320960 2 0.587639 0.330213 2 0.562193 0.332269 2
0 0.609254 0.322759 0.026458 0.010795 0.596314 0.320445 2 0.622049 0.317361 2 0.622483 0.325329 2 0.596025 0.328157 2
0 0.718142 0.309951 0.031083 0.012943 0.702600 0.307462 2 0.733123 0.303479 2 0.733683 0.314100 2 0.702973 0.316423 2
0 0.758161 0.305262 0.032616 0.014592 0.741853 0.302574 2 0.774145 0.297966 2 0.774469 0.308718 2 0.741853 0.312558 2
0 0.800096 0.300286 0.034628 0.015167 0.782782 0.297461 2 0.816909 0.292702 2 0.817410 0.303409 2 0.783117 0.307870 2
0 0.893090 0.289953 0.037163 0.015828 0.874509 0.285479 2 0.911284 0.282038 2 0.911671 0.292361 2 0.874509 0.297867 2
0 0.941010 0.284315 0.038862 0.014662 0.921829 0.280316 2 0.959692 0.276984 2 0.960442 0.286758 2 0.921579 0.291646 2
1 0.648706 0.660221 0.028244 0.085681 0.662828 0.617381 2 0.662828 0.617381 2 0.634584 0.703062 2 0.634584 0.703062 2
