0 0.414844 0.730093 0.207813 0.067593 0.310937 0.708333 2 0.518750 0.696296 2 0.518750 0.749074 2 0.311458 0.763889 2
0 0.864062 0.586111 0.060417 0.022222 0.833854 0.575000 2 0.894271 0.575000 2 0.894271 0.596296 2 0.833854 0.597222 2
1 0.801042 0.581944 0.065625 0.032407 0.769271 0.565741 2 0.833854 0.575926 2 0.833333 0.598148 2 0.768229 0.587037 2
0 0.451389 0.315721 0.026766 0.008328 0.438174 0.311557 2 0.464772 0.311855 2 0.464772 0.319884 2 0.438007 0.319587 2
0 0.487185 0.318992 0.025100 0.008922 0.474642 0.314531 2 0.499735 0.314829 2 0.499735 0.323453 2 0.474635 0.322593 2
0 0.646156 0.333054 0.024992 0.009108 0.633910 0.328500 2 0.658527 0.329167 2 0.658652 0.337608 2 0.633660 0.336498 2
0 0.223604 0.295458 0.035420 0.012044 0.205893 0.289436 2 0.241120 0.292877 2 0.241314 0.301480 2 0.206302 0.299444 2
0 0.096158 0.286704 0.031115 0.010666 0.080768 0.281371 2 0.111716 0.282561 2 0.111406 0.292037 2 0.080601 0.289401 2
0 0.056627 0.282166 0.038090 0.011977 0.037581 0.276177 2 0.075672 0.279402 2 0.075413 0.288154 2 0.037582 0.286312 2
0 0.584179 0.326764 0.025912 0.009250 0.571223 0.322139 2 0.596928 0.323291 2 0.597135 0.331389 2 0.571440 0.330011 2
0 0.263960 0.298899 0.036001 0.012043 0.246540 0.292877 2 0.281960 0.295630 2 0.281960 0.304921 2 0.245959 0.302512 2
0 0.305864 0.303028 0.032324 0.011355 0.289702 0.297351 2 0.321832 0.298383 2 0.322026 0.308706 2 0.289896 0.307329 2
0 0.344188 0.306125 0.028840 0.010667 0.329768 0.300791 2 0.358414 0.301480 2 0.358608 0.311459 2 0.329962 0.309394 2
