0 0.753646 0.586574 0.073958 0.021296 0.716667 0.575926 2 0.790625 0.576852 2 0.790625 0.597222 2 0.716667 0.596296 2
0 0.678125 0.584722 0.076042 0.021296 0.640104 0.574074 2 0.716146 0.575000 2 0.715625 0.595370 2 0.640104 0.594444 2
0 0.601042 0.583796 0.073958 0.021296 0.564063 0.573148 2 0.638021 0.574074 2 0.638021 0.594444 2 0.564063 0.593519 2
0 0.501549 0.362117 0.020775 0.006507 0.491260 0.358863 2 0.511837 0.359391 2 0.511936 0.365019 2 0.491161 0.365370 2
0 0.476036 0.362697 0.019587 0.005980 0.466242 0.359707 2 0.485829 0.359707 2 0.485829 0.365159 2 0.466440 0.365687 2
0 0.450146 0.362187 0.017312 0.007211 0.441490 0.358582 2 0.458803 0.358582 2 0.458803 0.365792 2 0.441589 0.365441 2
0 0.423909 0.361576 0.019067 0.006384 0.414462 0.358384 2 0.433101 0.358384 2 0.433443 0.364768 2 0.414376 0.364616 2
0 0.396998 0.360710 0.020982 0.007738 0.386507 0.356840 2 0.407489 0.357016 2 0.407183 0.364579 2 0.386814 0.364051 2
0 0.466652 0.324650 0.017426 0.006070 0.458024 0.321615 2 0.475210 0.322071 2 0.475365 0.327685 2 0.457938 0.327087 2
0 0.552357 0.363207 0.019687 0.006156 0.542514 0.360129 2 0.562102 0.360481 2 0.562201 0.366285 2 0.542514 0.365933 2
0 0.580512 0.363647 0.021170 0.005804 0.570026 0.360745 2 0.590899 0.360745 2 0.591097 0.366197 2 0.569927 0.366549 2
0 0.605590 0.363611 0.022357 0.006332 0.594708 0.360446 2 0.616769 0.360446 2 0.616769 0.366777 2 0.594411 0.366250 2
0 0.791869 0.366056 0.022951 0.007210 0.780789 0.362451 2 0.803344 0.363154 2 0.803344 0.369661 2 0.780393 0.369310 2
0 0.526008 0.362662 0.019776 0.007210 0.516120 0.359057 2 0.535698 0.359760 2 0.535896 0.366267 2 0.516121 0.365388 2
