0 0.635417 0.676389 0.151042 0.045370 0.559896 0.653704 2 0.710938 0.661111 2 0.710938 0.699074 2 0.559896 0.690741 2
0 0.790365 0.683796 0.157813 0.043519 0.711979 0.662037 2 0.869271 0.666667 2 0.868750 0.705556 2 0.711458 0.700926 2
0 0.934635 0.690833 0.130729 0.042778 0.869271 0.669444 2 0.000000 0.000000 0 0.000000 0.000000 0 0.869271 0.708333 2
0 0.918060 0.347720 0.029318 0.009426 0.903401 0.343007 2 0.932095 0.343838 2 0.932719 0.352433 2 0.904493 0.352433 2
0 0.885998 0.348330 0.027602 0.009149 0.872196 0.343755 2 0.899331 0.345142 2 0.899799 0.352904 2 0.872352 0.352072 2
0 0.783260 0.348940 0.028382 0.009426 0.769225 0.344504 2 0.797451 0.344227 2 0.797139 0.351712 2 0.769069 0.353653 2
0 0.753299 0.348783 0.027491 0.008491 0.740020 0.344538 2 0.766230 0.344538 2 0.767045 0.351786 2 0.739554 0.353029 2
0 0.653468 0.349902 0.025162 0.008284 0.640887 0.345760 2 0.665816 0.345760 2 0.666049 0.353836 2 0.641586 0.354044 2
0 0.624358 0.350722 0.023991 0.007487 0.612363 0.346978 2 0.635977 0.348047 2 0.636353 0.354331 2 0.612363 0.354465 2
0 0.591578 0.351434 0.024113 0.008283 0.580104 0.347293 2 0.603285 0.347914 2 0.603634 0.355576 2 0.579521 0.355369 2
0 0.560708 0.351227 0.023880 0.008697 0.548768 0.346879 2 0.572648 0.347499 2 0.572532 0.355576 2 0.549001 0.355369 2
0 0.532867 0.352470 0.024812 0.008284 0.520577 0.348535 2 0.545273 0.348328 2 0.544574 0.356197 2 0.520461 0.356611 2
0 0.503123 0.353279 0.023452 0.009584 0.491397 0.348727 2 0.514849 0.348487 2 0.514580 0.358071 2 0.491532 0.356394 2
0 0.474145 0.353759 0.023452 0.010063 0.462419 0.348727 2 0.485602 0.349445 2 0.485871 0.358790 2 0.462419 0.357113 2
0 0.443617 0.353399 0.024126 0.008386 0.432093 0.350165 2 0.455411 0.349206 2 0.455680 0.357592 2 0.431554 0.356873 2
0 0.414437 0.354118 0.023182 0.008866 0.403115 0.350165 2 0.425759 0.349685 2 0.426028 0.358551 2 0.402846 0.358071 2
0 0.388020 0.353639 0.022643 0.007428 0.376698 0.349925 2 0.399072 0.349925 2 0.399342 0.357353 2 0.376698 0.356873 2
0 0.615435 0.292848 0.022948 0.008284 0.604077 0.288706 2 0.626909 0.288706 2 0.626443 0.295954 2 0.603960 0.296990 2
0 0.589644 0.293386 0.020735 0.006627 0.579277 0.290073 2 0.599895 0.290073 2 0.600011 0.296700 2 0.579509 0.296493 2
0 0.561618 0.293803 0.021244 0.007338 0.550996 0.290492 2 0.571938 0.290134 2 0.572240 0.296578 2 0.551299 0.297473 2
0 0.536631 0.294629 0.020273 0.008040 0.526495 0.290886 2 0.546300 0.290609 2 0.546768 0.298372 2 0.526963 0.298649 2
0 0.486169 0.295844 0.019330 0.006264 0.476504 0.293069 2 0.495835 0.292712 2 0.495734 0.298618 2 0.476504 0.298976 2
0 0.462308 0.296828 0.018324 0.006444 0.453146 0.293606 2 0.471470 0.293964 2 0.471470 0.299871 2 0.453147 0.300050 2
0 0.441001 0.296985 0.019189 0.007485 0.431406 0.294074 2 0.450596 0.293243 2 0.450596 0.299619 2 0.431882 0.300728 2
