0 0.472135 0.547685 0.045313 0.015741 0.449479 0.539815 2 0.494792 0.542593 2 0.494792 0.555556 2 0.450000 0.552778 2
0 0.294323 0.370561 0.017084 0.007296 0.285781 0.367500 2 0.302541 0.366913 2 0.302865 0.373249 2 0.285909 0.374209 2
0 0.250269 0.370657 0.018360 0.007104 0.241413 0.368066 2 0.259449 0.367105 2 0.259323 0.373704 2 0.241089 0.374209 2
0 0.272895 0.371042 0.016956 0.006336 0.264417 0.367874 2 0.281049 0.368065 2 0.281373 0.373441 2 0.264525 0.374209 2
0 0.309291 0.369697 0.015444 0.007488 0.301893 0.367490 2 0.316797 0.365953 2 0.317013 0.373249 2 0.301569 0.373441 2
0 0.359511 0.369793 0.017604 0.005376 0.350709 0.367298 2 0.367989 0.367105 2 0.368313 0.372481 2 0.350925 0.372481 2
0 0.382731 0.369505 0.018900 0.006336 0.373281 0.366722 2 0.391857 0.366337 2 0.392181 0.372289 2 0.373497 0.372673 2
0 0.405809 0.369010 0.018202 0.006638 0.396708 0.366023 2 0.414443 0.365691 2 0.414909 0.371665 2 0.396708 0.372329 2
0 0.450548 0.367948 0.019042 0.006306 0.441027 0.365459 2 0.459975 0.364795 2 0.460068 0.371101 2 0.441213 0.370769 2
0 0.476599 0.367815 0.018109 0.006638 0.467545 0.364662 2 0.485000 0.364496 2 0.485654 0.370802 2 0.467545 0.371134 2
0 0.523434 0.366933 0.018684 0.007296 0.514091 0.363668 2 0.532452 0.363285 2 0.532776 0.370197 2 0.514092 0.370581 2
0 0.548536 0.367244 0.018797 0.007028 0.539137 0.363731 2 0.557531 0.363730 2 0.557934 0.370758 2 0.539541 0.370328 2
0 0.573722 0.366786 0.019789 0.007301 0.564015 0.363136 2 0.582870 0.363301 2 0.583616 0.369773 2 0.563828 0.370437 2
0 0.623333 0.366421 0.019695 0.007633 0.613486 0.362605 2 0.632901 0.363102 2 0.633181 0.370238 2 0.613486 0.369408 2
0 0.651388 0.365957 0.019686 0.007467 0.641545 0.362555 2 0.660960 0.362223 2 0.661231 0.369192 2 0.641545 0.369690 2
0 0.676490 0.365877 0.021080 0.007175 0.665950 0.362578 2 0.686868 0.362289 2 0.687030 0.369465 2 0.666137 0.369176 2
0 0.730360 0.365475 0.021469 0.007467 0.719625 0.361908 2 0.740908 0.361742 2 0.741094 0.368379 2 0.719626 0.369209 2
0 0.756449 0.364978 0.020442 0.007136 0.746415 0.361576 2 0.766390 0.361410 2 0.766670 0.368379 2 0.746228 0.368545 2
0 0.782492 0.363982 0.020629 0.008463 0.772177 0.360414 2 0.792619 0.359750 2 0.792806 0.367881 2 0.772271 0.368213 2
