0 0.748437 0.590278 0.085417 0.028704 0.706250 0.575926 2 0.791146 0.581481 2 0.791146 0.604630 2 0.705729 0.598148 2
0 0.667188 0.585185 0.079167 0.025926 0.628125 0.572222 2 0.706771 0.577778 2 0.706771 0.598148 2 0.627604 0.592593 2
0 0.838802 0.597685 0.096354 0.028704 0.791146 0.583333 2 0.886979 0.587963 2 0.886458 0.612037 2 0.790625 0.607407 2
0 0.614300 0.368325 0.021232 0.007580 0.603684 0.365927 2 0.624742 0.364535 2 0.624916 0.370877 2 0.603859 0.372115 2
0 0.588762 0.370181 0.019752 0.007271 0.578885 0.368402 2 0.598377 0.366546 2 0.598638 0.372734 2 0.578885 0.373817 2
0 0.563136 0.373198 0.019317 0.007425 0.553912 0.370104 2 0.572533 0.369485 2 0.572794 0.375673 2 0.553477 0.376910 2
0 0.540642 0.374435 0.019752 0.008044 0.530853 0.372734 2 0.550344 0.370413 2 0.550518 0.377529 2 0.530766 0.378457 2
0 0.858043 0.346019 0.030730 0.010543 0.842678 0.343383 2 0.873004 0.340747 2 0.873408 0.349613 2 0.843621 0.351290 2
0 0.823213 0.350918 0.022250 0.010202 0.812088 0.348501 2 0.834237 0.345816 2 0.834338 0.354229 2 0.812692 0.356019 2
0 0.786012 0.354052 0.020538 0.011808 0.775743 0.349575 2 0.795781 0.348148 2 0.796281 0.356556 2 0.776347 0.359956 2
0 0.756362 0.356198 0.024868 0.008949 0.743928 0.353692 2 0.768695 0.351723 2 0.768796 0.358524 2 0.744734 0.360672 2
0 0.724151 0.358793 0.026490 0.010202 0.710905 0.355481 2 0.737283 0.353692 2 0.737396 0.361944 2 0.711107 0.363894 2
0 0.693891 0.361657 0.019934 0.007696 0.684125 0.358524 2 0.703657 0.357808 2 0.703858 0.364252 2 0.683923 0.365505 2
0 0.668368 0.363536 0.022854 0.009307 0.657143 0.360494 2 0.679594 0.358882 2 0.679796 0.366221 2 0.656941 0.368190 2
0 0.641319 0.367010 0.022711 0.009591 0.630050 0.363761 2 0.652587 0.362214 2 0.652674 0.369021 2 0.629963 0.371805 2
