1 0.394531 0.561111 0.017188 0.022222 0.386458 0.550000 2 0.403125 0.556481 2 0.403125 0.572222 2 0.385937 0.562963 2
0 0.781510 0.577778 0.053646 0.024074 0.755208 0.565741 2 0.808333 0.572222 2 0.807813 0.589815 2 0.754687 0.583333 2
0 0.429427 0.563426 0.051563 0.015741 0.404167 0.555556 2 0.455208 0.555556 2 0.454688 0.570370 2 0.403646 0.571296 2
0 0.667969 0.553241 0.029688 0.015741 0.653125 0.545370 2 0.682292 0.549074 2 0.682813 0.561111 2 0.653125 0.557407 2
1 0.825781 0.579630 0.035937 0.020370 0.807813 0.572222 2 0.843750 0.569444 2 0.842708 0.586111 2 0.807813 0.589815 2
1 0.699740 0.554630 0.034896 0.012963 0.682813 0.548148 2 0.717187 0.548148 2 0.717187 0.560185 2 0.682292 0.561111 2
0 0.070965 0.308256 0.034795 0.016059 0.053568 0.300227 2 0.088363 0.305580 2 0.088196 0.316286 2 0.053567 0.311230 2
0 0.167075 0.256568 0.024367 0.011552 0.154891 0.250792 2 0.179258 0.253014 2 0.179133 0.262344 2 0.155016 0.259234 2
0 0.151892 0.320547 0.029990 0.011996 0.137147 0.314549 2 0.166887 0.318104 2 0.166887 0.326545 2 0.136897 0.322324 2
0 0.228928 0.268014 0.024300 0.013056 0.216994 0.261486 2 0.241078 0.265710 2 0.240862 0.274542 2 0.216778 0.269934 2
0 0.224219 0.331455 0.028366 0.013995 0.210161 0.324457 2 0.238401 0.328900 2 0.238152 0.338453 2 0.210036 0.333787 2
0 0.257020 0.336787 0.025492 0.012218 0.244274 0.330678 2 0.269766 0.334676 2 0.269641 0.342896 2 0.244399 0.338897 2
0 0.293247 0.341464 0.024082 0.009790 0.281206 0.336569 2 0.305288 0.339223 2 0.305195 0.346359 2 0.281393 0.343704 2
0 0.313885 0.285724 0.020629 0.008795 0.303571 0.281326 2 0.323906 0.283611 2 0.324199 0.290121 2 0.303757 0.286636 2
0 0.352124 0.350939 0.022356 0.009792 0.340946 0.346043 2 0.363194 0.348155 2 0.363302 0.355835 2 0.340946 0.352187 2
0 0.381392 0.356507 0.020844 0.009792 0.371294 0.351611 2 0.391706 0.353915 2 0.391814 0.361403 2 0.370970 0.358139 2
0 0.457663 0.368895 0.018686 0.007685 0.448529 0.365053 2 0.466797 0.366416 2 0.467006 0.372738 2 0.448320 0.370507 2
0 0.484040 0.372751 0.018338 0.007437 0.474871 0.369032 2 0.493000 0.370023 2 0.493209 0.376469 2 0.474871 0.374362 2
0 0.546720 0.381636 0.015126 0.007500 0.539157 0.377886 2 0.554283 0.379494 2 0.554283 0.385386 2 0.539157 0.384100 2
0 0.566456 0.385118 0.014463 0.006964 0.559345 0.381636 2 0.573687 0.381851 2 0.573687 0.388600 2 0.559225 0.387100 2
0 0.584679 0.387957 0.014583 0.007606 0.577387 0.384154 2 0.591971 0.385011 2 0.591971 0.391760 2 0.577508 0.391010 2
0 0.586721 0.454770 0.013953 0.007311 0.579815 0.451115 2 0.593646 0.452315 2 0.593698 0.458426 2 0.579745 0.457065 2
0 0.024660 0.301892 0.039145 0.016357 0.005590 0.293714 2 0.044233 0.299067 2 0.043731 0.310070 2 0.005088 0.302635 2
0 0.020110 0.228236 0.030446 0.016101 0.005208 0.220185 2 0.035333 0.225877 2 0.034497 0.236286 2 0.004887 0.229743 2
0 0.096058 0.242234 0.029442 0.013680 0.081838 0.235394 2 0.110612 0.238963 2 0.110779 0.249074 2 0.081337 0.245803 2
0 0.110194 0.313758 0.032621 0.013978 0.094218 0.306769 2 0.126504 0.311230 2 0.126337 0.320747 2 0.093883 0.316881 2
