0 0.481771 0.728241 0.188542 0.071296 0.388021 0.692593 2 0.576042 0.708333 2 0.576042 0.763889 2 0.387500 0.742593 2
0 0.306771 0.707407 0.161458 0.066667 0.226042 0.674074 2 0.387500 0.689815 2 0.386458 0.740741 2 0.226562 0.719444 2
0 0.158333 0.688889 0.135417 0.064815 0.091146 0.656481 2 0.226042 0.672222 2 0.225521 0.721296 2 0.090625 0.700926 2
0 0.677337 0.333674 0.029019 0.008536 0.662828 0.330891 2 0.691220 0.329406 2 0.691847 0.337571 2 0.663872 0.337943 2
0 0.348470 0.350040 0.020639 0.007159 0.338151 0.347356 2 0.358790 0.346461 2 0.358790 0.353620 2 0.338151 0.353441 2
0 0.376283 0.348183 0.020502 0.008077 0.366031 0.345595 2 0.386301 0.344145 2 0.386534 0.351807 2 0.366032 0.352221 2
0 0.401270 0.348390 0.023414 0.006834 0.389912 0.345388 2 0.412627 0.344973 2 0.412977 0.351807 2 0.389562 0.351807 2
0 0.430101 0.347044 0.021434 0.007869 0.419384 0.344144 2 0.440352 0.343109 2 0.440818 0.349529 2 0.419617 0.350979 2
0 0.459378 0.345029 0.022250 0.008591 0.448253 0.341986 2 0.470504 0.340733 2 0.470504 0.348072 2 0.448455 0.349325 2
0 0.487530 0.343834 0.024230 0.007869 0.475881 0.340727 2 0.499295 0.339899 2 0.499644 0.346526 2 0.475415 0.347769 2
0 0.750740 0.329184 0.029436 0.009279 0.737066 0.326400 2 0.765041 0.324544 2 0.765458 0.333081 2 0.736022 0.333823 2
0 0.825081 0.326144 0.029952 0.009944 0.810105 0.322776 2 0.839155 0.321172 2 0.840058 0.330154 2 0.810466 0.331116 2
0 0.863785 0.323834 0.028509 0.010585 0.850072 0.320787 2 0.878039 0.318542 2 0.877137 0.327202 2 0.849530 0.329127 2
0 0.904949 0.321885 0.027498 0.008955 0.891200 0.318198 2 0.918698 0.317407 2 0.918073 0.326111 2 0.891200 0.326363 2
