1 0.592969 0.611111 0.060937 0.044444 0.562500 0.603704 2 0.623437 0.588889 2 0.623437 0.614815 2 0.563021 0.633333 2
0 0.527083 0.612037 0.070833 0.038889 0.492188 0.592593 2 0.562500 0.602778 2 0.562500 0.631481 2 0.491667 0.618519 2
0 0.318266 0.324462 0.022680 0.014976 0.307034 0.316974 2 0.329606 0.324078 2 0.329498 0.331950 2 0.306926 0.324270 2
0 0.347048 0.332910 0.021924 0.013440 0.336086 0.326190 2 0.358010 0.331758 2 0.357470 0.339630 2 0.336086 0.333678 2
0 0.352308 0.358907 0.018144 0.010752 0.343668 0.353531 2 0.361380 0.357371 2 0.361164 0.364283 2 0.343236 0.359675 2
0 0.392399 0.369481 0.016054 0.010183 0.384857 0.364390 2 0.400427 0.367689 2 0.400427 0.374573 2 0.384372 0.370557 2
0 0.058211 0.245151 0.049163 0.023399 0.034597 0.233452 2 0.082792 0.245839 2 0.082212 0.256850 2 0.033630 0.243775 2
0 0.113084 0.262184 0.041227 0.020990 0.093051 0.251689 2 0.133697 0.263732 2 0.133310 0.272679 2 0.092470 0.261668 2
0 0.126633 0.299863 0.035033 0.017893 0.109309 0.290916 2 0.143956 0.299174 2 0.144149 0.308809 2 0.109116 0.300207 2
0 0.212552 0.290882 0.029420 0.016516 0.197841 0.282624 2 0.227262 0.290537 2 0.226487 0.299140 2 0.198035 0.293978 2
0 0.250854 0.303587 0.028604 0.015974 0.237052 0.295600 2 0.264668 0.302486 2 0.265156 0.311574 2 0.236552 0.303153 2
0 0.285973 0.314816 0.026616 0.014884 0.273165 0.307374 2 0.299282 0.314260 2 0.299157 0.322258 2 0.272665 0.314927 2
