1 0.431250 0.589815 0.023958 0.035185 0.419792 0.572222 2 0.443229 0.584259 2 0.443229 0.607407 2 0.419271 0.592593 2
0 0.478646 0.594907 0.068750 0.021296 0.444271 0.585185 2 0.513021 0.584259 2 0.512500 0.603704 2 0.444271 0.605556 2
1 0.635417 0.559259 0.032292 0.016667 0.619271 0.550926 2 0.651563 0.553704 2 0.651042 0.567593 2 0.619271 0.563889 2
0 0.179521 0.319030 0.033145 0.011944 0.162949 0.313058 2 0.196094 0.316243 2 0.195198 0.325002 2 0.163173 0.323011 2
0 0.290461 0.336390 0.024256 0.009814 0.278500 0.331483 2 0.302589 0.333565 2 0.302422 0.341297 2 0.278332 0.338620 2
0 0.321626 0.341129 0.025648 0.010135 0.309057 0.336061 2 0.334450 0.338365 2 0.334450 0.346196 2 0.308802 0.343889 2
0 0.410468 0.354927 0.021109 0.009485 0.399914 0.350184 2 0.421023 0.352986 2 0.421023 0.359669 2 0.400203 0.356328 2
0 0.440165 0.359914 0.019740 0.008625 0.430295 0.355602 2 0.449867 0.357386 2 0.450034 0.364226 2 0.430295 0.362442 2
0 0.540035 0.374857 0.019967 0.008232 0.530052 0.370741 2 0.550019 0.372289 2 0.549730 0.378972 2 0.530356 0.377173 2
0 0.562250 0.377751 0.018651 0.008199 0.553070 0.373652 2 0.571431 0.375708 2 0.571576 0.381851 2 0.552925 0.380052 2
0 0.142682 0.313854 0.027994 0.014333 0.128685 0.306688 2 0.156679 0.311067 2 0.156455 0.321021 2 0.128685 0.317039 2
