0 0.819010 0.594444 0.065104 0.038889 0.786979 0.575000 2 0.851562 0.587037 2 0.851562 0.613889 2 0.786458 0.599074 2
1 0.890104 0.600926 0.081250 0.025926 0.849479 0.588889 2 0.930729 0.587963 2 0.930729 0.612963 2 0.849479 0.613889 2
0 0.210677 0.639815 0.148438 0.044444 0.136458 0.623148 2 0.284896 0.617593 2 0.284896 0.656481 2 0.136979 0.662037 2
0 0.597376 0.334769 0.020690 0.010834 0.587031 0.329352 2 0.607288 0.332218 2 0.607721 0.340186 2 0.587046 0.337616 2
0 0.676880 0.343604 0.022538 0.009214 0.665611 0.338997 2 0.688149 0.339426 2 0.687968 0.348211 2 0.665912 0.347140 2
0 0.806565 0.312838 0.014095 0.007468 0.799797 0.309105 2 0.813612 0.310266 2 0.813612 0.316572 2 0.799517 0.315245 2
0 0.682065 0.367894 0.018246 0.015782 0.673202 0.360003 2 0.691188 0.361777 2 0.690943 0.375554 2 0.672942 0.375785 2
0 0.512150 0.348916 0.019493 0.010219 0.502403 0.343806 2 0.521397 0.345361 2 0.521897 0.354025 2 0.503153 0.354025 2
0 0.077354 0.276251 0.037238 0.015328 0.058735 0.268586 2 0.095973 0.270808 2 0.095723 0.283915 2 0.059110 0.278583 2
0 0.125416 0.280379 0.035435 0.011712 0.107699 0.274523 2 0.143133 0.274715 2 0.142906 0.286235 2 0.107698 0.283931 2
0 0.251222 0.295200 0.031865 0.013107 0.235290 0.288647 2 0.266780 0.291312 2 0.267155 0.301753 2 0.235290 0.296644 2
0 0.295722 0.299844 0.029807 0.012350 0.280818 0.293669 2 0.310625 0.295370 2 0.310625 0.306019 2 0.281615 0.302963 2
0 0.335098 0.304458 0.030073 0.013108 0.320351 0.297904 2 0.350134 0.301759 2 0.350134 0.311012 2 0.320061 0.305872 2
0 0.369653 0.308185 0.029495 0.014908 0.354906 0.300732 2 0.383677 0.304844 2 0.384400 0.315639 2 0.355628 0.312298 2
0 0.473862 0.321280 0.025867 0.010886 0.460929 0.315837 2 0.486796 0.316726 2 0.486171 0.326723 2 0.461054 0.325612 2
0 0.504390 0.325212 0.025616 0.009997 0.491582 0.320214 2 0.517073 0.321103 2 0.517198 0.330211 2 0.492081 0.327545 2
0 0.624710 0.337986 0.022410 0.010509 0.613794 0.332732 2 0.635915 0.334274 2 0.635781 0.343241 2 0.613505 0.341214 2
0 0.651704 0.341652 0.020595 0.009108 0.641633 0.337098 2 0.661876 0.338430 2 0.662001 0.346206 2 0.641406 0.345093 2
