0 0.679167 0.615278 0.104167 0.030556 0.627083 0.600000 2 0.731250 0.603704 2 0.731250 0.630556 2 0.627083 0.626852 2
0 0.784115 0.616204 0.104687 0.026852 0.731771 0.602778 2 0.836458 0.603704 2 0.836458 0.629630 2 0.732292 0.628704 2
0 0.577083 0.613426 0.103125 0.028704 0.526042 0.600000 2 0.628646 0.599074 2 0.628125 0.626852 2 0.525521 0.627778 2
0 0.505419 0.356484 0.022653 0.007338 0.494194 0.353173 2 0.516343 0.352815 2 0.516746 0.360153 2 0.494093 0.359437 2
0 0.477279 0.357558 0.021344 0.008412 0.466607 0.353889 2 0.487750 0.353352 2 0.487951 0.360690 2 0.466708 0.361764 2
0 0.368326 0.358372 0.022715 0.007662 0.357784 0.354541 2 0.379218 0.354748 2 0.379684 0.362203 2 0.356969 0.362203 2
0 0.449844 0.357110 0.021646 0.007517 0.439021 0.353531 2 0.460466 0.353352 2 0.460667 0.360869 2 0.439021 0.359974 2
0 0.422359 0.357826 0.021847 0.007875 0.411838 0.354068 2 0.432880 0.353889 2 0.433283 0.361406 2 0.411435 0.361764 2
0 0.557793 0.299298 0.018021 0.006622 0.548782 0.295987 2 0.566803 0.296166 2 0.566703 0.302609 2 0.548882 0.302430 2
0 0.792377 0.351650 0.024530 0.008147 0.780112 0.347577 2 0.804238 0.347576 2 0.804643 0.355004 2 0.780921 0.355723 2
0 0.822449 0.351601 0.023704 0.008872 0.810910 0.347720 2 0.834301 0.347165 2 0.834145 0.355760 2 0.810597 0.356037 2
0 0.531566 0.299477 0.018122 0.006622 0.522706 0.296166 2 0.540627 0.296345 2 0.540627 0.301893 2 0.522504 0.302788 2
0 0.508510 0.300014 0.018122 0.006980 0.499449 0.296703 2 0.517470 0.296524 2 0.517571 0.302788 2 0.499751 0.303504 2
0 0.461152 0.301092 0.018330 0.005990 0.451987 0.298097 2 0.470317 0.298816 2 0.470183 0.304087 2 0.452122 0.303847 2
0 0.437754 0.301571 0.017387 0.007907 0.429061 0.297617 2 0.446178 0.298576 2 0.446448 0.304806 2 0.429196 0.305525 2
0 0.581180 0.298332 0.018726 0.005728 0.571817 0.296184 2 0.590543 0.295468 2 0.590543 0.300837 2 0.572018 0.301195 2
0 0.417079 0.302050 0.018600 0.005990 0.407779 0.299534 2 0.425570 0.299055 2 0.426379 0.305045 2 0.408453 0.304806 2
0 0.605303 0.297723 0.020236 0.006264 0.595185 0.294949 2 0.615119 0.294591 2 0.615421 0.300855 2 0.595789 0.300676 2
0 0.393565 0.358006 0.021646 0.008233 0.382943 0.353889 2 0.404388 0.354068 2 0.404388 0.362122 2 0.382742 0.360690 2
0 0.616437 0.354093 0.022555 0.007511 0.605225 0.350337 2 0.627714 0.350800 2 0.627714 0.357733 2 0.605159 0.357849 2
0 0.589539 0.354541 0.021550 0.007455 0.578764 0.351227 2 0.600198 0.350813 2 0.600314 0.358268 2 0.579113 0.358268 2
0 0.559554 0.355661 0.022049 0.006980 0.548530 0.352886 2 0.570579 0.352170 2 0.570579 0.359151 2 0.548832 0.358435 2
0 0.530861 0.356287 0.020841 0.007518 0.520541 0.352528 2 0.541180 0.352528 2 0.541281 0.359509 2 0.520441 0.360046 2
