0 0.315104 0.645833 0.135417 0.045370 0.247396 0.634259 2 0.382292 0.623148 2 0.382812 0.655556 2 0.247917 0.668519 2
0 0.164583 0.657407 0.163542 0.050000 0.082812 0.643519 2 0.245312 0.632407 2 0.246354 0.671296 2 0.083333 0.682407 2
0 0.046615 0.668056 0.071354 0.043519 0.011458 0.658333 2 0.081250 0.646296 2 0.082292 0.687037 2 0.010937 0.689815 2
0 0.153315 0.319137 0.031345 0.011367 0.137799 0.313453 2 0.168988 0.317057 2 0.168988 0.324820 2 0.137643 0.320384 2
0 0.111288 0.313453 0.032125 0.012753 0.095537 0.307076 2 0.127350 0.311235 2 0.127038 0.319830 2 0.095225 0.315117 2
0 0.065284 0.306522 0.037115 0.012753 0.047194 0.300146 2 0.083841 0.304859 2 0.083685 0.312899 2 0.046726 0.307908 2
0 0.020010 0.299969 0.036957 0.014171 0.002739 0.292884 2 0.038488 0.298037 2 0.037280 0.307055 2 0.000000 0.000000 0
0 0.446837 0.362746 0.021989 0.009981 0.435843 0.357756 2 0.457676 0.360805 2 0.457832 0.367736 2 0.435843 0.364132 2
0 0.471670 0.367111 0.019349 0.008905 0.462112 0.362658 2 0.481228 0.365351 2 0.481344 0.371563 2 0.461995 0.368250 2
0 0.362974 0.349893 0.024009 0.011505 0.350969 0.344141 2 0.374560 0.347110 2 0.374978 0.355646 2 0.350970 0.352306 2
0 0.225379 0.329546 0.026956 0.011046 0.211901 0.324023 2 0.238723 0.327138 2 0.238857 0.335069 2 0.211901 0.331211 2
0 0.190119 0.324404 0.030410 0.012476 0.175538 0.318166 2 0.205323 0.322048 2 0.205012 0.330642 2 0.174914 0.325929 2
