0 0.252604 0.587500 0.092708 0.026852 0.206250 0.575926 2 0.298958 0.574074 2 0.298958 0.598148 2 0.206771 0.600926 2
0 0.155208 0.591204 0.104167 0.026852 0.103125 0.580556 2 0.206771 0.577778 2 0.207292 0.601852 2 0.103125 0.604630 2
0 0.054948 0.595370 0.097396 0.025926 0.007292 0.585185 2 0.103125 0.582407 2 0.103646 0.603704 2 0.006250 0.608333 2
0 0.028715 0.315526 0.034102 0.012831 0.011664 0.309111 2 0.045766 0.313281 2 0.045225 0.321942 2 0.011664 0.316168 2
0 0.070666 0.320979 0.030313 0.011548 0.055510 0.315205 2 0.085823 0.318413 2 0.085462 0.326753 2 0.055521 0.323519 2
0 0.110542 0.326272 0.029952 0.010585 0.096288 0.320980 2 0.125158 0.323866 2 0.125518 0.331565 2 0.095566 0.328357 2
0 0.144735 0.331726 0.030854 0.011227 0.129849 0.326112 2 0.160162 0.329640 2 0.159981 0.337339 2 0.129308 0.334131 2
0 0.181092 0.335746 0.029591 0.012211 0.166658 0.329640 2 0.195888 0.333490 2 0.195365 0.341852 2 0.166297 0.337980 2
0 0.213210 0.340386 0.026704 0.011227 0.200579 0.334773 2 0.226381 0.338301 2 0.226562 0.346000 2 0.199857 0.342150 2
0 0.337078 0.355013 0.025081 0.011548 0.324538 0.349240 2 0.349438 0.353089 2 0.349618 0.360787 2 0.324899 0.357259 2
0 0.394131 0.363129 0.021833 0.009624 0.383937 0.358317 2 0.405048 0.359921 2 0.405048 0.367941 2 0.383215 0.365374 2
0 0.468046 0.373614 0.020429 0.008317 0.457831 0.369455 2 0.478105 0.370564 2 0.478261 0.377772 2 0.457832 0.376109 2
0 0.512179 0.379574 0.019805 0.009704 0.502588 0.374722 2 0.521925 0.376663 2 0.522081 0.384426 2 0.502276 0.381654 2
0 0.535657 0.382312 0.016879 0.008491 0.527218 0.378066 2 0.543980 0.379309 2 0.544097 0.386557 2 0.527450 0.384900 2
