0 0.555729 0.781019 0.234375 0.112037 0.440625 0.725000 2 0.672917 0.767593 2 0.671875 0.837037 2 0.438542 0.787037 2
0 0.347135 0.737963 0.182812 0.092593 0.257292 0.691667 2 0.438542 0.725926 2 0.438021 0.784259 2 0.255729 0.747222 2
0 0.833594 0.838889 0.324479 0.140741 0.674479 0.768519 2 0.995833 0.817593 2 0.995833 0.909259 2 0.671354 0.834259 2
0 0.420355 0.346969 0.019251 0.006063 0.410750 0.344474 2 0.429880 0.343937 2 0.429980 0.349307 2 0.410729 0.350000 2
0 0.448789 0.345121 0.021754 0.007580 0.437912 0.341795 2 0.459492 0.341331 2 0.459666 0.348137 2 0.437912 0.348911 2
0 0.473997 0.344053 0.021319 0.007735 0.463338 0.340496 2 0.484483 0.340186 2 0.484657 0.346683 2 0.463599 0.347921 2
0 0.502883 0.341418 0.022715 0.008090 0.491525 0.338615 2 0.514241 0.337373 2 0.514241 0.344000 2 0.491771 0.345463 2
0 0.533666 0.339174 0.022356 0.008698 0.522488 0.335861 2 0.544737 0.334825 2 0.544844 0.342870 2 0.523070 0.343523 2
0 0.564115 0.337834 0.025371 0.008949 0.551430 0.334791 2 0.576801 0.333359 2 0.576801 0.341413 2 0.552134 0.342308 2
0 0.596000 0.335383 0.025575 0.009149 0.583212 0.332195 2 0.608787 0.330808 2 0.608787 0.338571 2 0.583836 0.339957 2
0 0.627220 0.333165 0.026667 0.008872 0.614355 0.329561 2 0.640554 0.328729 2 0.639930 0.336769 2 0.613887 0.337601 2
0 0.815753 0.319087 0.033561 0.011548 0.799153 0.315879 2 0.831992 0.313313 2 0.832533 0.322295 2 0.798973 0.324861 2
0 0.509627 0.284644 0.019670 0.009417 0.499812 0.281876 2 0.519461 0.279935 2 0.519323 0.287407 2 0.499792 0.289352 2
0 0.530923 0.282444 0.021677 0.009454 0.520085 0.279658 2 0.541762 0.277717 2 0.541606 0.286034 2 0.520553 0.287171 2
0 0.555443 0.280298 0.019454 0.008905 0.545716 0.277089 2 0.564820 0.275846 2 0.565170 0.283301 2 0.546298 0.284751 2
0 0.608751 0.274423 0.022509 0.011501 0.597497 0.270589 2 0.619601 0.268672 2 0.620006 0.277778 2 0.597497 0.280174 2
0 0.667936 0.266050 0.022948 0.008698 0.656462 0.261909 2 0.679410 0.261701 2 0.679410 0.270399 2 0.656811 0.270399 2
0 0.829332 0.250057 0.028314 0.011227 0.815175 0.247010 2 0.842782 0.244443 2 0.843490 0.253426 2 0.816258 0.255670 2
