0 0.701042 0.577778 0.066667 0.018519 0.667708 0.569444 2 0.734375 0.568519 2 0.734375 0.586111 2 0.667708 0.587037 2
0 0.631510 0.577315 0.069271 0.019444 0.596875 0.567593 2 0.666146 0.567593 2 0.666146 0.587037 2 0.596875 0.587037 2
0 0.560156 0.579167 0.071354 0.019444 0.524479 0.570370 2 0.595833 0.569444 2 0.595833 0.587963 2 0.524479 0.588889 2
0 0.735482 0.368684 0.019898 0.007293 0.725533 0.365037 2 0.745431 0.366131 2 0.745431 0.372331 2 0.725533 0.371601 2
0 0.536313 0.363715 0.018673 0.005415 0.526977 0.361007 2 0.545650 0.361007 2 0.545517 0.366187 2 0.526976 0.366422 2
0 0.509875 0.361989 0.021851 0.006838 0.499149 0.358570 2 0.520800 0.359061 2 0.520402 0.365408 2 0.498950 0.365408 2
0 0.483013 0.361511 0.018199 0.007325 0.474371 0.357848 2 0.492112 0.358662 2 0.492112 0.365173 2 0.473913 0.364156 2
0 0.352447 0.358377 0.021977 0.007122 0.341688 0.354816 2 0.363435 0.355630 2 0.363321 0.361938 2 0.341458 0.360717 2
0 0.432895 0.361112 0.022658 0.007036 0.421823 0.357594 2 0.444224 0.357594 2 0.444115 0.364630 2 0.421567 0.363674 2
0 0.459000 0.361290 0.018697 0.006683 0.450146 0.357948 2 0.468349 0.358124 2 0.468151 0.364632 2 0.449652 0.364456 2
0 0.407001 0.360401 0.018706 0.008456 0.397648 0.356173 2 0.416354 0.356204 2 0.416354 0.364630 2 0.397648 0.363256 2
0 0.380851 0.359646 0.019494 0.007144 0.371104 0.356074 2 0.390598 0.356530 2 0.390427 0.363218 2 0.371190 0.362610 2
0 0.422935 0.321830 0.018673 0.007769 0.413599 0.317945 2 0.432272 0.318652 2 0.432140 0.325715 2 0.413731 0.325244 2
0 0.560491 0.364278 0.020832 0.006918 0.550075 0.360819 2 0.570907 0.361429 2 0.570907 0.367737 2 0.550419 0.366313 2
