0 0.541146 0.719907 0.188542 0.082407 0.447396 0.678704 2 0.635417 0.707407 2 0.633854 0.761111 2 0.446875 0.729630 2
0 0.401826 0.331521 0.020723 0.010219 0.391589 0.329522 2 0.412082 0.326412 2 0.412188 0.334815 2 0.391464 0.336631 2
0 0.251425 0.343912 0.020412 0.007680 0.241543 0.341608 2 0.261631 0.340072 2 0.261523 0.346600 2 0.241219 0.347752 2
0 0.273349 0.342472 0.020196 0.008256 0.263359 0.340264 2 0.283231 0.338344 2 0.283447 0.345256 2 0.263251 0.346600 2
0 0.377337 0.333076 0.023007 0.009775 0.365833 0.330185 2 0.388840 0.328189 2 0.388840 0.335298 2 0.365972 0.337964 2
0 0.492257 0.324345 0.025595 0.010111 0.479794 0.321371 2 0.504553 0.319290 2 0.505055 0.327319 2 0.479460 0.329401 2
0 0.524376 0.321818 0.027268 0.011004 0.511077 0.318397 2 0.537843 0.316316 2 0.538010 0.325238 2 0.510742 0.327319 2
0 0.560259 0.318249 0.027769 0.010409 0.546876 0.315423 2 0.573809 0.313044 2 0.574144 0.321669 2 0.546374 0.323453 2
0 0.594904 0.316524 0.028940 0.011004 0.581103 0.313104 2 0.609039 0.311022 2 0.609374 0.319647 2 0.580434 0.322026 2
0 0.667590 0.310873 0.030446 0.012193 0.652367 0.307156 2 0.682645 0.304777 2 0.682812 0.313996 2 0.652868 0.316970 2
0 0.705852 0.308603 0.030171 0.012388 0.690767 0.305161 2 0.720187 0.302409 2 0.720938 0.313056 2 0.691154 0.314796 2
0 0.747330 0.304741 0.031808 0.012595 0.731425 0.301270 2 0.763089 0.298443 2 0.763234 0.308468 2 0.731426 0.311038 2
0 0.834006 0.299215 0.034266 0.012852 0.817452 0.296130 2 0.850706 0.292789 2 0.851139 0.303070 2 0.816873 0.305640 2
0 0.875501 0.296259 0.032242 0.012595 0.859381 0.293046 2 0.891478 0.289961 2 0.891622 0.299472 2 0.859381 0.302556 2
0 0.975272 0.288432 0.038981 0.017952 0.956243 0.285030 2 0.994762 0.279456 2 0.994531 0.295000 2 0.955781 0.297407 2
