0 0.807292 0.631481 0.073958 0.057407 0.771354 0.602778 2 0.844271 0.625000 2 0.843229 0.660185 2 0.770312 0.631481 2
1 0.905729 0.642593 0.126042 0.035185 0.843229 0.625926 2 0.968750 0.625000 2 0.968229 0.658333 2 0.842708 0.660185 2
1 0.042969 0.652500 0.085938 0.082778 0.000000 0.000000 0 0.084896 0.611111 2 0.085938 0.648241 2 0.000000 0.000000 0
0 0.330960 0.300048 0.029275 0.010409 0.316323 0.294843 2 0.345431 0.295736 2 0.345598 0.305253 2 0.316658 0.304063 2
0 0.813594 0.436883 0.023958 0.008457 0.802031 0.432685 2 0.825369 0.432654 2 0.825573 0.441111 2 0.801615 0.440370 2
0 0.790010 0.435054 0.021600 0.008448 0.779210 0.431214 2 0.800270 0.430830 2 0.800810 0.439086 2 0.779426 0.439278 2
0 0.765305 0.361245 0.023742 0.010441 0.753434 0.356025 2 0.777176 0.358246 2 0.777176 0.366466 2 0.753434 0.364466 2
0 0.704784 0.333631 0.024176 0.008297 0.692883 0.329482 2 0.716779 0.329483 2 0.716872 0.337780 2 0.692696 0.335954 2
0 0.677248 0.330561 0.023616 0.009791 0.665440 0.325666 2 0.689056 0.327325 2 0.689056 0.335456 2 0.665440 0.334295 2
0 0.645844 0.328322 0.026866 0.010663 0.632660 0.322991 2 0.658902 0.324768 2 0.659277 0.333654 2 0.632411 0.332321 2
0 0.614417 0.325657 0.026741 0.011551 0.601421 0.319881 2 0.627287 0.322102 2 0.627787 0.331433 2 0.601046 0.329211 2
0 0.581177 0.323324 0.028491 0.010886 0.567432 0.317881 2 0.595173 0.319659 2 0.595423 0.328767 2 0.566932 0.326990 2
0 0.549125 0.320880 0.027616 0.009552 0.535442 0.316104 2 0.562683 0.316104 2 0.562933 0.325657 2 0.535317 0.324546 2
0 0.478868 0.314315 0.028096 0.009791 0.464820 0.309420 2 0.492262 0.309586 2 0.492916 0.319211 2 0.465193 0.317053 2
0 0.442884 0.310913 0.029309 0.010953 0.428510 0.305437 2 0.457259 0.306931 2 0.457539 0.316390 2 0.428229 0.314564 2
0 0.406796 0.307800 0.029495 0.012080 0.392049 0.301760 2 0.421543 0.303558 2 0.421543 0.313840 2 0.392049 0.310755 2
0 0.291230 0.295985 0.032130 0.011424 0.276201 0.290273 2 0.307295 0.292162 2 0.306958 0.301697 2 0.275165 0.299302 2
0 0.246449 0.293445 0.031740 0.011552 0.230954 0.287669 2 0.262319 0.289446 2 0.262069 0.299221 2 0.230579 0.296999 2
0 0.206462 0.289335 0.031490 0.011774 0.191342 0.283448 2 0.221832 0.285225 2 0.222207 0.295222 2 0.190717 0.292778 2
