1 0.249219 0.618056 0.029687 0.060185 0.234375 0.587963 2 0.260417 0.612037 2 0.264062 0.648148 2 0.264062 0.648148 2
0 0.319531 0.622685 0.115104 0.041667 0.261979 0.613889 2 0.377083 0.601852 2 0.377083 0.630556 2 0.262500 0.643519 2
0 0.558333 0.550000 0.035417 0.016667 0.540625 0.543519 2 0.576042 0.541667 2 0.575521 0.555556 2 0.540625 0.558333 2
1 0.523438 0.548611 0.035417 0.017593 0.505729 0.539815 2 0.541146 0.543519 2 0.541146 0.557407 2 0.505729 0.552778 2
0 0.435325 0.347716 0.017744 0.011774 0.426703 0.341829 2 0.444197 0.346050 2 0.443947 0.353603 2 0.426453 0.349160 2
0 0.458018 0.352552 0.017280 0.010560 0.449378 0.347272 2 0.466658 0.350536 2 0.466550 0.357832 2 0.449594 0.354376 2
0 0.291521 0.316333 0.027326 0.014394 0.277858 0.309136 2 0.304750 0.315819 2 0.305184 0.323530 2 0.278292 0.318389 2
0 0.411395 0.343051 0.019119 0.011774 0.401836 0.337164 2 0.420955 0.341607 2 0.420705 0.348938 2 0.401836 0.344273 2
0 0.259207 0.309265 0.029206 0.014651 0.245038 0.301940 2 0.273810 0.307594 2 0.273665 0.316590 2 0.244604 0.311706 2
0 0.219461 0.300757 0.030775 0.013764 0.204461 0.293875 2 0.234849 0.299037 2 0.234655 0.307639 2 0.204074 0.303510 2
0 0.133291 0.280903 0.035421 0.018237 0.116161 0.271785 2 0.151001 0.280731 2 0.150808 0.290021 2 0.115581 0.282795 2
0 0.087374 0.270563 0.042572 0.020254 0.066987 0.260436 2 0.108660 0.268964 2 0.108060 0.280689 2 0.066088 0.270563 2
0 0.034758 0.258837 0.045870 0.021320 0.012123 0.248177 2 0.057693 0.258304 2 0.056794 0.269497 2 0.011823 0.261502 2
