1 0.566172 0.613009 0.024948 0.055463 0.553698 0.610000 2 0.578646 0.585278 2 0.554167 0.640741 2 0.554167 0.640741 2
0 0.503438 0.620093 0.101667 0.040185 0.453125 0.600000 2 0.553646 0.608333 2 0.554271 0.640185 2 0.452604 0.628704 2
0 0.611693 0.330934 0.024635 0.009799 0.599871 0.327367 2 0.623614 0.326034 2 0.624010 0.335833 2 0.599375 0.335556 2
0 0.957428 0.309713 0.031617 0.012491 0.941620 0.305550 2 0.973237 0.303468 2 0.973070 0.314174 2 0.941620 0.315959 2
0 0.915774 0.312241 0.033290 0.013383 0.899464 0.309713 2 0.932419 0.305550 2 0.932419 0.315959 2 0.899130 0.318933 2
0 0.830204 0.317952 0.031230 0.010024 0.815167 0.314482 2 0.845385 0.312940 2 0.845819 0.321165 2 0.814589 0.322965 2
0 0.793552 0.320523 0.027905 0.012081 0.779600 0.316025 2 0.807505 0.314482 2 0.807505 0.324507 2 0.780034 0.326563 2
0 0.680562 0.327977 0.028049 0.010024 0.666537 0.323993 2 0.694297 0.322965 2 0.694586 0.331447 2 0.666971 0.332989 2
0 0.645856 0.329256 0.026491 0.009552 0.632611 0.325368 2 0.658602 0.324479 2 0.659102 0.333365 2 0.633111 0.334032 2
0 0.550110 0.335752 0.023328 0.010944 0.538446 0.333160 2 0.561666 0.330280 2 0.561774 0.339304 2 0.538878 0.341224 2
0 0.518034 0.337480 0.022680 0.009024 0.506802 0.334503 2 0.529374 0.332968 2 0.529158 0.340648 2 0.506694 0.341992 2
0 0.488928 0.339304 0.021924 0.008832 0.478181 0.335848 2 0.499674 0.334888 2 0.499890 0.342568 2 0.477966 0.343720 2
0 0.408198 0.345256 0.017064 0.008064 0.399666 0.342568 2 0.416406 0.341224 2 0.416730 0.348520 2 0.399990 0.349288 2
0 0.385086 0.346888 0.020088 0.008640 0.375042 0.344488 2 0.395022 0.342568 2 0.395130 0.349864 2 0.375042 0.351208 2
0 0.311030 0.351669 0.019116 0.008448 0.301472 0.348405 2 0.320588 0.347445 2 0.320588 0.354933 2 0.301580 0.355893 2
0 0.287810 0.352437 0.019548 0.008448 0.278360 0.349749 2 0.297476 0.348213 2 0.297584 0.355125 2 0.278036 0.356661 2
