0 0.765365 0.594444 0.079688 0.024074 0.725521 0.583333 2 0.805208 0.582407 2 0.804688 0.605556 2 0.725521 0.606481 2
0 0.683594 0.593056 0.081771 0.023148 0.642708 0.581481 2 0.724479 0.583333 2 0.724479 0.604630 2 0.642708 0.602778 2
0 0.601562 0.593056 0.081250 0.023148 0.560937 0.581481 2 0.642188 0.581481 2 0.642188 0.604630 2 0.560937 0.603704 2
0 0.620237 0.361666 0.019865 0.008476 0.611099 0.357428 2 0.630170 0.357899 2 0.630170 0.365904 2 0.610304 0.364963 2
0 0.594978 0.361090 0.021974 0.007144 0.583991 0.357518 2 0.605794 0.357822 2 0.605965 0.364662 2 0.584077 0.364206 2
0 0.569941 0.360759 0.020543 0.005912 0.559669 0.357803 2 0.580213 0.357804 2 0.580156 0.363611 2 0.559965 0.363715 2
0 0.541241 0.360626 0.021974 0.006521 0.530255 0.357366 2 0.551886 0.357518 2 0.552228 0.363887 2 0.530260 0.363426 2
0 0.515636 0.359714 0.022357 0.007761 0.504531 0.355833 2 0.526518 0.356383 2 0.526815 0.363594 2 0.504457 0.363066 2
0 0.490251 0.359426 0.023050 0.008090 0.478924 0.355381 2 0.501578 0.355908 2 0.501776 0.363471 2 0.478726 0.362767 2
0 0.462403 0.359259 0.021369 0.007778 0.451719 0.355370 2 0.472989 0.355381 2 0.473088 0.363119 2 0.451823 0.363148 2
0 0.436008 0.358293 0.022059 0.008056 0.424978 0.354265 2 0.446781 0.354721 2 0.447037 0.362321 2 0.425235 0.361713 2
0 0.409386 0.358065 0.020752 0.006384 0.399071 0.354873 2 0.419677 0.354873 2 0.419763 0.361257 2 0.399010 0.361111 2
0 0.381017 0.356524 0.021170 0.007563 0.370432 0.352743 2 0.391602 0.353270 2 0.391602 0.360305 2 0.370530 0.359778 2
0 0.388505 0.319451 0.017015 0.005803 0.379998 0.316549 2 0.397013 0.317077 2 0.396815 0.322177 2 0.379998 0.322353 2
0 0.443785 0.303834 0.019588 0.006859 0.433991 0.300756 2 0.453282 0.300404 2 0.453579 0.307263 2 0.434091 0.306911 2
0 0.421576 0.302339 0.019093 0.008090 0.412030 0.298294 2 0.431123 0.298470 2 0.431024 0.306384 2 0.412129 0.305504 2
0 0.401890 0.302778 0.018301 0.006508 0.392739 0.299524 2 0.411041 0.299701 2 0.411041 0.305504 2 0.392838 0.306032 2
0 0.783690 0.364603 0.017627 0.007936 0.774877 0.360635 2 0.792390 0.361042 2 0.792504 0.368571 2 0.774992 0.368164 2
