0 0.432552 0.554630 0.050521 0.016667 0.407292 0.546296 2 0.457813 0.547222 2 0.457813 0.562963 2 0.407292 0.561111 2
1 0.462760 0.553704 0.009896 0.020370 0.457813 0.549074 2 0.467708 0.543519 2 0.467187 0.557407 2 0.457813 0.563889 2
0 0.719137 0.365337 0.019846 0.008605 0.709537 0.361608 2 0.729060 0.361034 2 0.729060 0.368635 2 0.709214 0.369639 2
0 0.242088 0.363933 0.018619 0.006664 0.232903 0.361045 2 0.251397 0.360601 2 0.251397 0.366821 2 0.232778 0.367265 2
0 0.265132 0.364446 0.015962 0.006472 0.257151 0.361542 2 0.273113 0.361211 2 0.272833 0.367185 2 0.257338 0.367682 2
0 0.311246 0.363976 0.016956 0.007296 0.302768 0.360328 2 0.319724 0.360520 2 0.319724 0.367624 2 0.303092 0.367048 2
0 0.337609 0.364729 0.019782 0.006306 0.327718 0.361908 2 0.347414 0.361576 2 0.347500 0.367685 2 0.327718 0.367881 2
0 0.362374 0.364200 0.018994 0.006887 0.352877 0.361645 2 0.371870 0.360756 2 0.371870 0.366754 2 0.352877 0.367643 2
0 0.410326 0.364866 0.020181 0.007676 0.400423 0.361028 2 0.419838 0.361028 2 0.420417 0.368704 2 0.400236 0.367500 2
0 0.436920 0.364015 0.019415 0.007633 0.427212 0.360199 2 0.446440 0.360862 2 0.446627 0.367832 2 0.427399 0.367168 2
0 0.485785 0.364360 0.019764 0.006912 0.475903 0.361480 2 0.495667 0.360904 2 0.495667 0.367816 2 0.475903 0.367624 2
0 0.511813 0.364744 0.019548 0.008064 0.502255 0.361287 2 0.521587 0.360712 2 0.521587 0.368008 2 0.502039 0.368776 2
0 0.537131 0.364851 0.019887 0.007850 0.527188 0.360926 2 0.547075 0.361288 2 0.547075 0.368008 2 0.527527 0.368776 2
0 0.587067 0.365855 0.020088 0.008289 0.577347 0.361711 2 0.597111 0.361902 2 0.596875 0.370000 2 0.577023 0.368814 2
0 0.615334 0.365466 0.018797 0.006741 0.606097 0.362956 2 0.624733 0.362095 2 0.624733 0.368406 2 0.605936 0.368836 2
0 0.640012 0.365222 0.020572 0.008175 0.629807 0.361278 2 0.650056 0.361135 2 0.650298 0.369310 2 0.629726 0.369023 2
0 0.693238 0.365144 0.018560 0.007675 0.683964 0.361306 2 0.702518 0.361464 2 0.702518 0.368922 2 0.683958 0.368981 2
0 0.744509 0.365114 0.018797 0.007616 0.735111 0.361465 2 0.753666 0.361307 2 0.753908 0.368205 2 0.735272 0.368922 2
0 0.218283 0.364495 0.018198 0.006570 0.209602 0.361706 2 0.227382 0.361210 2 0.227313 0.367408 2 0.209184 0.367780 2
