1 0.504948 0.617130 0.042187 0.060185 0.484896 0.587037 2 0.526042 0.612037 2 0.526042 0.647222 2 0.483854 0.613889 2
0 0.575521 0.625926 0.096875 0.035185 0.527083 0.613889 2 0.623437 0.608333 2 0.623958 0.636111 2 0.527083 0.643519 2
1 0.723698 0.559722 0.045312 0.019444 0.701042 0.550000 2 0.746354 0.554630 2 0.745833 0.569444 2 0.701042 0.563889 2
0 0.764583 0.561574 0.038542 0.015741 0.745833 0.554630 2 0.783854 0.553704 2 0.783854 0.566667 2 0.745313 0.569444 2
0 0.148686 0.288598 0.033457 0.015465 0.133128 0.280866 2 0.165415 0.285922 2 0.163909 0.296331 2 0.131957 0.291572 2
0 0.189793 0.294588 0.032097 0.012080 0.174467 0.288548 2 0.205263 0.292660 2 0.205842 0.300628 2 0.173744 0.296773 2
0 0.270286 0.306561 0.033290 0.013383 0.254477 0.299870 2 0.286931 0.302844 2 0.285927 0.313252 2 0.253641 0.308792 2
0 0.309291 0.311995 0.028116 0.010885 0.296857 0.306552 2 0.323349 0.309218 2 0.322724 0.317437 2 0.295233 0.313661 2
0 0.343442 0.316149 0.028741 0.012218 0.330697 0.310040 2 0.357813 0.314927 2 0.356688 0.322258 2 0.329072 0.318481 2
0 0.440868 0.331336 0.026762 0.010867 0.429452 0.325902 2 0.454249 0.329339 2 0.452586 0.336769 2 0.427486 0.332027 2
0 0.470201 0.334965 0.024367 0.010885 0.459142 0.329522 2 0.482385 0.333965 2 0.480760 0.340407 2 0.458017 0.337075 2
0 0.578244 0.351592 0.022788 0.009216 0.567713 0.346984 2 0.589638 0.349096 2 0.589314 0.356200 2 0.566850 0.355048 2
0 0.601302 0.354760 0.019224 0.008256 0.594498 0.350632 2 0.610914 0.351784 2 0.609834 0.358888 2 0.591690 0.356968 2
