1 0.710938 0.647222 0.084375 0.046296 0.668750 0.639815 2 0.752604 0.624074 2 0.753125 0.650000 2 0.669271 0.670370 2
0 0.625521 0.642130 0.086458 0.056481 0.583854 0.613889 2 0.668750 0.637037 2 0.667708 0.670370 2 0.582292 0.642593 2
0 0.199946 0.274001 0.040311 0.021499 0.179790 0.263251 2 0.220101 0.272807 2 0.219653 0.284751 2 0.179790 0.275594 2
0 0.090211 0.247326 0.046581 0.023888 0.066920 0.235382 2 0.113501 0.246530 2 0.113054 0.259270 2 0.067144 0.248123 2
0 0.146870 0.261460 0.041654 0.019508 0.126043 0.251706 2 0.167697 0.259669 2 0.167249 0.271214 2 0.126043 0.262854 2
0 0.328886 0.307423 0.030781 0.014275 0.314834 0.300286 2 0.344276 0.304152 2 0.343607 0.314561 2 0.313496 0.308018 2
0 0.367352 0.315342 0.029160 0.013824 0.352772 0.308430 2 0.381932 0.314190 2 0.381824 0.322254 2 0.352880 0.317454 2
0 0.401588 0.325038 0.024840 0.014784 0.389168 0.317646 2 0.414008 0.322638 2 0.413792 0.332430 2 0.389384 0.326670 2
0 0.430316 0.332430 0.023328 0.013440 0.418652 0.325710 2 0.441980 0.330318 2 0.441872 0.339150 2 0.418652 0.333774 2
0 0.457316 0.338478 0.020304 0.012096 0.447164 0.332430 2 0.467252 0.336654 2 0.467468 0.344526 2 0.447272 0.341454 2
