0 0.467448 0.570370 0.133854 0.040741 0.400521 0.552778 2 0.534375 0.550000 2 0.534375 0.587037 2 0.400521 0.590741 2
0 0.031747 0.302317 0.029267 0.011986 0.017266 0.296324 2 0.046380 0.299866 2 0.046380 0.308310 2 0.017113 0.306131 2
0 0.110814 0.308719 0.028654 0.010079 0.096487 0.303679 2 0.124835 0.304769 2 0.125141 0.313759 2 0.096793 0.311307 2
0 0.318304 0.321414 0.024644 0.009771 0.306159 0.316528 2 0.330449 0.318419 2 0.330626 0.326299 2 0.305982 0.324723 2
0 0.414734 0.328169 0.023444 0.010080 0.403012 0.323129 2 0.426303 0.325581 2 0.426456 0.333209 2 0.403471 0.330485 2
0 0.442879 0.330355 0.022975 0.010212 0.431391 0.325250 2 0.454161 0.327803 2 0.454366 0.335461 2 0.431391 0.332544 2
0 0.472532 0.333107 0.021984 0.008947 0.461540 0.328634 2 0.483127 0.330518 2 0.483524 0.337581 2 0.461540 0.335226 2
0 0.528923 0.337297 0.021057 0.007813 0.518792 0.333390 2 0.539452 0.334332 2 0.539427 0.341204 2 0.518394 0.339982 2
0 0.554175 0.338276 0.021453 0.009455 0.543449 0.333549 2 0.564724 0.336070 2 0.564902 0.343004 2 0.543981 0.341428 2
0 0.768604 0.401739 0.017614 0.007298 0.760062 0.398089 2 0.777411 0.398795 2 0.777146 0.405388 2 0.759797 0.403740 2
