0 0.598698 0.569907 0.056771 0.017593 0.570312 0.562037 2 0.627083 0.561111 2 0.626563 0.577778 2 0.570312 0.578704 2
0 0.474740 0.573148 0.063021 0.020370 0.443229 0.564815 2 0.506250 0.562963 2 0.506250 0.582407 2 0.443229 0.583333 2
0 0.537760 0.571296 0.060937 0.018519 0.507292 0.562963 2 0.568229 0.562037 2 0.568229 0.578704 2 0.507292 0.580556 2
1 0.436875 0.567963 0.011979 0.028889 0.430885 0.553519 2 0.442865 0.562963 2 0.442708 0.582407 2 0.442708 0.582407 2
0 0.364372 0.359084 0.021881 0.008129 0.354118 0.355019 2 0.375179 0.356647 2 0.375313 0.363148 2 0.353431 0.361327 2
0 0.765336 0.389482 0.014641 0.005276 0.758016 0.386844 2 0.772657 0.387020 2 0.772657 0.392120 2 0.758016 0.392120 2
0 0.628066 0.380477 0.015630 0.006683 0.620251 0.377136 2 0.635782 0.378367 2 0.635881 0.383819 2 0.620251 0.382588 2
0 0.539820 0.372947 0.017856 0.007122 0.530891 0.369386 2 0.548748 0.370810 2 0.548748 0.376507 2 0.531006 0.376507 2
0 0.465765 0.367129 0.020527 0.007769 0.455899 0.363244 2 0.475896 0.364657 2 0.476029 0.371013 2 0.455501 0.370072 2
0 0.442744 0.365272 0.019614 0.007082 0.433244 0.361731 2 0.452398 0.363092 2 0.452551 0.368813 2 0.432937 0.367996 2
0 0.415351 0.363140 0.019818 0.006312 0.405671 0.359984 2 0.425130 0.360798 2 0.425260 0.366296 2 0.405442 0.365682 2
0 0.388674 0.361653 0.020718 0.007733 0.378315 0.357786 2 0.399032 0.359211 2 0.399032 0.365519 2 0.378429 0.363891 2
0 0.335856 0.356714 0.022871 0.008195 0.324775 0.352617 2 0.347292 0.354508 2 0.347114 0.360812 2 0.324421 0.359551 2
0 0.308642 0.354981 0.022694 0.009141 0.298004 0.350411 2 0.319988 0.352932 2 0.319634 0.359551 2 0.297295 0.357660 2
0 0.279211 0.351829 0.022339 0.007880 0.268218 0.347890 2 0.290026 0.349465 2 0.290380 0.355769 2 0.268041 0.354823 2
0 0.323913 0.316455 0.017928 0.006538 0.314949 0.313186 2 0.332877 0.313731 2 0.332877 0.319724 2 0.314949 0.318907 2
