0 0.449219 0.546296 0.036979 0.011111 0.430729 0.540741 2 0.467187 0.540741 2 0.467708 0.551852 2 0.430729 0.551852 2
0 0.257895 0.387925 0.016620 0.005554 0.249960 0.385148 2 0.266080 0.385148 2 0.266205 0.390480 2 0.249585 0.390702 2
0 0.278388 0.388481 0.017119 0.005776 0.270204 0.385593 2 0.286948 0.385593 2 0.286698 0.390924 2 0.269829 0.391369 2
0 0.299507 0.389480 0.017619 0.007331 0.291072 0.385815 2 0.308191 0.386481 2 0.308316 0.393146 2 0.290697 0.392035 2
0 0.361294 0.388104 0.015308 0.005829 0.353640 0.385687 2 0.368948 0.385189 2 0.368948 0.390997 2 0.353802 0.391019 2
0 0.426806 0.388187 0.017712 0.006144 0.418166 0.385115 2 0.435554 0.385115 2 0.435662 0.391259 2 0.417950 0.391259 2
0 0.677221 0.387792 0.019494 0.006221 0.667849 0.384682 2 0.686968 0.384682 2 0.686843 0.390014 2 0.667474 0.390902 2
0 0.628982 0.387899 0.017928 0.006336 0.620223 0.384923 2 0.637946 0.384731 2 0.637946 0.391067 2 0.620018 0.390683 2
0 0.608053 0.387313 0.017455 0.006305 0.599419 0.384161 2 0.616781 0.384492 2 0.616781 0.390466 2 0.599326 0.390466 2
0 0.582855 0.387726 0.019008 0.005376 0.573351 0.385038 2 0.592143 0.385614 2 0.592359 0.390414 2 0.573567 0.390222 2
0 0.515869 0.387866 0.018940 0.006683 0.506399 0.384781 2 0.524905 0.384524 2 0.525339 0.391207 2 0.506977 0.390950 2
0 0.492373 0.387938 0.018036 0.005952 0.483355 0.384962 2 0.501391 0.385153 2 0.501391 0.390913 2 0.483355 0.390337 2
0 0.449395 0.387747 0.016994 0.006443 0.440898 0.384526 2 0.457893 0.384971 2 0.457518 0.390969 2 0.441250 0.390926 2
0 0.723061 0.387669 0.020412 0.006336 0.713179 0.384885 2 0.733051 0.384501 2 0.733267 0.390069 2 0.712855 0.390837 2
0 0.699884 0.387208 0.017820 0.006336 0.691082 0.384808 2 0.708578 0.384040 2 0.708794 0.389608 2 0.690974 0.390376 2
