0 0.441406 0.628704 0.111979 0.031481 0.385417 0.612963 2 0.497396 0.614815 2 0.497396 0.644444 2 0.385417 0.642593 2
0 0.552083 0.629630 0.107292 0.029630 0.498437 0.614815 2 0.605729 0.615741 2 0.605729 0.644444 2 0.498437 0.642593 2
0 0.323698 0.629167 0.120312 0.030556 0.263542 0.613889 2 0.383854 0.613889 2 0.383854 0.644444 2 0.263542 0.643519 2
0 0.411216 0.351027 0.023317 0.009584 0.399557 0.346235 2 0.422740 0.347433 2 0.422874 0.355819 2 0.399692 0.354142 2
0 0.440631 0.352884 0.022832 0.007663 0.429332 0.349052 2 0.451348 0.349674 2 0.452047 0.356715 2 0.429215 0.355680 2
0 0.470445 0.355340 0.022118 0.007907 0.459387 0.351386 2 0.481100 0.351865 2 0.481504 0.359293 2 0.459791 0.358575 2
0 0.555478 0.359883 0.022017 0.008491 0.544469 0.355638 2 0.566136 0.356259 2 0.566486 0.364129 2 0.544702 0.363301 2
0 0.865496 0.380216 0.020032 0.008200 0.855743 0.376116 2 0.875512 0.377756 2 0.875512 0.384316 2 0.855480 0.382441 2
0 0.861542 0.394859 0.016606 0.007497 0.853635 0.391111 2 0.869845 0.392516 2 0.869581 0.398608 2 0.853239 0.397436 2
0 0.867153 0.457687 0.018508 0.008418 0.857899 0.453478 2 0.876112 0.454545 2 0.876407 0.461896 2 0.857899 0.461196 2
0 0.663001 0.367344 0.021969 0.008387 0.652555 0.363151 2 0.673716 0.364110 2 0.673986 0.371538 2 0.652016 0.369381 2
0 0.195690 0.337331 0.025395 0.008905 0.182993 0.333086 2 0.208387 0.332879 2 0.208387 0.341784 2 0.183225 0.339920 2
0 0.229518 0.339651 0.024696 0.009319 0.217170 0.334991 2 0.241866 0.335819 2 0.241866 0.344310 2 0.217287 0.342239 2
0 0.259007 0.341670 0.023722 0.009800 0.247147 0.336770 2 0.270868 0.338208 2 0.270868 0.346570 2 0.247146 0.344174 2
0 0.291624 0.343227 0.024260 0.008171 0.279494 0.339142 2 0.303485 0.340340 2 0.303755 0.347313 2 0.279629 0.346570 2
0 0.322968 0.345536 0.023643 0.008110 0.311146 0.341481 2 0.334673 0.342550 2 0.334789 0.349591 2 0.311491 0.348763 2
0 0.352412 0.347498 0.023548 0.009981 0.340950 0.342508 2 0.363718 0.343339 2 0.364186 0.352488 2 0.340638 0.351102 2
0 0.383528 0.349612 0.023065 0.008905 0.371996 0.345160 2 0.394362 0.346609 2 0.395061 0.354064 2 0.371996 0.351786 2
