1 0.366146 0.580093 0.018750 0.034259 0.356771 0.562963 2 0.375521 0.575000 2 0.375000 0.597222 2 0.356771 0.583333 2
0 0.411458 0.583796 0.073958 0.025000 0.374479 0.575000 2 0.448437 0.571296 2 0.447917 0.593519 2 0.374479 0.596296 2
0 0.907031 0.594444 0.089062 0.035185 0.863021 0.576852 2 0.951562 0.587037 2 0.950521 0.612037 2 0.862500 0.600926 2
1 0.760417 0.558333 0.042708 0.018519 0.739062 0.551852 2 0.781771 0.549074 2 0.781771 0.564815 2 0.739062 0.567593 2
0 0.719792 0.557407 0.039583 0.020370 0.700521 0.547222 2 0.739583 0.551852 2 0.739583 0.567593 2 0.700000 0.562963 2
1 0.972135 0.597222 0.042188 0.027778 0.951562 0.587037 2 0.993229 0.583333 2 0.992708 0.606481 2 0.951042 0.611111 2
0 0.231007 0.315559 0.029237 0.012994 0.216389 0.309062 2 0.245626 0.311846 2 0.245539 0.322056 2 0.216389 0.318962 2
0 0.202883 0.297534 0.025871 0.012662 0.189948 0.291204 2 0.215819 0.293925 2 0.215703 0.303865 2 0.189948 0.301574 2
0 0.192475 0.309653 0.032758 0.011990 0.176446 0.303658 2 0.208830 0.307386 2 0.208854 0.315648 2 0.176096 0.311528 2
0 0.202734 0.242824 0.027969 0.013241 0.188854 0.236204 2 0.216704 0.239936 2 0.216719 0.249444 2 0.188750 0.246574 2
0 0.153876 0.304167 0.031832 0.013147 0.138095 0.297594 2 0.169634 0.301427 2 0.169792 0.310741 2 0.137960 0.307178 2
0 0.059264 0.290997 0.038675 0.015803 0.040239 0.283096 2 0.078602 0.287532 2 0.078602 0.298898 2 0.039927 0.294740 2
0 0.052332 0.215034 0.031018 0.014694 0.037432 0.207687 2 0.067529 0.213232 2 0.067841 0.222381 2 0.036823 0.217685 2
0 0.685755 0.449107 0.012292 0.005861 0.679609 0.446176 2 0.691901 0.446546 2 0.691823 0.452037 2 0.679609 0.451824 2
0 0.670910 0.448228 0.013311 0.006818 0.664255 0.444819 2 0.677566 0.445754 2 0.677491 0.451637 2 0.664255 0.451370 2
0 0.669768 0.394500 0.018122 0.009487 0.660707 0.389757 2 0.678829 0.391726 2 0.678527 0.399244 2 0.660908 0.397275 2
0 0.633896 0.388961 0.012530 0.006962 0.627718 0.385480 2 0.640074 0.386563 2 0.640161 0.392442 2 0.627631 0.391807 2
0 0.600596 0.383980 0.015750 0.006652 0.592721 0.380654 2 0.608471 0.382201 2 0.608471 0.387306 2 0.592721 0.385914 2
0 0.599725 0.368433 0.016968 0.008354 0.591502 0.364256 2 0.607948 0.365649 2 0.608209 0.372610 2 0.591242 0.371063 2
0 0.579287 0.365843 0.015567 0.008824 0.571504 0.361430 2 0.587071 0.363302 2 0.586996 0.370255 2 0.571654 0.368650 2
0 0.557266 0.363300 0.017345 0.008905 0.548698 0.358848 2 0.565938 0.360712 2 0.565822 0.367753 2 0.548594 0.366111 2
0 0.509325 0.356135 0.017240 0.008656 0.500704 0.351807 2 0.517945 0.353464 2 0.517813 0.360463 2 0.500705 0.360091 2
0 0.487035 0.352331 0.020237 0.009846 0.477135 0.347407 2 0.497153 0.348483 2 0.497053 0.357254 2 0.476917 0.355106 2
0 0.458392 0.348304 0.021747 0.011098 0.447518 0.342755 2 0.469265 0.345262 2 0.469165 0.353853 2 0.447519 0.351705 2
0 0.372929 0.335095 0.023878 0.011183 0.361221 0.329503 2 0.384868 0.331574 2 0.384518 0.340686 2 0.360990 0.339259 2
0 0.340253 0.330125 0.026327 0.011597 0.327206 0.324326 2 0.353416 0.326811 2 0.353066 0.335923 2 0.327089 0.334059 2
0 0.307985 0.325776 0.027025 0.011183 0.294589 0.320184 2 0.321498 0.322669 2 0.321265 0.331367 2 0.294472 0.328675 2
0 0.298997 0.261172 0.021430 0.012939 0.288282 0.254703 2 0.309577 0.257578 2 0.309712 0.267642 2 0.288417 0.265006 2
0 0.233221 0.302487 0.025505 0.012840 0.220653 0.296068 2 0.245713 0.298852 2 0.245974 0.308907 2 0.220469 0.306389 2
