1 0.537240 0.572685 0.019271 0.028704 0.528646 0.558333 2 0.546875 0.568519 2 0.546875 0.587037 2 0.527604 0.574074 2
0 0.577604 0.576852 0.060417 0.018519 0.547396 0.568519 2 0.607812 0.567593 2 0.607812 0.586111 2 0.547396 0.586111 2
0 0.690290 0.372797 0.018497 0.005776 0.681045 0.369909 2 0.699289 0.370353 2 0.699539 0.375685 2 0.681042 0.375463 2
0 0.292819 0.344561 0.025356 0.009979 0.280334 0.339572 2 0.305496 0.340948 2 0.305496 0.349550 2 0.280141 0.348518 2
0 0.321484 0.347022 0.022572 0.009216 0.310522 0.342414 2 0.332662 0.343566 2 0.332770 0.351630 2 0.310198 0.349902 2
0 0.351551 0.348925 0.026458 0.008225 0.338900 0.344812 2 0.364491 0.345584 2 0.364780 0.353038 2 0.338322 0.351238 2
0 0.645484 0.370120 0.017172 0.007104 0.636898 0.366568 2 0.653962 0.367336 2 0.654070 0.373672 2 0.636898 0.373480 2
0 0.668049 0.371375 0.019119 0.008220 0.658490 0.367265 2 0.677234 0.368154 2 0.677609 0.375485 2 0.658990 0.374374 2
0 0.412745 0.354314 0.021618 0.007997 0.401936 0.350316 2 0.423304 0.351204 2 0.423554 0.358313 2 0.401936 0.356980 2
0 0.438774 0.355158 0.019494 0.008220 0.429027 0.351048 2 0.448396 0.351937 2 0.448521 0.359268 2 0.429277 0.358379 2
0 0.518260 0.361911 0.022493 0.008220 0.507264 0.357802 2 0.529257 0.358246 2 0.529507 0.366021 2 0.507014 0.364466 2
0 0.545044 0.363438 0.016632 0.007296 0.536728 0.359790 2 0.553252 0.359982 2 0.553360 0.367086 2 0.536944 0.366702 2
0 0.225597 0.340019 0.024581 0.009978 0.213693 0.335030 2 0.237888 0.336750 2 0.237694 0.345008 2 0.213306 0.343632 2
