1 0.418750 0.567130 0.019792 0.026852 0.408854 0.553704 2 0.428646 0.562963 2 0.428646 0.580556 2 0.408854 0.569444 2
0 0.457552 0.570370 0.056771 0.016667 0.429688 0.562037 2 0.485938 0.562037 2 0.485417 0.578704 2 0.429167 0.578704 2
0 0.277214 0.342590 0.025991 0.009809 0.264740 0.337685 2 0.289835 0.339941 2 0.290210 0.347494 2 0.264219 0.344352 2
0 0.206184 0.332296 0.027216 0.011904 0.192576 0.326344 2 0.219360 0.329416 2 0.219792 0.338248 2 0.192576 0.334408 2
0 0.170589 0.326834 0.028261 0.011108 0.156728 0.321280 2 0.184719 0.324835 2 0.184719 0.332388 2 0.156458 0.329074 2
0 0.134187 0.322451 0.030362 0.011566 0.119006 0.316668 2 0.149368 0.320523 2 0.149079 0.328234 2 0.119295 0.325406 2
0 0.048967 0.310368 0.032621 0.013383 0.033158 0.303677 2 0.065110 0.308435 2 0.065277 0.317059 2 0.032657 0.311706 2
0 0.513227 0.376345 0.016055 0.005974 0.505293 0.373358 2 0.521254 0.374021 2 0.520974 0.379331 2 0.505199 0.377838 2
0 0.533740 0.378402 0.015005 0.006741 0.526480 0.375032 2 0.541243 0.376896 2 0.541243 0.381773 2 0.526238 0.380195 2
0 0.553075 0.380924 0.014655 0.006970 0.545934 0.377440 2 0.560215 0.379431 2 0.560402 0.384409 2 0.545747 0.382584 2
0 0.417884 0.362468 0.019200 0.008749 0.408526 0.358094 2 0.427404 0.359958 2 0.427485 0.366843 2 0.408284 0.364691 2
0 0.393295 0.358653 0.020491 0.009610 0.383050 0.353848 2 0.403541 0.357004 2 0.403541 0.363458 2 0.383291 0.360733 2
0 0.306192 0.345717 0.024992 0.012440 0.294821 0.339497 2 0.318438 0.343917 2 0.318688 0.351937 2 0.293696 0.347472 2
