0 0.554688 0.692130 0.163542 0.071296 0.472917 0.656481 2 0.636458 0.679630 2 0.635938 0.727778 2 0.473438 0.701852 2
0 0.868412 0.292499 0.036775 0.014108 0.850024 0.289230 2 0.886219 0.285445 2 0.886799 0.296112 2 0.850798 0.299553 2
0 0.913248 0.287944 0.037974 0.015465 0.894429 0.286160 2 0.931566 0.280212 2 0.932235 0.290621 2 0.894262 0.295676 2
0 0.310414 0.350536 0.020412 0.009792 0.300209 0.347944 2 0.320307 0.345640 2 0.320620 0.353320 2 0.300208 0.355432 2
0 0.410250 0.339707 0.022572 0.009408 0.398963 0.336731 2 0.421104 0.335003 2 0.421536 0.342299 2 0.398964 0.344411 2
0 0.434010 0.337787 0.021060 0.009408 0.423588 0.334619 2 0.444324 0.333083 2 0.444540 0.340763 2 0.423480 0.342491 2
0 0.521016 0.327514 0.026458 0.009767 0.507787 0.325201 2 0.533956 0.322630 2 0.534245 0.330341 2 0.507931 0.332398 2
0 0.552604 0.324520 0.025596 0.011328 0.539925 0.321160 2 0.565402 0.318856 2 0.565402 0.328072 2 0.539806 0.330184 2
0 0.587359 0.320628 0.026264 0.012193 0.574562 0.317802 2 0.600491 0.314531 2 0.600491 0.322858 2 0.574227 0.326725 2
0 0.622931 0.316976 0.030217 0.012595 0.607823 0.314534 2 0.637751 0.310678 2 0.638040 0.319932 2 0.608112 0.323273 2
0 0.695374 0.309945 0.031549 0.013076 0.679599 0.307192 2 0.710955 0.303407 2 0.711148 0.312697 2 0.679986 0.316482 2
0 0.734715 0.305574 0.030615 0.012885 0.719408 0.302909 2 0.749898 0.299132 2 0.750022 0.309573 2 0.719782 0.312017 2
0 0.777326 0.302131 0.034864 0.013551 0.759894 0.299132 2 0.794633 0.295355 2 0.794758 0.304464 2 0.760394 0.308907 2
