0 0.817969 0.692130 0.169271 0.054630 0.733333 0.664815 2 0.902604 0.675000 2 0.902083 0.719444 2 0.733333 0.708333 2
0 0.948698 0.699537 0.095313 0.047222 0.902083 0.675926 2 0.996354 0.679630 2 0.994271 0.723148 2 0.901042 0.720370 2
0 0.654427 0.682407 0.157812 0.048148 0.575521 0.658333 2 0.733333 0.666667 2 0.733333 0.706481 2 0.575521 0.697222 2
0 0.645582 0.349446 0.025511 0.008491 0.632826 0.345200 2 0.658221 0.345408 2 0.658337 0.352863 2 0.632826 0.353691 2
0 0.811517 0.344920 0.029006 0.008872 0.797014 0.341038 2 0.825085 0.340484 2 0.826021 0.349078 2 0.797326 0.349356 2
0 0.952360 0.343498 0.030133 0.008661 0.937293 0.339488 2 0.966705 0.339167 2 0.967426 0.347828 2 0.937835 0.347187 2
0 0.581160 0.292013 0.021143 0.007696 0.570589 0.288524 2 0.591631 0.288165 2 0.591731 0.294788 2 0.571092 0.295862 2
0 0.556526 0.293780 0.019803 0.007869 0.546624 0.290674 2 0.565845 0.289845 2 0.566428 0.296886 2 0.546857 0.297715 2
0 0.517561 0.316087 0.020337 0.006264 0.507392 0.313671 2 0.527730 0.312955 2 0.527730 0.318861 2 0.507896 0.319219 2
0 0.506366 0.296202 0.019431 0.008054 0.496650 0.292890 2 0.515678 0.292175 2 0.516081 0.300050 2 0.496751 0.300229 2
0 0.482152 0.296810 0.017619 0.007159 0.473444 0.293231 2 0.490962 0.293947 2 0.490861 0.300211 2 0.473343 0.300390 2
0 0.460297 0.298712 0.018224 0.008351 0.451562 0.294537 2 0.469120 0.295029 2 0.469409 0.301637 2 0.451185 0.302888 2
0 0.559788 0.315504 0.019221 0.006627 0.550178 0.312191 2 0.569398 0.312397 2 0.569165 0.318817 2 0.550177 0.317782 2
0 0.635899 0.290456 0.021747 0.007517 0.625026 0.287234 2 0.646773 0.286698 2 0.646370 0.293499 2 0.625932 0.294215 2
0 0.609934 0.291709 0.020740 0.007697 0.599564 0.287861 2 0.620304 0.288219 2 0.620304 0.294483 2 0.600571 0.295557 2
0 0.407519 0.354998 0.022451 0.007696 0.396293 0.352045 2 0.418744 0.351150 2 0.418744 0.358131 2 0.396998 0.358847 2
0 0.434853 0.354640 0.022351 0.008054 0.423678 0.350792 2 0.446028 0.350613 2 0.445928 0.357415 2 0.423678 0.358668 2
0 0.462693 0.353751 0.024864 0.008424 0.450677 0.350463 2 0.474923 0.349539 2 0.475125 0.357773 2 0.450260 0.357963 2
0 0.493197 0.353209 0.023861 0.008770 0.481266 0.349718 2 0.505127 0.348823 2 0.504926 0.357236 2 0.481367 0.357594 2
0 0.521488 0.352940 0.024264 0.008233 0.509356 0.349003 2 0.533619 0.348823 2 0.533519 0.357057 2 0.509557 0.356520 2
0 0.552497 0.351777 0.023861 0.007696 0.540767 0.347928 2 0.564427 0.348286 2 0.564427 0.355446 2 0.540566 0.355625 2
0 0.580838 0.351329 0.024566 0.007875 0.568757 0.347749 2 0.592718 0.347392 2 0.593121 0.353835 2 0.568555 0.355267 2
0 0.611975 0.350067 0.025628 0.007662 0.599161 0.347065 2 0.624556 0.346236 2 0.624789 0.353691 2 0.599278 0.353899 2
0 0.675054 0.347996 0.025511 0.008491 0.662298 0.343958 2 0.687576 0.343751 2 0.687809 0.352035 2 0.662648 0.352242 2
