1 0.388802 0.598148 0.024479 0.035185 0.376563 0.580556 2 0.401042 0.592593 2 0.400521 0.615741 2 0.376563 0.600926 2
0 0.438542 0.601852 0.076042 0.024074 0.401042 0.592593 2 0.476562 0.589815 2 0.476042 0.611111 2 0.400521 0.613889 2
1 0.598437 0.558333 0.033333 0.016667 0.582292 0.550000 2 0.615104 0.553704 2 0.614583 0.566667 2 0.581771 0.562963 2
0 0.072459 0.301735 0.033301 0.015419 0.056503 0.294026 2 0.089110 0.300809 2 0.088750 0.309444 2 0.055809 0.302659 2
0 0.111748 0.307983 0.035808 0.015829 0.095006 0.300069 2 0.129652 0.305919 2 0.128878 0.315897 2 0.093844 0.309360 2
0 0.198006 0.321475 0.031724 0.012050 0.182918 0.315450 2 0.213868 0.319235 2 0.213698 0.327500 2 0.182144 0.322676 2
0 0.237114 0.328354 0.027872 0.012732 0.224146 0.321988 2 0.251050 0.326117 2 0.250469 0.334720 2 0.223178 0.330246 2
0 0.268195 0.333851 0.025652 0.012898 0.256664 0.327402 2 0.281021 0.330165 2 0.281021 0.340300 2 0.255368 0.337075 2
0 0.394418 0.355665 0.021545 0.009293 0.383646 0.351019 2 0.405191 0.352344 2 0.404468 0.360312 2 0.384660 0.358512 2
0 0.498892 0.373464 0.018994 0.008441 0.489769 0.369243 2 0.508389 0.371908 2 0.508264 0.377684 2 0.489395 0.374574 2
0 0.520833 0.376116 0.016771 0.007974 0.513021 0.372130 2 0.529219 0.373426 2 0.529069 0.380103 2 0.512448 0.378519 2
