0 0.536979 0.651389 0.137500 0.043519 0.468229 0.629630 2 0.605208 0.635185 2 0.605729 0.673148 2 0.468229 0.667593 2
1 0.958073 0.577315 0.072396 0.037963 0.922917 0.558333 2 0.994271 0.566667 2 0.992708 0.596296 2 0.921875 0.583333 2
0 0.476429 0.324275 0.024121 0.009510 0.464369 0.320549 2 0.487791 0.319520 2 0.488490 0.328796 2 0.464368 0.329031 2
0 0.508755 0.322610 0.024290 0.009779 0.496899 0.317721 2 0.520900 0.317721 2 0.520885 0.327500 2 0.496610 0.326717 2
0 0.853780 0.312111 0.028274 0.009851 0.839978 0.308077 2 0.867914 0.307186 2 0.867917 0.317037 2 0.839643 0.317000 2
0 0.818983 0.312241 0.029944 0.009517 0.804680 0.308672 2 0.833119 0.307483 2 0.833955 0.315810 2 0.804011 0.317000 2
0 0.349027 0.328939 0.027872 0.008259 0.335091 0.324809 2 0.362963 0.325842 2 0.362769 0.332036 2 0.336059 0.333068 2
0 0.317961 0.330487 0.023420 0.008602 0.306639 0.326874 2 0.329091 0.326186 2 0.329671 0.334788 2 0.306251 0.334100 2
0 0.290477 0.330652 0.026517 0.009621 0.277218 0.326874 2 0.303735 0.325842 2 0.303542 0.334100 2 0.277240 0.335463 2
0 0.201074 0.333859 0.024969 0.008602 0.188589 0.330934 2 0.213171 0.329558 2 0.213558 0.337816 2 0.189751 0.338161 2
0 0.573318 0.320187 0.028646 0.010368 0.558995 0.316036 2 0.587060 0.315003 2 0.587641 0.324982 2 0.559167 0.325370 2
0 0.745850 0.314574 0.028613 0.009186 0.731877 0.309981 2 0.760156 0.310000 2 0.760156 0.319167 2 0.731543 0.318606 2
0 0.642175 0.318826 0.026892 0.008996 0.629018 0.314328 2 0.655477 0.314328 2 0.655621 0.322553 2 0.628729 0.323324 2
0 0.607692 0.319597 0.027326 0.010024 0.594029 0.314585 2 0.621355 0.314585 2 0.621211 0.324610 2 0.594029 0.324610 2
0 0.410301 0.325957 0.027322 0.009555 0.396640 0.321180 2 0.423962 0.322772 2 0.423066 0.330735 2 0.396864 0.329939 2
0 0.441654 0.324564 0.027322 0.008361 0.429337 0.321180 2 0.454867 0.320384 2 0.455314 0.328346 2 0.427993 0.328744 2
0 0.891116 0.309738 0.034066 0.010323 0.874857 0.305264 2 0.908148 0.304577 2 0.908125 0.314167 2 0.874083 0.314900 2
