0 0.546094 0.584722 0.072396 0.025000 0.509896 0.572222 2 0.582292 0.575000 2 0.582292 0.597222 2 0.509896 0.593519 2
0 0.889844 0.568056 0.058854 0.017593 0.860417 0.560185 2 0.919271 0.559259 2 0.919271 0.575926 2 0.860417 0.576852 2
1 0.846354 0.563426 0.032292 0.021296 0.830208 0.552778 2 0.861979 0.559259 2 0.862500 0.574074 2 0.830208 0.568519 2
0 0.250604 0.363682 0.019952 0.006895 0.240917 0.361005 2 0.260580 0.360235 2 0.260573 0.367130 2 0.240628 0.366917 2
0 0.275239 0.362728 0.017928 0.007680 0.266491 0.360616 2 0.284203 0.358888 2 0.284203 0.365416 2 0.266275 0.366568 2
0 0.300079 0.362056 0.018576 0.008640 0.290791 0.358312 2 0.309367 0.357736 2 0.309259 0.366376 2 0.290791 0.366376 2
0 0.323575 0.361725 0.018362 0.007711 0.314683 0.358898 2 0.332756 0.357870 2 0.332756 0.365581 2 0.314394 0.365324 2
0 0.372504 0.360040 0.019872 0.006912 0.362568 0.356584 2 0.382224 0.356584 2 0.382440 0.363496 2 0.362568 0.363496 2
0 0.398953 0.359386 0.019677 0.007524 0.389115 0.356204 2 0.408684 0.355624 2 0.408792 0.362536 2 0.389115 0.363148 2
0 0.426342 0.358792 0.019548 0.007680 0.416567 0.355528 2 0.436116 0.354952 2 0.436008 0.361480 2 0.416676 0.362632 2
0 0.808344 0.347394 0.024591 0.007732 0.796048 0.344123 2 0.820639 0.343527 2 0.820639 0.350665 2 0.796383 0.351260 2
0 0.840694 0.346005 0.024624 0.008640 0.828599 0.342452 2 0.853006 0.341685 2 0.853006 0.350133 2 0.828382 0.350325 2
0 0.872770 0.345141 0.026352 0.008832 0.859810 0.341685 2 0.885730 0.340725 2 0.885946 0.348981 2 0.859594 0.349557 2
0 0.477822 0.356963 0.021189 0.007136 0.467321 0.353893 2 0.488137 0.353395 2 0.488417 0.359866 2 0.467228 0.360530 2
0 0.507676 0.355470 0.020952 0.007680 0.497308 0.352015 2 0.517936 0.351630 2 0.518152 0.359310 2 0.497200 0.359310 2
0 0.591916 0.353320 0.022032 0.008640 0.580901 0.350152 2 0.602500 0.349000 2 0.602932 0.356680 2 0.581008 0.357640 2
0 0.621166 0.351880 0.023581 0.009984 0.609375 0.348426 2 0.632524 0.346888 2 0.632956 0.356872 2 0.609844 0.356488 2
0 0.650192 0.351448 0.022992 0.007997 0.638696 0.347672 2 0.661189 0.347450 2 0.661689 0.354114 2 0.639321 0.355447 2
0 0.714109 0.350338 0.024867 0.007997 0.701676 0.347672 2 0.726293 0.346339 2 0.726543 0.353670 2 0.702051 0.354336 2
0 0.742412 0.348894 0.023992 0.008220 0.730541 0.345450 2 0.754409 0.344784 2 0.754409 0.352115 2 0.730416 0.353003 2
