1 0.525026 0.599074 0.019844 0.040741 0.515104 0.593519 2 0.534896 0.578704 2 0.534948 0.601019 2 0.515104 0.619444 2
0 0.472135 0.604167 0.085938 0.032407 0.429688 0.587963 2 0.515104 0.593519 2 0.515104 0.620370 2 0.429167 0.613889 2
0 0.478373 0.348964 0.021935 0.008131 0.467405 0.346226 2 0.489247 0.344899 2 0.489341 0.352200 2 0.467499 0.353030 2
0 0.227450 0.359402 0.018015 0.007633 0.218442 0.356249 2 0.236178 0.355585 2 0.236458 0.363053 2 0.218442 0.363219 2
0 0.249059 0.359485 0.018482 0.006804 0.239911 0.356415 2 0.258206 0.356083 2 0.258300 0.362057 2 0.239818 0.362887 2
0 0.273514 0.358323 0.017735 0.006804 0.264647 0.355917 2 0.282382 0.354921 2 0.282289 0.360895 2 0.264647 0.361725 2
0 0.347246 0.354440 0.019882 0.006804 0.337305 0.351702 2 0.356907 0.351038 2 0.357187 0.357510 2 0.337398 0.357842 2
0 0.370682 0.353610 0.020427 0.007467 0.360469 0.350833 2 0.380615 0.349877 2 0.380895 0.356514 2 0.360827 0.357344 2
0 0.397740 0.352343 0.020491 0.008032 0.387494 0.349475 2 0.407582 0.348327 2 0.407986 0.355642 2 0.387575 0.356359 2
0 0.451770 0.350955 0.021002 0.007467 0.441269 0.347720 2 0.462271 0.347222 2 0.462178 0.354191 2 0.441363 0.354689 2
0 0.509969 0.347471 0.022029 0.009459 0.498955 0.344733 2 0.520984 0.342741 2 0.520984 0.351038 2 0.499142 0.352200 2
0 0.566947 0.345025 0.022788 0.007488 0.555661 0.341473 2 0.578341 0.341281 2 0.578341 0.348577 2 0.555553 0.348769 2
0 0.599023 0.344641 0.024084 0.008256 0.586981 0.340705 2 0.611065 0.340513 2 0.610957 0.348769 2 0.587197 0.348577 2
0 0.630721 0.343816 0.025488 0.008448 0.617977 0.340936 2 0.643141 0.339592 2 0.643465 0.346888 2 0.617977 0.348040 2
0 0.695003 0.341540 0.026866 0.008886 0.681570 0.337986 2 0.708436 0.337097 2 0.708311 0.345761 2 0.681820 0.345983 2
0 0.731648 0.339705 0.027162 0.008961 0.718067 0.335888 2 0.745043 0.335224 2 0.745229 0.342857 2 0.718160 0.344185 2
0 0.765630 0.338408 0.027991 0.009552 0.751634 0.333854 2 0.779625 0.333632 2 0.779375 0.341629 2 0.751634 0.343184 2
0 0.838198 0.335924 0.029343 0.010048 0.823527 0.331245 2 0.852559 0.330900 2 0.852869 0.340191 2 0.823720 0.340948 2
