1 0.452083 0.580093 0.021875 0.030556 0.442188 0.564815 2 0.463021 0.575000 2 0.462500 0.595370 2 0.441146 0.582407 2
0 0.494792 0.583796 0.065625 0.019444 0.461979 0.575000 2 0.527604 0.574074 2 0.527604 0.592593 2 0.461979 0.593519 2
0 0.578244 0.373288 0.015768 0.006528 0.570468 0.370024 2 0.586128 0.371752 2 0.586020 0.376552 2 0.570360 0.375784 2
0 0.599196 0.376667 0.016740 0.006912 0.590825 0.373211 2 0.607458 0.373787 2 0.607566 0.380123 2 0.590826 0.378779 2
0 0.556460 0.371061 0.016740 0.008064 0.548198 0.367028 2 0.564722 0.368757 2 0.564830 0.375093 2 0.548090 0.374133 2
0 0.457278 0.359438 0.021412 0.010706 0.446572 0.354085 2 0.467984 0.357059 2 0.467817 0.364791 2 0.446739 0.361817 2
0 0.431767 0.356316 0.021915 0.010409 0.420809 0.351111 2 0.442724 0.354382 2 0.442557 0.361520 2 0.421311 0.359141 2
0 0.343511 0.344905 0.024388 0.010323 0.331897 0.339743 2 0.355511 0.342840 2 0.355705 0.350066 2 0.331317 0.347314 2
0 0.313994 0.341808 0.026130 0.012388 0.300929 0.335614 2 0.326478 0.338023 2 0.327058 0.348002 2 0.301703 0.343873 2
0 0.244604 0.333378 0.027872 0.012731 0.230668 0.327012 2 0.258347 0.330453 2 0.258540 0.339743 2 0.231055 0.337679 2
0 0.208893 0.329765 0.029227 0.011011 0.194280 0.324259 2 0.223507 0.326668 2 0.223313 0.335270 2 0.194474 0.332517 2
0 0.173376 0.325979 0.030582 0.013764 0.158085 0.319097 2 0.188667 0.322194 2 0.188473 0.332861 2 0.158666 0.329076 2
0 0.052587 0.312660 0.037175 0.012740 0.034000 0.306290 2 0.071175 0.309475 2 0.070951 0.319030 2 0.034224 0.315845 2
