1 0.301250 0.587500 0.021458 0.037963 0.290625 0.568519 2 0.311979 0.580556 2 0.310937 0.606481 2 0.290521 0.591481 2
0 0.353385 0.589815 0.082813 0.031481 0.311979 0.580556 2 0.394792 0.574074 2 0.394792 0.598148 2 0.311979 0.605556 2
0 0.864583 0.593519 0.087500 0.035185 0.821354 0.575926 2 0.908333 0.586111 2 0.907813 0.611111 2 0.820833 0.600000 2
0 0.673698 0.556019 0.040104 0.021296 0.653646 0.545370 2 0.693229 0.550000 2 0.693750 0.566667 2 0.653646 0.561111 2
1 0.713802 0.556481 0.040104 0.018519 0.694271 0.549074 2 0.733854 0.547222 2 0.733333 0.563889 2 0.693750 0.565741 2
1 0.926042 0.595370 0.033333 0.031481 0.909375 0.587037 2 0.942187 0.579630 2 0.942708 0.600926 2 0.909375 0.611111 2
0 0.062493 0.277891 0.042171 0.017073 0.041825 0.269355 2 0.082744 0.276036 2 0.083579 0.286428 2 0.041408 0.278634 2
0 0.108214 0.285871 0.040084 0.017444 0.088381 0.277149 2 0.128255 0.283830 2 0.128047 0.294593 2 0.088172 0.287541 2
0 0.152167 0.294222 0.037355 0.012619 0.133892 0.287912 2 0.170844 0.293479 2 0.170635 0.300531 2 0.133490 0.296481 2
0 0.035814 0.191598 0.032148 0.021160 0.019740 0.181019 2 0.051470 0.189188 2 0.051888 0.202178 2 0.019740 0.196204 2
0 0.118602 0.214612 0.029462 0.016702 0.103871 0.206261 2 0.133333 0.212963 2 0.133333 0.222963 2 0.103871 0.215910 2
0 0.239089 0.308377 0.029740 0.013801 0.225100 0.301477 2 0.253789 0.305967 2 0.253958 0.315278 2 0.224219 0.310741 2
0 0.231023 0.240465 0.023400 0.012959 0.219341 0.233985 2 0.242723 0.238810 2 0.242083 0.246944 2 0.219323 0.242500 2
0 0.273926 0.315815 0.028328 0.013152 0.259942 0.309239 2 0.288090 0.313409 2 0.287729 0.322391 2 0.259762 0.317579 2
0 0.310193 0.322070 0.025802 0.014114 0.297833 0.315013 2 0.323094 0.320466 2 0.322553 0.329127 2 0.297292 0.323995 2
0 0.545064 0.365247 0.018522 0.009733 0.535803 0.360380 2 0.554324 0.362244 2 0.554208 0.370114 2 0.536036 0.368457 2
0 0.525963 0.361797 0.018099 0.008044 0.516913 0.357775 2 0.535012 0.360095 2 0.535012 0.365819 2 0.517000 0.363344 2
0 0.504896 0.358487 0.022396 0.009567 0.493698 0.353704 2 0.516094 0.356759 2 0.515941 0.363271 2 0.494375 0.360370 2
0 0.432949 0.345843 0.024102 0.008491 0.420898 0.341597 2 0.445000 0.342870 2 0.444895 0.350088 2 0.420990 0.348241 2
0 0.402201 0.339526 0.022249 0.009112 0.391077 0.334970 2 0.413326 0.337248 2 0.412977 0.344082 2 0.391077 0.341390 2
0 0.342235 0.328431 0.024800 0.010543 0.330374 0.323160 2 0.354635 0.325556 2 0.354635 0.333703 2 0.329835 0.330348 2
