1 0.467266 0.637824 0.021719 0.066944 0.456406 0.604352 2 0.456406 0.604352 2 0.478125 0.671296 2 0.478125 0.671296 2
0 0.540104 0.649537 0.121875 0.043519 0.479167 0.637037 2 0.601042 0.627778 2 0.601042 0.661111 2 0.479167 0.671296 2
0 0.655469 0.641204 0.109896 0.037963 0.600521 0.628704 2 0.710417 0.622222 2 0.710417 0.652778 2 0.600521 0.660185 2
0 0.758073 0.631481 0.095313 0.037037 0.710417 0.619444 2 0.805208 0.612963 2 0.805729 0.643519 2 0.710938 0.650000 2
0 0.255739 0.278040 0.022320 0.009360 0.245036 0.273360 2 0.266795 0.274988 2 0.266898 0.282721 2 0.244579 0.281296 2
0 0.281498 0.280991 0.021874 0.008343 0.270561 0.276819 2 0.292435 0.277837 2 0.292320 0.285162 2 0.270676 0.284348 2
0 0.309432 0.283228 0.022092 0.007938 0.298385 0.279259 2 0.320123 0.280075 2 0.320478 0.287197 2 0.298387 0.285569 2
0 0.364290 0.287643 0.020862 0.007904 0.354286 0.283691 2 0.374721 0.285059 2 0.374721 0.291595 2 0.353859 0.289923 2
0 0.389643 0.290045 0.021269 0.007035 0.379107 0.286528 2 0.400278 0.287583 2 0.400179 0.293563 2 0.379008 0.292508 2
0 0.417392 0.292332 0.019983 0.006683 0.407401 0.288990 2 0.427186 0.289166 2 0.427383 0.295673 2 0.407400 0.295321 2
0 0.442717 0.294268 0.018420 0.007390 0.433507 0.290573 2 0.451808 0.291804 2 0.451927 0.297963 2 0.433606 0.296904 2
0 0.228190 0.339205 0.028208 0.009889 0.214085 0.334261 2 0.242294 0.335438 2 0.242029 0.344150 2 0.214218 0.342266 2
0 0.263815 0.340971 0.026355 0.008711 0.250637 0.336616 2 0.276727 0.336851 2 0.276992 0.345327 2 0.250770 0.344621 2
0 0.298380 0.343561 0.026620 0.010124 0.285070 0.338499 2 0.311557 0.340618 2 0.311690 0.348623 2 0.285070 0.346033 2
0 0.330231 0.345091 0.025957 0.008947 0.317384 0.340618 2 0.342944 0.342031 2 0.343209 0.349565 2 0.317252 0.349094 2
0 0.364068 0.346975 0.024236 0.009418 0.352082 0.342266 2 0.375921 0.343914 2 0.376186 0.351684 2 0.351950 0.349565 2
0 0.392734 0.349329 0.024115 0.009417 0.380953 0.344621 2 0.404792 0.346740 2 0.404792 0.354038 2 0.380677 0.351944 2
0 0.422935 0.351189 0.023309 0.009417 0.411281 0.346481 2 0.434325 0.348129 2 0.434590 0.355898 2 0.411413 0.354250 2
0 0.453846 0.352778 0.022852 0.008442 0.442618 0.348557 2 0.465173 0.349964 2 0.465272 0.356999 2 0.442420 0.355944 2
0 0.481290 0.354531 0.022560 0.008546 0.470124 0.350258 2 0.492341 0.351275 2 0.492570 0.358804 2 0.470010 0.356973 2
0 0.509535 0.355969 0.022646 0.008241 0.498344 0.351848 2 0.520593 0.353026 2 0.520858 0.360089 2 0.498211 0.358676 2
0 0.565619 0.359679 0.020489 0.007122 0.555833 0.356118 2 0.575520 0.356729 2 0.575863 0.363240 2 0.555375 0.362426 2
0 0.687778 0.367411 0.018202 0.007738 0.678677 0.363542 2 0.696879 0.365476 2 0.696780 0.371279 2 0.678698 0.370185 2
0 0.779572 0.373812 0.014542 0.006683 0.772499 0.370470 2 0.786843 0.370998 2 0.786843 0.377154 2 0.772301 0.376098 2
