0 0.795312 0.566204 0.054167 0.017593 0.768229 0.557407 2 0.822396 0.560185 2 0.821875 0.575000 2 0.768229 0.571296 2
1 0.827344 0.564815 0.010937 0.018519 0.822396 0.561111 2 0.832812 0.555556 2 0.832812 0.568519 2 0.821875 0.574074 2
0 0.764905 0.375307 0.021618 0.009997 0.754096 0.372086 2 0.775464 0.370309 2 0.775714 0.377862 2 0.754221 0.380306 2
0 0.687680 0.385672 0.018252 0.008832 0.678554 0.383752 2 0.696806 0.381256 2 0.696806 0.387976 2 0.678662 0.390088 2
0 0.664388 0.388614 0.017494 0.008220 0.655766 0.386281 2 0.673010 0.384504 2 0.673135 0.391169 2 0.655641 0.392724 2
0 0.623351 0.393302 0.015673 0.006914 0.615514 0.391952 2 0.630869 0.389845 2 0.631187 0.395988 2 0.615746 0.396759 2
0 0.604382 0.395937 0.015036 0.008482 0.596863 0.393752 2 0.611900 0.391696 2 0.611611 0.397864 2 0.597152 0.400178 2
0 0.585080 0.399278 0.014314 0.007454 0.578068 0.397093 2 0.592237 0.395551 2 0.592237 0.400949 2 0.577923 0.403005 2
0 0.566320 0.401934 0.015444 0.008640 0.559031 0.400495 2 0.574042 0.397614 2 0.573610 0.403374 2 0.558598 0.406254 2
0 0.551092 0.403950 0.013068 0.008064 0.544558 0.401262 2 0.557410 0.399918 2 0.557626 0.405870 2 0.544558 0.407982 2
0 0.538240 0.404526 0.009612 0.007296 0.533650 0.402414 2 0.542938 0.400878 2 0.543046 0.407790 2 0.533434 0.408174 2
0 0.929323 0.355331 0.030388 0.013420 0.914323 0.351718 2 0.944517 0.348621 2 0.944130 0.358944 2 0.914129 0.362041 2
0 0.890379 0.359978 0.025591 0.010281 0.877583 0.357150 2 0.903030 0.354837 2 0.903174 0.363062 2 0.877583 0.365118 2
0 0.855685 0.362977 0.024591 0.010111 0.843390 0.359408 2 0.867312 0.357921 2 0.867981 0.366249 2 0.843557 0.368033 2
0 0.713276 0.382158 0.017712 0.008256 0.704420 0.380334 2 0.722024 0.378030 2 0.722132 0.384174 2 0.704528 0.386286 2
