1 0.550104 0.637639 0.023125 0.067315 0.561667 0.603981 2 0.561667 0.603981 2 0.538542 0.671296 2 0.538542 0.671296 2
0 0.363802 0.643981 0.107813 0.037963 0.309896 0.625000 2 0.417708 0.632407 2 0.417708 0.662963 2 0.309896 0.653704 2
0 0.477865 0.650000 0.120312 0.040741 0.418229 0.629630 2 0.538021 0.635185 2 0.538021 0.670370 2 0.417708 0.662037 2
0 0.260417 0.636111 0.097917 0.037037 0.211979 0.617593 2 0.309375 0.623148 2 0.309375 0.654630 2 0.211458 0.648148 2
0 0.847980 0.333878 0.027989 0.009128 0.834087 0.331283 2 0.861975 0.329314 2 0.861169 0.335936 2 0.833986 0.338442 2
0 0.772924 0.337350 0.024364 0.010739 0.760742 0.334129 2 0.785106 0.331981 2 0.785106 0.340393 2 0.760742 0.342720 2
0 0.810226 0.335203 0.026881 0.009665 0.796785 0.332876 2 0.823666 0.330370 2 0.822357 0.338782 2 0.797792 0.340035 2
0 0.522630 0.355688 0.024050 0.009244 0.510736 0.352799 2 0.534590 0.351066 2 0.534655 0.358692 2 0.510606 0.360310 2
0 0.705762 0.341254 0.027323 0.010829 0.692623 0.338160 2 0.719337 0.335839 2 0.719424 0.344657 2 0.692101 0.346668 2
0 0.639030 0.346776 0.026192 0.009591 0.625934 0.343682 2 0.651691 0.341981 2 0.652126 0.350643 2 0.626195 0.351572 2
0 0.578498 0.351885 0.024442 0.008690 0.566502 0.348876 2 0.590568 0.347539 2 0.590719 0.355829 2 0.566277 0.356230 2
0 0.548746 0.353556 0.023314 0.009359 0.537090 0.351015 2 0.559952 0.348876 2 0.560403 0.357700 2 0.537165 0.358235 2
0 0.362627 0.366716 0.019926 0.007271 0.352838 0.363700 2 0.372503 0.363081 2 0.372590 0.369733 2 0.352663 0.370351 2
0 0.389210 0.365324 0.020188 0.007580 0.379116 0.362926 2 0.399303 0.361534 2 0.399303 0.368031 2 0.379377 0.369114 2
0 0.412878 0.363932 0.021580 0.007580 0.402088 0.361534 2 0.423320 0.360142 2 0.423668 0.366948 2 0.402088 0.367722 2
0 0.438930 0.361996 0.021550 0.007869 0.428271 0.359925 2 0.449356 0.358061 2 0.449706 0.364895 2 0.428155 0.365931 2
0 0.466889 0.360654 0.020035 0.007696 0.456872 0.358417 2 0.476605 0.356806 2 0.476907 0.363787 2 0.456872 0.364502 2
0 0.492849 0.358787 0.022639 0.007790 0.481586 0.355592 2 0.503888 0.354892 2 0.504169 0.361584 2 0.481530 0.362682 2
