0 0.902865 0.734259 0.175521 0.066667 0.815104 0.700926 2 0.990625 0.713889 2 0.988021 0.767593 2 0.815104 0.752778 2
0 0.716146 0.718981 0.202083 0.062037 0.616667 0.687963 2 0.817187 0.701852 2 0.816146 0.750000 2 0.615104 0.736111 2
0 0.820703 0.329699 0.030098 0.008317 0.805654 0.325541 2 0.834660 0.326373 2 0.835752 0.333303 2 0.806434 0.333858 2
0 0.485689 0.290839 0.017007 0.008905 0.477186 0.286801 2 0.493971 0.286387 2 0.494193 0.293221 2 0.477418 0.295292 2
0 0.508944 0.289259 0.018929 0.007407 0.499479 0.285556 2 0.518108 0.285583 2 0.518408 0.292803 2 0.499583 0.292963 2
0 0.532391 0.286572 0.019230 0.009665 0.522776 0.282813 2 0.541402 0.281740 2 0.542006 0.290331 2 0.522978 0.291405 2
0 0.583854 0.282141 0.020735 0.009733 0.573487 0.279139 2 0.594105 0.277275 2 0.594222 0.284730 2 0.574652 0.287008 2
0 0.610362 0.280195 0.022186 0.007621 0.599345 0.277321 2 0.621455 0.276385 2 0.621455 0.282535 2 0.599269 0.284006 2
0 0.640023 0.278230 0.020080 0.008289 0.630134 0.274620 2 0.650063 0.274085 2 0.650063 0.282107 2 0.629983 0.282375 2
0 0.666947 0.276559 0.024141 0.008690 0.655328 0.273016 2 0.678942 0.272213 2 0.679017 0.279300 2 0.654876 0.280904 2
0 0.543758 0.307657 0.020539 0.006622 0.533488 0.305241 2 0.554027 0.304346 2 0.554027 0.310073 2 0.533690 0.310968 2
0 0.431580 0.348928 0.023298 0.009112 0.419931 0.345407 2 0.443112 0.344372 2 0.443229 0.353070 2 0.420281 0.353484 2
0 0.458221 0.348448 0.023760 0.008054 0.446340 0.345494 2 0.470101 0.344420 2 0.470000 0.352296 2 0.446341 0.352475 2
0 0.488776 0.347096 0.022655 0.008215 0.477448 0.344444 2 0.500003 0.342988 2 0.500103 0.349790 2 0.477448 0.351204 2
0 0.519484 0.345226 0.022250 0.008413 0.508359 0.341019 2 0.530609 0.341378 2 0.530206 0.349432 2 0.508560 0.349432 2
0 0.548933 0.344063 0.025371 0.007875 0.536247 0.340125 2 0.561518 0.340483 2 0.561618 0.347284 2 0.536448 0.348000 2
0 0.579942 0.342094 0.024364 0.007875 0.568062 0.338514 2 0.591822 0.338156 2 0.592124 0.345315 2 0.567760 0.346031 2
0 0.610054 0.341269 0.023765 0.008022 0.598171 0.337793 2 0.621936 0.337258 2 0.621711 0.344210 2 0.598322 0.345280 2
0 0.642285 0.338822 0.026327 0.009940 0.629122 0.335509 2 0.655332 0.333852 2 0.655448 0.341307 2 0.629238 0.343793 2
0 0.677966 0.336689 0.029821 0.009112 0.663055 0.333169 2 0.691944 0.332133 2 0.692876 0.340831 2 0.664104 0.341245 2
0 0.709942 0.334618 0.027608 0.009940 0.696138 0.330270 2 0.723629 0.329648 2 0.723746 0.339589 2 0.696138 0.339174 2
0 0.856336 0.328036 0.030565 0.009426 0.841366 0.324432 2 0.871463 0.323323 2 0.871619 0.332195 2 0.841054 0.332749 2
0 0.975121 0.322353 0.032905 0.008872 0.959136 0.318471 2 0.990793 0.317917 2 0.991573 0.326511 2 0.958668 0.326788 2
