0 0.513281 0.731481 0.183854 0.088889 0.421354 0.718519 2 0.605208 0.687037 2 0.605208 0.735185 2 0.421875 0.775926 2
0 0.789844 0.672685 0.100521 0.058333 0.739583 0.662037 2 0.840104 0.643519 2 0.840104 0.678704 2 0.740104 0.701852 2
0 0.671875 0.697222 0.135417 0.070370 0.604167 0.683333 2 0.739062 0.662037 2 0.739583 0.705556 2 0.604688 0.732407 2
1 0.396354 0.708796 0.050000 0.134259 0.371354 0.641667 2 0.371354 0.641667 2 0.421354 0.775926 2 0.421354 0.775926 2
0 0.113579 0.222146 0.029437 0.016702 0.098861 0.213795 2 0.128297 0.221218 2 0.127671 0.230496 2 0.100113 0.224929 2
0 0.122013 0.294407 0.032985 0.015588 0.105938 0.286613 2 0.138506 0.291809 2 0.138506 0.302201 2 0.105521 0.297748 2
0 0.369492 0.265741 0.018795 0.008335 0.360521 0.261574 2 0.378890 0.262793 2 0.378020 0.269909 2 0.360094 0.267898 2
0 0.341383 0.260852 0.022249 0.012426 0.330491 0.254640 2 0.352391 0.258367 2 0.352507 0.267065 2 0.330258 0.262923 2
0 0.313250 0.254432 0.021900 0.013254 0.302766 0.247805 2 0.323967 0.252983 2 0.324200 0.261059 2 0.302300 0.258367 2
0 0.626938 0.362447 0.020682 0.008556 0.616747 0.358169 2 0.637278 0.361243 2 0.636977 0.366725 2 0.616597 0.364051 2
0 0.530539 0.349002 0.022149 0.008949 0.519464 0.344528 2 0.541311 0.347213 2 0.541613 0.353477 2 0.520269 0.350613 2
0 0.417591 0.332960 0.025339 0.011981 0.405461 0.326969 2 0.430126 0.330804 2 0.430260 0.338950 2 0.404922 0.335117 2
0 0.386322 0.329127 0.028035 0.013418 0.372574 0.322418 2 0.400069 0.326011 2 0.400339 0.335835 2 0.372304 0.330804 2
0 0.355457 0.324454 0.024261 0.010303 0.344135 0.319302 2 0.367587 0.322178 2 0.367587 0.329606 2 0.343326 0.326970 2
0 0.318216 0.320078 0.027888 0.011276 0.304775 0.314440 2 0.332160 0.316767 2 0.331758 0.325716 2 0.304272 0.323211 2
0 0.281612 0.316198 0.028694 0.011921 0.267265 0.310238 2 0.295959 0.312732 2 0.295803 0.322158 2 0.267421 0.317723 2
0 0.246961 0.309847 0.030062 0.012248 0.231930 0.303723 2 0.261993 0.307806 2 0.261575 0.315971 2 0.232347 0.314486 2
0 0.207295 0.304466 0.034238 0.014103 0.190176 0.297414 2 0.224414 0.303352 2 0.224205 0.311517 2 0.191846 0.307806 2
0 0.147796 0.227824 0.028810 0.015960 0.134017 0.219844 2 0.162201 0.224669 2 0.161157 0.235804 2 0.133391 0.230237 2
0 0.165061 0.300568 0.035282 0.014846 0.147420 0.293145 2 0.182702 0.299084 2 0.182494 0.307991 2 0.148673 0.302795 2
0 0.070865 0.289508 0.043006 0.017073 0.049988 0.280971 2 0.092368 0.288395 2 0.091324 0.298045 2 0.049362 0.292477 2
0 0.022431 0.281900 0.044259 0.016702 0.000000 0.000000 0 0.044560 0.280230 2 0.044560 0.290251 2 0.000000 0.000000 0
0 0.280133 0.250057 0.020894 0.011355 0.269686 0.244379 2 0.290580 0.248260 2 0.290255 0.255734 2 0.270299 0.253810 2
0 0.251480 0.244851 0.022915 0.012850 0.240573 0.238426 2 0.262937 0.242936 2 0.262396 0.251276 2 0.240022 0.246464 2
0 0.181429 0.232538 0.027766 0.013732 0.169216 0.225672 2 0.195312 0.229754 2 0.194894 0.239404 2 0.167546 0.233837 2
