0 0.151302 0.616204 0.106771 0.030556 0.098437 0.600926 2 0.204687 0.602778 2 0.204167 0.631481 2 0.097917 0.631481 2
0 0.256510 0.615741 0.104687 0.027778 0.204167 0.603704 2 0.308333 0.601852 2 0.308854 0.628704 2 0.204687 0.629630 2
0 0.358333 0.616204 0.098958 0.026852 0.308854 0.605556 2 0.407813 0.602778 2 0.407813 0.626852 2 0.308854 0.629630 2
0 0.353691 0.359018 0.023048 0.007691 0.342437 0.355172 2 0.365215 0.355651 2 0.365215 0.362864 2 0.342167 0.361905 2
0 0.465988 0.362497 0.024640 0.008594 0.453824 0.358200 2 0.477995 0.358199 2 0.478307 0.366794 2 0.453668 0.366239 2
0 0.522963 0.364728 0.021835 0.008137 0.512046 0.361378 2 0.533476 0.360659 2 0.533880 0.368566 2 0.512292 0.368796 2
0 0.603775 0.368657 0.024325 0.008426 0.591613 0.365123 2 0.615469 0.364444 2 0.615938 0.372870 2 0.591719 0.371759 2
0 0.630281 0.370615 0.022250 0.006103 0.619156 0.367921 2 0.641004 0.367563 2 0.641407 0.373667 2 0.619660 0.372951 2
0 0.710606 0.373071 0.020217 0.005991 0.701171 0.370076 2 0.720714 0.370316 2 0.720714 0.375827 2 0.700497 0.376066 2
0 0.808866 0.376941 0.020273 0.006654 0.798730 0.373614 2 0.819003 0.373614 2 0.818847 0.380268 2 0.799666 0.380268 2
0 0.174182 0.350655 0.023198 0.008505 0.162583 0.346402 2 0.185299 0.348473 2 0.185781 0.354907 2 0.162584 0.352615 2
0 0.206267 0.351890 0.023298 0.007248 0.194618 0.348266 2 0.217683 0.348680 2 0.217916 0.355514 2 0.194618 0.355100 2
0 0.236146 0.353650 0.023880 0.009112 0.224206 0.349094 2 0.248087 0.350130 2 0.247970 0.358206 2 0.224323 0.356964 2
0 0.265385 0.355058 0.022017 0.008077 0.254377 0.351020 2 0.276044 0.351227 2 0.276393 0.359097 2 0.254377 0.358268 2
0 0.296652 0.356610 0.023317 0.007907 0.284993 0.352657 2 0.308175 0.352896 2 0.308310 0.360563 2 0.284993 0.359126 2
0 0.324557 0.356522 0.024939 0.007951 0.312088 0.352546 2 0.337027 0.352593 2 0.337027 0.360497 2 0.312227 0.360250 2
