0 0.375000 0.746296 0.219792 0.064815 0.265104 0.720370 2 0.484375 0.713889 2 0.484896 0.771296 2 0.265625 0.778704 2
0 0.145573 0.750463 0.236979 0.058333 0.027083 0.723148 2 0.263021 0.721296 2 0.264062 0.777778 2 0.027604 0.779630 2
0 0.130703 0.315588 0.029474 0.009426 0.115966 0.310875 2 0.145440 0.311984 2 0.145440 0.320301 2 0.115966 0.318638 2
0 0.168520 0.318360 0.027758 0.009426 0.155109 0.313647 2 0.182399 0.314756 2 0.182399 0.323073 2 0.154641 0.321133 2
0 0.200957 0.320422 0.029942 0.011956 0.185990 0.314444 2 0.215928 0.316974 2 0.215772 0.326400 2 0.185986 0.324182 2
0 0.237370 0.322658 0.027602 0.009703 0.224193 0.317806 2 0.251016 0.319192 2 0.251172 0.327509 2 0.223569 0.326400 2
0 0.273004 0.325846 0.027447 0.009981 0.259593 0.320855 2 0.286571 0.321687 2 0.286727 0.330836 2 0.259281 0.327786 2
0 0.306299 0.327648 0.027291 0.010258 0.294213 0.322519 2 0.319944 0.323905 2 0.319788 0.332777 2 0.292653 0.331113 2
0 0.340754 0.330062 0.027142 0.008905 0.327532 0.325817 2 0.354324 0.325610 2 0.354208 0.334515 2 0.327183 0.333272 2
0 0.500077 0.339430 0.025419 0.008872 0.487368 0.334994 2 0.512787 0.336381 2 0.512475 0.343866 2 0.487368 0.342480 2
0 0.563938 0.344043 0.024359 0.008981 0.551759 0.339553 2 0.576118 0.340515 2 0.576118 0.348534 2 0.551759 0.347892 2
0 0.623038 0.347624 0.026956 0.008626 0.609964 0.343311 2 0.636382 0.343311 2 0.636516 0.351937 2 0.609560 0.351219 2
0 0.652286 0.349422 0.024261 0.008386 0.640156 0.345228 2 0.664416 0.346187 2 0.664416 0.353615 2 0.640155 0.352896 2
0 0.681722 0.351099 0.022239 0.007668 0.670737 0.347265 2 0.692841 0.347505 2 0.692841 0.354932 2 0.670603 0.354214 2
0 0.868355 0.380883 0.019337 0.007248 0.858803 0.377259 2 0.878024 0.377880 2 0.877791 0.384507 2 0.858687 0.383678 2
0 0.872711 0.363245 0.020429 0.008040 0.862496 0.359225 2 0.882925 0.359780 2 0.882769 0.367265 2 0.862808 0.366711 2
