0 0.282031 0.730093 0.197396 0.067593 0.183854 0.696296 2 0.380729 0.709259 2 0.379688 0.763889 2 0.183333 0.750926 2
0 0.701042 0.756019 0.222917 0.069444 0.591667 0.721296 2 0.812500 0.731481 2 0.811458 0.790741 2 0.589583 0.777778 2
0 0.486458 0.742130 0.208333 0.071296 0.383333 0.706481 2 0.590625 0.720370 2 0.590625 0.777778 2 0.382292 0.764815 2
0 0.347249 0.338807 0.023722 0.007668 0.335388 0.335452 2 0.359109 0.334973 2 0.358975 0.342640 2 0.335927 0.342640 2
0 0.378046 0.338567 0.023317 0.009105 0.366387 0.334733 2 0.389570 0.334014 2 0.389705 0.343120 2 0.366388 0.341922 2
0 0.409377 0.339568 0.023414 0.007248 0.397903 0.335944 2 0.420851 0.335944 2 0.421084 0.343192 2 0.397670 0.342985 2
0 0.829935 0.342896 0.026043 0.007486 0.816913 0.339153 2 0.842956 0.339708 2 0.842644 0.346361 2 0.817069 0.346639 2
0 0.862294 0.343589 0.026199 0.007208 0.849194 0.340262 2 0.875081 0.339985 2 0.875393 0.347193 2 0.849506 0.347193 2
0 0.672327 0.279376 0.022130 0.009278 0.661262 0.274737 2 0.683392 0.275108 2 0.683392 0.284015 2 0.662724 0.283644 2
0 0.536508 0.280186 0.021026 0.008171 0.525995 0.276100 2 0.546482 0.276819 2 0.547022 0.284271 2 0.526265 0.283792 2
0 0.482367 0.280797 0.020891 0.007188 0.472326 0.277203 2 0.492678 0.277442 2 0.492812 0.284391 2 0.471921 0.283912 2
0 0.430281 0.280505 0.020164 0.007455 0.420316 0.277606 2 0.440014 0.276778 2 0.440363 0.284026 2 0.420199 0.284233 2
0 0.382602 0.280916 0.019409 0.007189 0.372897 0.277322 2 0.392171 0.277562 2 0.392306 0.284511 2 0.373167 0.284032 2
0 0.439979 0.339858 0.024929 0.008077 0.427515 0.335819 2 0.451861 0.336027 2 0.452443 0.343689 2 0.427515 0.343896 2
0 0.471421 0.339957 0.025342 0.008626 0.459023 0.335644 2 0.483823 0.335644 2 0.484092 0.344270 2 0.458750 0.343333 2
0 0.500215 0.339815 0.024712 0.008818 0.488033 0.335406 2 0.512571 0.335870 2 0.512571 0.344224 2 0.487859 0.343450 2
0 0.531406 0.340001 0.025622 0.009303 0.518956 0.335350 2 0.544217 0.335992 2 0.544217 0.344332 2 0.518595 0.344653 2
0 0.696215 0.340867 0.026163 0.009302 0.683133 0.336858 2 0.709297 0.336216 2 0.709297 0.344877 2 0.683134 0.345519 2
0 0.795634 0.342792 0.026885 0.008019 0.782192 0.338782 2 0.808896 0.339103 2 0.809077 0.346802 2 0.782733 0.345839 2
0 0.287467 0.337609 0.023059 0.008626 0.275938 0.333333 2 0.298997 0.333296 2 0.298997 0.341922 2 0.276219 0.340963 2
0 0.319079 0.337968 0.022643 0.007907 0.307758 0.334014 2 0.330266 0.334494 2 0.330401 0.341922 2 0.307758 0.341442 2
