0 0.914323 0.612963 0.123437 0.035185 0.853125 0.595370 2 0.976042 0.600926 2 0.976042 0.630556 2 0.852604 0.625000 2
0 0.798958 0.607407 0.109375 0.033333 0.744792 0.590741 2 0.853646 0.596296 2 0.853646 0.624074 2 0.744271 0.617593 2
0 0.696094 0.600926 0.097396 0.031481 0.647917 0.585185 2 0.744792 0.589815 2 0.744271 0.616667 2 0.647396 0.611111 2
0 0.568256 0.308018 0.018566 0.009112 0.559087 0.303462 2 0.577198 0.303462 2 0.577540 0.311967 2 0.558973 0.312575 2
0 0.713068 0.288100 0.019667 0.009623 0.703234 0.285855 2 0.722360 0.283289 2 0.722901 0.290987 2 0.703956 0.292912 2
0 0.746858 0.345467 0.024203 0.010005 0.734756 0.342612 2 0.758617 0.340465 2 0.758960 0.347606 2 0.734998 0.350470 2
0 0.713211 0.348161 0.024364 0.008949 0.701130 0.345476 2 0.725393 0.343687 2 0.725393 0.350846 2 0.701029 0.352636 2
0 0.681937 0.351541 0.022450 0.010055 0.671235 0.348679 2 0.692901 0.346513 2 0.693162 0.353784 2 0.670712 0.356568 2
0 0.654703 0.353547 0.023764 0.009319 0.642821 0.349508 2 0.666585 0.348887 2 0.666468 0.356964 2 0.642821 0.358206 2
0 0.625222 0.356751 0.024715 0.010758 0.613233 0.353236 2 0.637463 0.351372 2 0.637579 0.359863 2 0.612865 0.362130 2
0 0.598690 0.358934 0.022118 0.010303 0.587901 0.356658 2 0.609749 0.353782 2 0.609749 0.362408 2 0.587631 0.364086 2
0 0.571471 0.361330 0.018869 0.007428 0.562036 0.359294 2 0.580636 0.357616 2 0.580906 0.362888 2 0.562440 0.365044 2
0 0.544171 0.363834 0.021956 0.010998 0.533193 0.360731 2 0.555149 0.358335 2 0.555014 0.366697 2 0.533463 0.369333 2
0 0.520854 0.365511 0.020365 0.008602 0.510806 0.361929 2 0.531036 0.361210 2 0.530902 0.369812 2 0.510671 0.369573 2
0 0.780016 0.341759 0.028071 0.012476 0.765981 0.338294 2 0.793740 0.335521 2 0.794052 0.344947 2 0.766137 0.347997 2
0 0.888468 0.331405 0.031215 0.011869 0.873763 0.328678 2 0.903354 0.325470 2 0.904076 0.334452 2 0.872861 0.337339 2
0 0.683567 0.291461 0.018044 0.008004 0.674545 0.289062 2 0.692588 0.287459 2 0.692588 0.293874 2 0.674740 0.295463 2
0 0.609859 0.301990 0.022554 0.010585 0.598582 0.298942 2 0.620234 0.296697 2 0.621136 0.304716 2 0.598582 0.307282 2
0 0.586269 0.307215 0.017934 0.010812 0.577302 0.302918 2 0.595236 0.301809 2 0.594924 0.312622 2 0.577458 0.310126 2
