1 0.594010 0.603704 0.031771 0.044444 0.578646 0.581481 2 0.609896 0.597222 2 0.609896 0.625926 2 0.578125 0.604630 2
0 0.653385 0.612037 0.088021 0.024074 0.609375 0.600000 2 0.697396 0.600926 2 0.697396 0.624074 2 0.609896 0.624074 2
1 0.836198 0.567130 0.047396 0.021296 0.813021 0.556481 2 0.859896 0.562037 2 0.859896 0.577778 2 0.812500 0.572222 2
0 0.698071 0.355042 0.019519 0.008225 0.688311 0.350930 2 0.707541 0.352215 2 0.707830 0.359155 2 0.688311 0.359155 2
0 0.585788 0.348257 0.022989 0.009511 0.575162 0.343501 2 0.597283 0.345044 2 0.596993 0.353012 2 0.574294 0.352241 2
0 0.557768 0.345815 0.023133 0.009510 0.546347 0.341060 2 0.569335 0.341317 2 0.569190 0.350570 2 0.546202 0.349285 2
0 0.275458 0.326882 0.026688 0.008458 0.262114 0.322653 2 0.288540 0.322653 2 0.288802 0.331111 2 0.262338 0.329023 2
0 0.310750 0.328388 0.024145 0.010024 0.298678 0.323376 2 0.322534 0.324404 2 0.322823 0.333400 2 0.298678 0.331858 2
0 0.341105 0.330655 0.025242 0.009775 0.328485 0.325768 2 0.353476 0.325990 2 0.353726 0.335542 2 0.328859 0.334432 2
0 0.468014 0.338963 0.023617 0.009108 0.456455 0.334409 2 0.479823 0.335520 2 0.479573 0.343518 2 0.456206 0.342407 2
0 0.407366 0.335617 0.024300 0.009792 0.395432 0.330721 2 0.419300 0.331297 2 0.419516 0.340513 2 0.395216 0.339361 2
0 0.439240 0.337281 0.024001 0.010281 0.427673 0.332141 2 0.451240 0.333426 2 0.451096 0.342422 2 0.427240 0.341394 2
0 0.099593 0.314555 0.028065 0.010323 0.085947 0.309394 2 0.113432 0.310426 2 0.113626 0.319717 2 0.085560 0.317652 2
0 0.172370 0.319889 0.028065 0.011355 0.158530 0.314212 2 0.186209 0.315588 2 0.186402 0.325567 2 0.158337 0.322814 2
0 0.207693 0.320887 0.027872 0.010323 0.194145 0.315725 2 0.221629 0.317446 2 0.221629 0.326048 2 0.193757 0.323984 2
0 0.723893 0.357227 0.019663 0.007968 0.714061 0.353243 2 0.733580 0.354785 2 0.733724 0.361211 2 0.714350 0.361211 2
0 0.749206 0.359983 0.018949 0.008795 0.739731 0.355585 2 0.758307 0.356913 2 0.758680 0.364380 2 0.740012 0.363716 2
