0 0.494792 0.591204 0.070833 0.028704 0.459896 0.576852 2 0.530208 0.583333 2 0.530208 0.605556 2 0.459375 0.598148 2
0 0.656771 0.605093 0.095833 0.032407 0.609375 0.588889 2 0.704688 0.597222 2 0.704167 0.621296 2 0.608854 0.613889 2
0 0.559112 0.368561 0.019687 0.007662 0.549269 0.367422 2 0.568606 0.364729 2 0.568955 0.371149 2 0.549269 0.372392 2
0 0.564085 0.315780 0.016174 0.007668 0.555998 0.314582 2 0.571902 0.311946 2 0.572172 0.318176 2 0.556402 0.319614 2
0 0.949672 0.331405 0.034824 0.011869 0.932260 0.328998 2 0.967083 0.325470 2 0.967083 0.334444 2 0.933342 0.337339 2
0 0.534300 0.371356 0.019919 0.007869 0.524340 0.369492 2 0.544027 0.367422 2 0.544260 0.374463 2 0.524690 0.375291 2
0 0.512284 0.373427 0.018289 0.007869 0.503489 0.371564 2 0.521078 0.369493 2 0.521428 0.376327 2 0.503139 0.377362 2
0 0.831681 0.341815 0.031501 0.009703 0.815931 0.340290 2 0.846652 0.336963 2 0.847432 0.344726 2 0.816243 0.346666 2
0 0.585219 0.366841 0.019139 0.008147 0.575649 0.365403 2 0.594384 0.362768 2 0.594788 0.369477 2 0.575784 0.370915 2
0 0.489685 0.375912 0.017357 0.006627 0.481006 0.374049 2 0.498247 0.372599 2 0.498363 0.377983 2 0.481006 0.379226 2
