0 0.370573 0.669907 0.152604 0.047222 0.294271 0.653704 2 0.446875 0.646296 2 0.446875 0.685185 2 0.294792 0.693519 2
0 0.206771 0.677778 0.171875 0.046296 0.120833 0.659259 2 0.292708 0.654630 2 0.292708 0.695370 2 0.121875 0.700926 2
0 0.060156 0.682407 0.118229 0.042593 0.000000 0.000000 0 0.119271 0.661111 2 0.119271 0.702778 2 0.000000 0.000000 0
0 0.756701 0.399686 0.017240 0.006006 0.748546 0.396683 2 0.765088 0.397719 2 0.765321 0.402689 2 0.748081 0.402068 2
0 0.429995 0.349328 0.025263 0.009980 0.417675 0.344338 2 0.442315 0.346278 2 0.442627 0.354318 2 0.417364 0.351823 2
0 0.302275 0.335965 0.028070 0.011367 0.288240 0.330282 2 0.316310 0.333331 2 0.316310 0.341648 2 0.288240 0.338044 2
0 0.269994 0.331668 0.028382 0.011644 0.256271 0.325845 2 0.283874 0.329173 2 0.284185 0.337490 2 0.255803 0.334717 2
0 0.233668 0.328228 0.027495 0.011478 0.220595 0.322489 2 0.247416 0.324646 2 0.247416 0.333966 2 0.219921 0.331810 2
0 0.198010 0.324848 0.029786 0.011089 0.183428 0.319303 2 0.212902 0.322353 2 0.212902 0.330392 2 0.183117 0.327897 2
0 0.160582 0.321327 0.030721 0.011644 0.145378 0.315505 2 0.175475 0.318000 2 0.175943 0.327149 2 0.145222 0.323267 2
0 0.120647 0.316938 0.030313 0.011869 0.105671 0.311004 2 0.135623 0.313249 2 0.135803 0.322872 2 0.105490 0.319344 2
0 0.083928 0.312126 0.033380 0.013152 0.067599 0.305550 2 0.100618 0.309400 2 0.100077 0.318702 2 0.067238 0.315494 2
0 0.040353 0.306834 0.033561 0.014114 0.023934 0.299777 2 0.057134 0.305230 2 0.057134 0.313890 2 0.023573 0.309400 2
0 0.597903 0.367857 0.024230 0.008076 0.585788 0.363818 2 0.610018 0.364854 2 0.609901 0.371895 2 0.586021 0.370652 2
0 0.571828 0.364576 0.023860 0.009149 0.559898 0.360002 2 0.583758 0.362774 2 0.583602 0.369150 2 0.559898 0.367487 2
0 0.545162 0.362219 0.024483 0.009980 0.532920 0.357229 2 0.557403 0.359447 2 0.557247 0.367210 2 0.533232 0.364437 2
