0 0.412891 0.764213 0.198177 0.126574 0.315625 0.764815 2 0.510938 0.700926 2 0.511979 0.750926 2 0.313802 0.827500 2
1 0.273984 0.749722 0.079219 0.158704 0.234375 0.670370 2 0.234375 0.670370 2 0.313594 0.829074 2 0.313594 0.829074 2
0 0.672917 0.668056 0.081250 0.067593 0.632292 0.659259 2 0.712500 0.634259 2 0.713542 0.668519 2 0.632812 0.701852 2
0 0.571615 0.704630 0.122396 0.090741 0.510417 0.695370 2 0.632292 0.659259 2 0.632812 0.700926 2 0.510938 0.750000 2
0 0.132092 0.207765 0.027100 0.016109 0.118761 0.199711 2 0.145541 0.206870 2 0.145642 0.215819 2 0.118542 0.209722 2
0 0.168295 0.218325 0.027989 0.014319 0.154603 0.211165 2 0.182289 0.217967 2 0.181887 0.225485 2 0.154300 0.218146 2
0 0.039093 0.259617 0.045507 0.019509 0.016742 0.249863 2 0.061847 0.259349 2 0.061847 0.269372 2 0.016340 0.260960 2
0 0.090037 0.271878 0.041077 0.019330 0.069700 0.262212 2 0.110575 0.269730 2 0.110072 0.281543 2 0.069498 0.273488 2
0 0.139374 0.282763 0.036959 0.018575 0.121206 0.273475 2 0.157853 0.280407 2 0.157697 0.292050 2 0.120894 0.284842 2
0 0.184676 0.292466 0.035556 0.017466 0.169705 0.283733 2 0.202142 0.291496 2 0.202454 0.301199 2 0.166898 0.294823 2
0 0.224099 0.301379 0.031134 0.016293 0.208532 0.293233 2 0.239666 0.300181 2 0.239666 0.309526 2 0.209206 0.302577 2
0 0.261905 0.310125 0.029652 0.015096 0.247618 0.302577 2 0.276596 0.309526 2 0.276731 0.317673 2 0.247079 0.310245 2
0 0.388293 0.339589 0.019104 0.011597 0.378973 0.333790 2 0.397845 0.338553 2 0.397845 0.345387 2 0.378741 0.340831 2
0 0.458543 0.355687 0.015837 0.010364 0.450625 0.350505 2 0.465940 0.353289 2 0.466462 0.360869 2 0.450625 0.357929 2
0 0.500969 0.364843 0.016109 0.009128 0.493318 0.360278 2 0.508721 0.362784 2 0.509023 0.369407 2 0.492915 0.367259 2
0 0.553642 0.376966 0.012710 0.008289 0.547287 0.372822 2 0.559997 0.375228 2 0.559696 0.381111 2 0.547513 0.378838 2
0 0.041845 0.180490 0.035868 0.020238 0.024067 0.170371 2 0.059467 0.180906 2 0.059779 0.190609 2 0.023911 0.180074 2
0 0.085588 0.194352 0.033840 0.020238 0.068668 0.184233 2 0.102352 0.193104 2 0.102508 0.204471 2 0.068824 0.195322 2
