1 0.452344 0.541204 0.044271 0.041667 0.430208 0.533333 2 0.473958 0.520370 2 0.474479 0.545370 2 0.430208 0.562037 2
0 0.382552 0.550463 0.095313 0.034259 0.334896 0.539815 2 0.430208 0.533333 2 0.430208 0.561111 2 0.335417 0.567593 2
0 0.291667 0.555556 0.087500 0.029630 0.247917 0.544444 2 0.334896 0.540741 2 0.335417 0.566667 2 0.247917 0.570370 2
0 0.208594 0.560648 0.078646 0.028704 0.169271 0.549074 2 0.247917 0.546296 2 0.247917 0.571296 2 0.169271 0.575000 2
0 0.352540 0.356107 0.020743 0.008922 0.342169 0.354621 2 0.361908 0.351646 2 0.362912 0.358189 2 0.342336 0.360568 2
0 0.700461 0.239022 0.022082 0.009814 0.689755 0.237089 2 0.711000 0.234115 2 0.711502 0.241848 2 0.689420 0.243929 2
0 0.541391 0.271991 0.018175 0.012388 0.533059 0.268549 2 0.550479 0.265797 2 0.550479 0.273711 2 0.532304 0.278184 2
0 0.885754 0.269720 0.028840 0.011011 0.871334 0.268343 2 0.900174 0.264214 2 0.900174 0.271096 2 0.872109 0.275225 2
0 0.743104 0.293271 0.026188 0.012342 0.730010 0.288693 2 0.755540 0.287100 2 0.756198 0.295093 2 0.730458 0.299442 2
0 0.712542 0.297053 0.030457 0.012740 0.698657 0.293072 2 0.727771 0.290683 2 0.727771 0.299044 2 0.697314 0.303423 2
0 0.646141 0.308201 0.024858 0.011148 0.634384 0.306210 2 0.658122 0.302627 2 0.658570 0.309395 2 0.633712 0.313775 2
0 0.526956 0.327789 0.022843 0.011546 0.516198 0.325185 2 0.537033 0.322016 2 0.538377 0.331571 2 0.515534 0.333562 2
0 0.425017 0.344354 0.019743 0.007570 0.415726 0.342978 2 0.434694 0.340569 2 0.434888 0.347795 2 0.415145 0.348139 2
0 0.400449 0.349041 0.020386 0.008199 0.390545 0.347255 2 0.409630 0.344941 2 0.410642 0.351624 2 0.390256 0.353140 2
0 0.375782 0.352137 0.019619 0.008886 0.367097 0.350360 2 0.385091 0.347694 2 0.385591 0.354803 2 0.365972 0.356580 2
0 0.776479 0.287697 0.029337 0.010750 0.762035 0.285109 2 0.790476 0.282322 2 0.791148 0.289489 2 0.761811 0.293072 2
