0 0.841406 0.584259 0.224479 0.070370 0.730208 0.564815 2 0.953646 0.549074 2 0.950521 0.604630 2 0.729167 0.619444 2
1 0.698698 0.579167 0.059896 0.080556 0.668750 0.538889 2 0.727604 0.563889 2 0.728646 0.619444 2 0.669271 0.581481 2
0 0.859580 0.252430 0.031215 0.012831 0.843973 0.249864 2 0.874647 0.246015 2 0.875188 0.255959 2 0.844695 0.258846 2
0 0.144489 0.331668 0.026979 0.012198 0.130999 0.330004 2 0.157666 0.325569 2 0.157978 0.334163 2 0.131467 0.337767 2
0 0.167828 0.329007 0.020487 0.008626 0.157719 0.325173 2 0.177801 0.324694 2 0.178071 0.332121 2 0.157584 0.333320 2
0 0.189271 0.327521 0.025474 0.009584 0.177208 0.324646 2 0.202008 0.322729 2 0.202008 0.330396 2 0.176535 0.332313 2
0 0.224113 0.322897 0.027957 0.010355 0.210600 0.321240 2 0.237975 0.317720 2 0.238092 0.325589 2 0.210134 0.328074 2
0 0.259002 0.319273 0.027608 0.011804 0.245198 0.316063 2 0.272456 0.313371 2 0.272805 0.322690 2 0.245431 0.325175 2
0 0.292515 0.315069 0.027375 0.011597 0.279294 0.311756 2 0.306203 0.309270 2 0.306086 0.319211 2 0.278828 0.320867 2
0 0.397527 0.303306 0.029942 0.012476 0.382868 0.299563 2 0.412186 0.297068 2 0.412498 0.305663 2 0.382556 0.309544 2
0 0.436249 0.298094 0.027758 0.011367 0.422369 0.295461 2 0.449816 0.292411 2 0.450128 0.302114 2 0.422525 0.303778 2
0 0.547400 0.285945 0.031315 0.014103 0.531742 0.282605 2 0.563057 0.278894 2 0.562640 0.288914 2 0.532160 0.292997 2
0 0.584561 0.281306 0.031315 0.013732 0.569529 0.277409 2 0.599592 0.274440 2 0.600218 0.285203 2 0.568903 0.288172 2
0 0.621095 0.277223 0.032150 0.011505 0.605229 0.274069 2 0.636335 0.271471 2 0.637170 0.280378 2 0.605020 0.282976 2
0 0.661045 0.274085 0.031813 0.011921 0.645606 0.270620 2 0.676952 0.268125 2 0.676796 0.276719 2 0.645139 0.280046 2
0 0.701554 0.269132 0.034029 0.012248 0.684540 0.266349 2 0.718152 0.263009 2 0.718569 0.274514 2 0.685166 0.275256 2
0 0.740151 0.265903 0.034283 0.013472 0.723551 0.262053 2 0.756751 0.259167 2 0.757292 0.268469 2 0.723010 0.272639 2
0 0.902813 0.247106 0.031576 0.013472 0.887024 0.243577 2 0.918240 0.240369 2 0.918601 0.249993 2 0.887746 0.253842 2
0 0.224848 0.388983 0.030493 0.013472 0.210142 0.384172 2 0.240094 0.382247 2 0.240094 0.393795 2 0.209601 0.395720 2
0 0.293449 0.382953 0.031576 0.013472 0.277661 0.377820 2 0.308876 0.376217 2 0.309237 0.386481 2 0.277661 0.389689 2
0 0.507880 0.361028 0.032359 0.012990 0.492327 0.356760 2 0.524060 0.354533 2 0.523642 0.364554 2 0.491700 0.367523 2
0 0.624758 0.349139 0.030677 0.013742 0.609661 0.345274 2 0.639613 0.342268 2 0.640096 0.353433 2 0.609419 0.356009 2
0 0.665956 0.344909 0.030133 0.013472 0.651972 0.340739 2 0.680662 0.338173 2 0.681022 0.348438 2 0.650890 0.351645 2
0 0.706082 0.340595 0.035556 0.012476 0.689240 0.336297 2 0.723548 0.334357 2 0.723860 0.345169 2 0.688304 0.346833 2
0 0.903823 0.319632 0.037530 0.015076 0.885058 0.315302 2 0.922227 0.312094 2 0.922588 0.322680 2 0.885238 0.327170 2
