1 0.567708 0.565741 0.037500 0.055556 0.549479 0.537963 2 0.585938 0.553704 2 0.586458 0.593519 2 0.548958 0.570370 2
0 0.934375 0.537037 0.117708 0.055556 0.875521 0.521296 2 0.992708 0.509259 2 0.993229 0.550926 2 0.876042 0.564815 2
0 0.805729 0.551389 0.140625 0.052778 0.735417 0.536111 2 0.876042 0.525000 2 0.876042 0.565741 2 0.735938 0.577778 2
0 0.660417 0.566204 0.150000 0.056481 0.585417 0.552778 2 0.735417 0.537963 2 0.735417 0.577778 2 0.585938 0.594444 2
0 0.883072 0.310604 0.019274 0.008866 0.873435 0.307369 2 0.892439 0.306172 2 0.892709 0.313360 2 0.873435 0.315037 2
0 0.457067 0.277967 0.020117 0.008317 0.447009 0.273808 2 0.466970 0.274085 2 0.467126 0.281571 2 0.447009 0.282125 2
0 0.484917 0.277690 0.019000 0.008317 0.475417 0.274074 2 0.494417 0.273531 2 0.494417 0.279907 2 0.476483 0.281848 2
0 0.509543 0.274779 0.020273 0.006931 0.499563 0.272144 2 0.519056 0.271313 2 0.519680 0.278244 2 0.499407 0.278244 2
0 0.275057 0.343305 0.026677 0.010798 0.261729 0.340401 2 0.288396 0.337906 2 0.288396 0.346500 2 0.261719 0.348704 2
0 0.305784 0.341787 0.026979 0.008872 0.292450 0.337628 2 0.319273 0.337351 2 0.318961 0.345945 2 0.292295 0.346223 2
0 0.339312 0.340817 0.025731 0.009149 0.327227 0.336242 2 0.351242 0.336242 2 0.352178 0.342619 2 0.326447 0.345391 2
0 0.370736 0.339015 0.025887 0.009426 0.358416 0.334302 2 0.383367 0.334579 2 0.383679 0.342896 2 0.357792 0.343728 2
0 0.402315 0.337074 0.025108 0.008872 0.389761 0.333192 2 0.413621 0.332638 2 0.414868 0.339846 2 0.389917 0.341510 2
0 0.433894 0.335133 0.024640 0.008318 0.422354 0.330974 2 0.445746 0.330975 2 0.446214 0.338460 2 0.421574 0.339292 2
0 0.461652 0.333470 0.025575 0.008872 0.449333 0.330420 2 0.474128 0.329034 2 0.474440 0.337351 2 0.448865 0.337906 2
0 0.491906 0.331391 0.023704 0.009149 0.480054 0.328202 2 0.503290 0.326816 2 0.503758 0.335688 2 0.480054 0.335965 2
0 0.523485 0.330143 0.024795 0.008872 0.512023 0.326261 2 0.535571 0.325707 2 0.535883 0.333470 2 0.511087 0.334579 2
0 0.551165 0.328064 0.024328 0.008594 0.539158 0.323767 2 0.563329 0.324044 2 0.562861 0.331806 2 0.539002 0.332361 2
0 0.580717 0.326955 0.023860 0.009149 0.570815 0.322657 2 0.592335 0.322380 2 0.592647 0.329588 2 0.568787 0.331529 2
0 0.666411 0.320860 0.023722 0.008626 0.656033 0.317505 2 0.677732 0.316547 2 0.678272 0.324454 2 0.654550 0.325173 2
0 0.776514 0.316643 0.021700 0.008147 0.765664 0.313528 2 0.786959 0.312569 2 0.787364 0.319278 2 0.765799 0.320716 2
0 0.806233 0.314846 0.021565 0.007428 0.795450 0.311372 2 0.816476 0.311132 2 0.817016 0.317841 2 0.795585 0.318559 2
0 0.908977 0.308768 0.017055 0.006342 0.900450 0.305906 2 0.917505 0.305597 2 0.917505 0.311475 2 0.900537 0.311939 2
0 0.434485 0.355339 0.022928 0.009693 0.423021 0.351019 2 0.445013 0.350492 2 0.445948 0.359641 2 0.424271 0.360185 2
0 0.511898 0.351047 0.024172 0.009148 0.499812 0.346473 2 0.523516 0.346749 2 0.523984 0.353126 2 0.500748 0.355621 2
0 0.563594 0.347858 0.020585 0.009426 0.553302 0.343145 2 0.573731 0.343700 2 0.573887 0.350908 2 0.553926 0.352571 2
0 0.329942 0.283449 0.021678 0.009291 0.319103 0.280180 2 0.340588 0.278804 2 0.340781 0.288094 2 0.319103 0.287406 2
0 0.354430 0.283981 0.020318 0.009630 0.344271 0.279167 2 0.363427 0.279492 2 0.364589 0.287406 2 0.344635 0.288796 2
0 0.380135 0.281839 0.020675 0.008996 0.369942 0.277855 2 0.390473 0.277341 2 0.390473 0.285823 2 0.369797 0.286337 2
0 0.432662 0.278799 0.019649 0.009981 0.422837 0.274363 2 0.442486 0.273808 2 0.442486 0.281294 2 0.422837 0.283789 2
