0 0.536979 0.550000 0.103125 0.035185 0.485417 0.538889 2 0.588542 0.532407 2 0.588542 0.561111 2 0.485938 0.567593 2
0 0.337760 0.562037 0.095313 0.031481 0.290104 0.551852 2 0.384896 0.546296 2 0.385417 0.572222 2 0.290104 0.577778 2
0 0.435677 0.556944 0.098438 0.032407 0.386458 0.546296 2 0.484375 0.540741 2 0.484896 0.566667 2 0.386979 0.573148 2
0 0.339169 0.361023 0.020493 0.008886 0.328922 0.357469 2 0.349415 0.356580 2 0.349290 0.364133 2 0.329172 0.365466 2
0 0.393626 0.304086 0.018369 0.007997 0.384442 0.300976 2 0.402810 0.300087 2 0.402810 0.306530 2 0.385066 0.308085 2
0 0.414119 0.300754 0.018119 0.007997 0.405060 0.298532 2 0.422679 0.296755 2 0.423179 0.304752 2 0.405060 0.304752 2
0 0.435800 0.298976 0.017994 0.007997 0.427177 0.296088 2 0.444797 0.294978 2 0.444797 0.301198 2 0.426803 0.302975 2
0 0.482571 0.292737 0.019808 0.008739 0.472812 0.289653 2 0.492475 0.288368 2 0.492331 0.295822 2 0.472667 0.297107 2
0 0.655289 0.271095 0.019952 0.008225 0.645312 0.268268 2 0.665265 0.266982 2 0.664976 0.273665 2 0.645457 0.275208 2
0 0.311790 0.364133 0.019494 0.008442 0.302668 0.360801 2 0.321537 0.359912 2 0.321537 0.366577 2 0.302043 0.368354 2
0 0.363898 0.358935 0.020243 0.008442 0.354026 0.355825 2 0.373770 0.354714 2 0.374020 0.361823 2 0.353776 0.363156 2
0 0.390442 0.356219 0.020736 0.008448 0.380075 0.354683 2 0.400594 0.351995 2 0.400810 0.359675 2 0.380182 0.360443 2
0 0.417806 0.353870 0.020868 0.008442 0.407372 0.351204 2 0.427865 0.349649 2 0.428240 0.356536 2 0.407746 0.358091 2
0 0.443547 0.350760 0.021993 0.009330 0.433176 0.347871 2 0.454419 0.346094 2 0.454544 0.353425 2 0.432551 0.355425 2
0 0.471938 0.347583 0.020743 0.007775 0.461566 0.344584 2 0.481935 0.343695 2 0.482310 0.350582 2 0.461816 0.351471 2
0 0.610658 0.332475 0.024025 0.010795 0.598646 0.329630 2 0.622382 0.327077 2 0.622671 0.335045 2 0.598960 0.337873 2
0 0.672060 0.325535 0.024434 0.010024 0.660002 0.321551 2 0.683265 0.320523 2 0.684277 0.327977 2 0.659843 0.330547 2
0 0.731502 0.319366 0.024183 0.010024 0.719714 0.315125 2 0.743411 0.314354 2 0.743594 0.322870 2 0.719411 0.324378 2
0 0.763293 0.316393 0.025992 0.009775 0.750422 0.313949 2 0.774415 0.311506 2 0.776289 0.319281 2 0.750297 0.321280 2
0 0.858639 0.307285 0.025846 0.010219 0.845716 0.303508 2 0.871333 0.302175 2 0.871563 0.309722 2 0.845966 0.312394 2
