1 0.349219 0.556019 0.049479 0.047222 0.324479 0.548148 2 0.372917 0.532407 2 0.373958 0.558333 2 0.325000 0.579630 2
0 0.156510 0.577315 0.109896 0.037963 0.101562 0.564815 2 0.210938 0.558333 2 0.211458 0.589815 2 0.102083 0.596296 2
0 0.268229 0.568981 0.113542 0.039815 0.211458 0.557407 2 0.324479 0.549074 2 0.325000 0.579630 2 0.211979 0.588889 2
0 0.050521 0.584722 0.101042 0.037963 0.000000 0.000000 0 0.100000 0.565741 2 0.101042 0.596296 2 0.000000 0.000000 0
0 0.663414 0.308751 0.024145 0.011310 0.652643 0.305152 2 0.675198 0.303096 2 0.675487 0.312092 2 0.651342 0.314405 2
0 0.694427 0.305203 0.024723 0.010281 0.682644 0.302376 2 0.706644 0.300063 2 0.706789 0.308031 2 0.682065 0.310344 2
0 0.754759 0.299579 0.025272 0.009600 0.742123 0.295739 2 0.767395 0.294779 2 0.767071 0.302267 2 0.742339 0.304379 2
0 0.916216 0.283124 0.025157 0.010281 0.903637 0.280297 2 0.927927 0.277984 2 0.928794 0.285695 2 0.904938 0.288265 2
0 0.884866 0.286581 0.024192 0.009216 0.872770 0.282741 2 0.896098 0.281973 2 0.896962 0.290037 2 0.873202 0.291189 2
0 0.790118 0.295835 0.025380 0.010944 0.777644 0.292667 2 0.802808 0.290363 2 0.802592 0.298235 2 0.777428 0.301307 2
0 0.951591 0.299215 0.024642 0.009957 0.939270 0.296559 2 0.962978 0.294236 2 0.963912 0.302368 2 0.939549 0.304193 2
0 0.947166 0.279700 0.026883 0.009293 0.933725 0.276713 2 0.959394 0.275054 2 0.960608 0.282355 2 0.934938 0.284346 2
0 0.419236 0.280929 0.019931 0.009953 0.409271 0.277544 2 0.428978 0.275952 2 0.429202 0.284313 2 0.409271 0.285905 2
0 0.235452 0.353577 0.020531 0.008996 0.225187 0.350108 2 0.245139 0.349079 2 0.245717 0.356276 2 0.225620 0.358075 2
0 0.262995 0.350364 0.021253 0.008739 0.252368 0.348565 2 0.273188 0.345995 2 0.273622 0.354734 2 0.252513 0.354477 2
0 0.289309 0.348822 0.020964 0.009767 0.279550 0.345995 2 0.299791 0.343939 2 0.299646 0.351393 2 0.278827 0.353706 2
0 0.316649 0.345327 0.021254 0.009253 0.306890 0.343013 2 0.326987 0.340700 2 0.327276 0.347897 2 0.306022 0.349953 2
0 0.427740 0.333521 0.022493 0.008442 0.416493 0.330855 2 0.438861 0.329300 2 0.438986 0.337742 2 0.416493 0.337297 2
0 0.542703 0.320703 0.023422 0.008739 0.530992 0.318389 2 0.554269 0.316333 2 0.554414 0.324558 2 0.531715 0.325072 2
0 0.541750 0.287195 0.017280 0.006720 0.533111 0.285179 2 0.550066 0.283835 2 0.550390 0.289019 2 0.533110 0.290555 2
0 0.594261 0.258912 0.021109 0.008739 0.583706 0.255570 2 0.604815 0.254542 2 0.604671 0.260968 2 0.583851 0.263281 2
0 0.632430 0.310961 0.023567 0.008482 0.620647 0.308262 2 0.643925 0.306720 2 0.644214 0.314174 2 0.621370 0.315202 2
