0 0.280990 0.780556 0.522396 0.209259 0.024479 0.749074 2 0.538021 0.675926 2 0.542188 0.818519 2 0.019792 0.885185 2
0 0.643460 0.308068 0.025573 0.006623 0.631178 0.304757 2 0.655743 0.304757 2 0.656247 0.311380 2 0.630674 0.311380 2
0 0.483469 0.313564 0.026979 0.010258 0.470292 0.308436 2 0.496647 0.309267 2 0.496958 0.317307 2 0.469980 0.318693 2
0 0.819176 0.303576 0.020539 0.008233 0.808907 0.299996 2 0.829445 0.299459 2 0.829042 0.307693 2 0.808906 0.307685 2
0 0.702568 0.307034 0.023764 0.009112 0.692084 0.303099 2 0.714450 0.302478 2 0.713984 0.310554 2 0.690686 0.311590 2
0 0.674028 0.306640 0.023997 0.008491 0.662962 0.303224 2 0.686027 0.302395 2 0.685794 0.310886 2 0.662030 0.310679 2
0 0.612390 0.308855 0.026148 0.011022 0.600395 0.303344 2 0.624925 0.303344 2 0.625464 0.311970 2 0.599317 0.314366 2
0 0.518201 0.311486 0.025861 0.009112 0.505271 0.307965 2 0.530665 0.306930 2 0.531131 0.316042 2 0.505387 0.315628 2
0 0.583062 0.372256 0.024395 0.010064 0.570864 0.368183 2 0.595260 0.367225 2 0.594721 0.376090 2 0.572482 0.377288 2
0 0.482866 0.376761 0.027361 0.010064 0.470533 0.372688 2 0.496546 0.371729 2 0.496411 0.380595 2 0.469185 0.381793 2
0 0.275834 0.320499 0.031315 0.011877 0.260176 0.316045 2 0.290448 0.314560 2 0.291492 0.325324 2 0.260594 0.326437 2
