0 0.593229 0.603704 0.256250 0.083333 0.465104 0.575000 2 0.721354 0.562037 2 0.721354 0.632407 2 0.466667 0.645370 2
0 0.846875 0.583796 0.246875 0.086111 0.723437 0.558333 2 0.969271 0.540741 2 0.970313 0.610185 2 0.724479 0.626852 2
0 0.489425 0.247346 0.021920 0.009650 0.478465 0.244006 2 0.499759 0.242521 2 0.500385 0.250315 2 0.478882 0.252171 2
0 0.359884 0.256811 0.021294 0.008536 0.349446 0.252543 2 0.370531 0.252913 2 0.370531 0.259594 2 0.349237 0.261079 2
0 0.383892 0.254955 0.021712 0.007794 0.373437 0.252500 2 0.394122 0.251058 2 0.394748 0.258852 2 0.373036 0.258109 2
0 0.409780 0.252728 0.021712 0.007794 0.398924 0.249202 2 0.420636 0.248831 2 0.420636 0.255883 2 0.398924 0.256625 2
0 0.464477 0.248274 0.020877 0.008536 0.454248 0.244006 2 0.474289 0.244006 2 0.474915 0.251800 2 0.454039 0.252542 2
0 0.519592 0.244748 0.020042 0.007423 0.509571 0.241036 2 0.529404 0.241037 2 0.529613 0.248460 2 0.509780 0.248460 2
0 0.545107 0.242723 0.020402 0.007950 0.534906 0.240239 2 0.555029 0.238748 2 0.555308 0.246201 2 0.534906 0.246698 2
0 0.266735 0.318693 0.025107 0.009981 0.254338 0.315089 2 0.278665 0.313703 2 0.279289 0.322852 2 0.254181 0.323683 2
0 0.300186 0.316475 0.025887 0.011090 0.288177 0.312871 2 0.313129 0.310930 2 0.312973 0.319525 2 0.287242 0.322020 2
0 0.330595 0.314950 0.025887 0.009149 0.318899 0.311485 2 0.343071 0.310376 2 0.343539 0.317584 2 0.317651 0.319525 2
0 0.363734 0.312737 0.025419 0.010267 0.351024 0.309822 2 0.376287 0.307604 2 0.376443 0.314812 2 0.351198 0.317870 2
0 0.396872 0.310376 0.024639 0.008317 0.384553 0.307604 2 0.408568 0.306217 2 0.409192 0.313426 2 0.384864 0.314534 2
0 0.427827 0.308158 0.025419 0.009426 0.415430 0.305108 2 0.440537 0.303445 2 0.440381 0.311762 2 0.415118 0.312871 2
0 0.460803 0.306284 0.026096 0.009279 0.447755 0.303130 2 0.473642 0.301645 2 0.473851 0.310923 2 0.447755 0.310923 2
0 0.490030 0.303500 0.024008 0.008907 0.478235 0.300902 2 0.501826 0.299047 2 0.502034 0.306470 2 0.478026 0.307954 2
0 0.522703 0.301459 0.026305 0.009279 0.509759 0.298305 2 0.535855 0.296820 2 0.535855 0.304243 2 0.509550 0.306098 2
0 0.556180 0.298942 0.025802 0.009944 0.543279 0.296537 2 0.569081 0.293970 2 0.569081 0.301027 2 0.544361 0.303914 2
0 0.586042 0.296857 0.025983 0.010265 0.573953 0.293329 2 0.598672 0.291725 2 0.599033 0.299424 2 0.573050 0.301990 2
0 0.812613 0.281676 0.026571 0.009447 0.799327 0.277382 2 0.825898 0.276952 2 0.825898 0.285541 2 0.799810 0.286400 2
0 0.842880 0.279600 0.026906 0.008019 0.829427 0.275926 2 0.855972 0.275590 2 0.856333 0.282326 2 0.829448 0.283609 2
0 0.878616 0.277515 0.024358 0.008982 0.866437 0.274307 2 0.890074 0.273024 2 0.890796 0.280723 2 0.867159 0.282006 2
