0 0.487240 0.558796 0.100521 0.034259 0.436979 0.548148 2 0.536979 0.541667 2 0.537500 0.568519 2 0.437500 0.575926 2
0 0.297656 0.569907 0.088021 0.030556 0.253646 0.560185 2 0.341146 0.554630 2 0.341667 0.579630 2 0.254167 0.585185 2
0 0.390104 0.565278 0.093750 0.030556 0.343229 0.553704 2 0.436458 0.550000 2 0.436979 0.576852 2 0.343229 0.580556 2
0 0.328467 0.371944 0.018889 0.007872 0.319346 0.370312 2 0.337706 0.368008 2 0.337911 0.374920 2 0.319022 0.375880 2
0 0.449238 0.305473 0.016740 0.008064 0.441299 0.302017 2 0.457489 0.301441 2 0.457608 0.308545 2 0.440868 0.309505 2
0 0.408880 0.310499 0.016615 0.007467 0.400572 0.309420 2 0.417187 0.306765 2 0.417094 0.313403 2 0.400945 0.314232 2
0 0.402344 0.363937 0.020844 0.007680 0.393110 0.360865 2 0.412118 0.360097 2 0.412766 0.365089 2 0.391922 0.367777 2
0 0.712116 0.324121 0.024581 0.010323 0.699826 0.321712 2 0.723826 0.318960 2 0.724407 0.327218 2 0.699825 0.329283 2
0 0.429489 0.359668 0.020868 0.008886 0.419055 0.357002 2 0.438674 0.355225 2 0.439923 0.362556 2 0.419055 0.364111 2
0 0.455631 0.357246 0.020618 0.008220 0.445571 0.354692 2 0.465690 0.353137 2 0.465940 0.359579 2 0.445322 0.361356 2
0 0.593538 0.338374 0.020241 0.008251 0.583417 0.336844 2 0.603369 0.334248 2 0.603659 0.341188 2 0.583417 0.342499 2
0 0.653337 0.331959 0.025595 0.011598 0.640540 0.328836 2 0.666134 0.326160 2 0.666134 0.334189 2 0.642379 0.337758 2
0 0.878941 0.305230 0.023807 0.008947 0.867037 0.302134 2 0.890457 0.300757 2 0.890845 0.306263 2 0.869360 0.309704 2
0 0.779269 0.316226 0.027769 0.011301 0.766890 0.314442 2 0.792819 0.310576 2 0.793154 0.318606 2 0.765385 0.321877 2
0 0.745745 0.321104 0.022751 0.009814 0.734370 0.318279 2 0.757121 0.316197 2 0.756953 0.323632 2 0.734537 0.326011 2
0 0.377072 0.366741 0.020520 0.008448 0.367460 0.364437 2 0.386684 0.362517 2 0.387332 0.369237 2 0.366812 0.370965 2
0 0.354057 0.368737 0.019440 0.009216 0.344337 0.366625 2 0.363453 0.364129 2 0.363777 0.371617 2 0.344337 0.373345 2
