1 0.840625 0.514352 0.070833 0.032407 0.805208 0.498148 2 0.876042 0.503704 2 0.875521 0.530556 2 0.805208 0.522222 2
0 0.926823 0.513426 0.104687 0.036111 0.874479 0.500926 2 0.979167 0.495370 2 0.979167 0.525926 2 0.875000 0.531481 2
0 0.627056 0.269268 0.018736 0.009517 0.617688 0.266293 2 0.636090 0.264509 2 0.636424 0.273134 2 0.619026 0.274026 2
0 0.465624 0.285307 0.022259 0.010667 0.455076 0.280318 2 0.476367 0.279974 2 0.476754 0.287888 2 0.454495 0.290641 2
0 0.505884 0.281694 0.020323 0.010323 0.495722 0.276533 2 0.516045 0.276877 2 0.516045 0.285479 2 0.498238 0.286856 2
0 0.603919 0.271095 0.017783 0.008739 0.595027 0.268010 2 0.612811 0.266725 2 0.612811 0.275208 2 0.595461 0.275465 2
0 0.578257 0.274815 0.017347 0.008519 0.569583 0.270556 2 0.586208 0.270838 2 0.586930 0.278549 2 0.569583 0.279074 2
0 0.652818 0.266888 0.017398 0.008922 0.645792 0.265104 2 0.661517 0.262427 2 0.661517 0.271349 2 0.644119 0.271052 2
0 0.727570 0.259662 0.020091 0.008743 0.717524 0.256063 2 0.737465 0.255290 2 0.737615 0.261981 2 0.717959 0.264033 2
0 0.395360 0.343630 0.023278 0.007454 0.384588 0.339903 2 0.406709 0.339903 2 0.406998 0.347357 2 0.383721 0.347100 2
0 0.450951 0.340443 0.021832 0.010796 0.440036 0.335045 2 0.461867 0.335816 2 0.461433 0.344016 2 0.441047 0.345841 2
0 0.506553 0.334197 0.023836 0.008996 0.494635 0.332315 2 0.518037 0.329699 2 0.518471 0.338695 2 0.496495 0.338695 2
0 0.534500 0.332752 0.023989 0.008961 0.523439 0.329101 2 0.545841 0.328271 2 0.546494 0.335573 2 0.522505 0.337232 2
0 0.564098 0.329574 0.023429 0.007816 0.552384 0.326329 2 0.575813 0.325666 2 0.575804 0.332586 2 0.553691 0.333482 2
0 0.589698 0.328228 0.021646 0.009975 0.578875 0.323758 2 0.600521 0.323241 2 0.598850 0.333216 2 0.579995 0.333216 2
0 0.619590 0.325185 0.023989 0.009127 0.607596 0.321451 2 0.631585 0.320621 2 0.631585 0.329582 2 0.608343 0.329748 2
0 0.649210 0.321275 0.022788 0.008448 0.638572 0.317627 2 0.660604 0.317051 2 0.660604 0.323963 2 0.637816 0.325499 2
0 0.675363 0.319924 0.021749 0.010288 0.664488 0.316108 2 0.685957 0.314780 2 0.686237 0.323575 2 0.666728 0.325068 2
0 0.701742 0.317819 0.025164 0.009984 0.689160 0.312827 2 0.714324 0.313595 2 0.713892 0.320123 2 0.689160 0.322811 2
0 0.736203 0.315233 0.029052 0.010645 0.721678 0.310254 2 0.750711 0.309910 2 0.750729 0.316759 2 0.722083 0.320556 2
0 0.794409 0.309386 0.025093 0.008327 0.782197 0.306413 2 0.805282 0.305223 2 0.806955 0.313550 2 0.781862 0.313550 2
0 0.851611 0.305762 0.024001 0.010698 0.839611 0.302478 2 0.863611 0.300413 2 0.863611 0.308671 2 0.840000 0.311111 2
