1 0.536458 0.558333 0.041667 0.055556 0.515625 0.549074 2 0.556771 0.530556 2 0.557292 0.561111 2 0.516146 0.586111 2
0 0.452344 0.567593 0.124479 0.038889 0.390104 0.550926 2 0.513542 0.548148 2 0.514583 0.585185 2 0.390104 0.587037 2
0 0.283218 0.356226 0.017937 0.008048 0.274249 0.354423 2 0.291734 0.352202 2 0.292186 0.358030 2 0.274702 0.360251 2
0 0.379428 0.339040 0.020953 0.009633 0.368951 0.336150 2 0.389543 0.334224 2 0.389904 0.340967 2 0.369674 0.343857 2
0 0.459383 0.324878 0.021526 0.011518 0.448620 0.322092 2 0.470146 0.319120 2 0.469937 0.327293 2 0.448620 0.330637 2
0 0.487498 0.320475 0.024163 0.012013 0.475883 0.317047 2 0.499338 0.314468 2 0.499580 0.320917 2 0.475417 0.326481 2
0 0.515987 0.313459 0.024509 0.011101 0.503733 0.312071 2 0.528242 0.307908 2 0.528086 0.315957 2 0.503889 0.319009 2
0 0.549776 0.306833 0.024926 0.013166 0.537673 0.305387 2 0.562239 0.300250 2 0.562058 0.310204 2 0.537312 0.313415 2
0 0.650221 0.290231 0.028178 0.013487 0.636133 0.287662 2 0.663949 0.283488 2 0.664310 0.292158 2 0.636133 0.296975 2
0 0.687972 0.284291 0.030468 0.013326 0.672738 0.281066 2 0.702964 0.277628 2 0.703206 0.286225 2 0.673464 0.290954 2
0 0.810689 0.262797 0.034337 0.016335 0.794004 0.259787 2 0.826648 0.254629 2 0.827857 0.264516 2 0.793521 0.270965 2
0 0.851748 0.254844 0.035788 0.014616 0.833854 0.251405 2 0.867949 0.247536 2 0.869642 0.257853 2 0.835547 0.262152 2
0 0.947141 0.238036 0.035787 0.016335 0.929731 0.234597 2 0.964551 0.229868 2 0.965035 0.240615 2 0.929247 0.246203 2
0 0.490079 0.377927 0.023301 0.012523 0.478429 0.374876 2 0.501368 0.371665 2 0.501729 0.379372 2 0.478609 0.384189 2
0 0.516019 0.374738 0.021543 0.011101 0.505247 0.371685 2 0.525854 0.369187 2 0.526790 0.378623 2 0.505247 0.380288 2
0 0.583842 0.363605 0.026733 0.011560 0.570475 0.361679 2 0.596485 0.357825 2 0.597208 0.367137 2 0.571017 0.369385 2
0 0.551510 0.368743 0.026371 0.011560 0.538324 0.365532 2 0.563792 0.362963 2 0.564695 0.371633 2 0.538685 0.374523 2
0 0.240057 0.363252 0.016798 0.010276 0.231658 0.361967 2 0.248456 0.358114 2 0.248456 0.364858 2 0.232561 0.368390 2
0 0.261642 0.360201 0.017701 0.009312 0.253152 0.358436 2 0.270312 0.355545 2 0.270492 0.363573 2 0.252791 0.364858 2
0 0.353928 0.343710 0.020138 0.008603 0.343859 0.341629 2 0.363998 0.339408 2 0.363685 0.344959 2 0.343859 0.348011 2
