1 0.318490 0.607870 0.073437 0.106481 0.281771 0.594444 2 0.355208 0.554630 2 0.354687 0.597222 2 0.283854 0.661111 2
0 0.162500 0.636111 0.242708 0.083333 0.041146 0.612037 2 0.282292 0.594444 2 0.283854 0.658333 2 0.043229 0.677778 2
1 0.822135 0.510185 0.073438 0.024074 0.785417 0.498148 2 0.858333 0.498148 2 0.858854 0.522222 2 0.785937 0.520370 2
0 0.417309 0.363276 0.029037 0.010269 0.403103 0.358974 2 0.431828 0.358141 2 0.431828 0.368410 2 0.402791 0.367855 2
0 0.591015 0.288981 0.027631 0.011656 0.577199 0.284263 2 0.604518 0.283152 2 0.604830 0.292311 2 0.577979 0.294809 2
0 0.624110 0.287315 0.026383 0.010546 0.610919 0.282875 2 0.636833 0.282042 2 0.637301 0.291201 2 0.610919 0.292589 2
0 0.691205 0.284772 0.027275 0.010918 0.677568 0.281240 2 0.703398 0.279313 2 0.704843 0.288947 2 0.678471 0.290231 2
0 0.724170 0.283006 0.026733 0.010597 0.710803 0.279313 2 0.736633 0.277708 2 0.737536 0.287983 2 0.710803 0.288304 2
0 0.755627 0.282366 0.025096 0.009595 0.743079 0.277569 2 0.767770 0.277569 2 0.768175 0.286444 2 0.743618 0.287163 2
0 0.201111 0.375654 0.039964 0.013877 0.181129 0.370658 2 0.220625 0.368715 2 0.221093 0.380649 2 0.181146 0.382593 2
0 0.269956 0.371074 0.033720 0.013599 0.253252 0.366495 2 0.286816 0.364275 2 0.286816 0.376486 2 0.253096 0.377874 2
0 0.343404 0.366385 0.027984 0.011844 0.329412 0.361390 2 0.356510 0.360463 2 0.357396 0.372037 2 0.329593 0.372307 2
0 0.379777 0.365229 0.027870 0.011402 0.365842 0.359943 2 0.393129 0.359528 2 0.393712 0.369479 2 0.365958 0.370930 2
0 0.519515 0.292172 0.027944 0.009714 0.506012 0.287871 2 0.533487 0.287315 2 0.533487 0.296474 2 0.505544 0.297029 2
0 0.490595 0.360298 0.031437 0.010314 0.474896 0.355833 2 0.505909 0.355141 2 0.506314 0.365455 2 0.474877 0.365215 2
0 0.520831 0.359014 0.024995 0.010392 0.508334 0.354535 2 0.532724 0.353818 2 0.533329 0.363314 2 0.508435 0.364210 2
0 0.485171 0.294087 0.028412 0.011934 0.470965 0.291173 2 0.499065 0.288120 2 0.499377 0.298111 2 0.471121 0.300054 2
0 0.449890 0.296030 0.028412 0.009714 0.436152 0.291451 2 0.463315 0.291173 2 0.464096 0.299777 2 0.435684 0.300887 2
0 0.379250 0.298195 0.028568 0.009991 0.364965 0.293477 2 0.393222 0.293199 2 0.393534 0.302358 2 0.365746 0.303190 2
0 0.342485 0.299777 0.029349 0.012489 0.328435 0.295198 2 0.356535 0.293532 2 0.357160 0.303801 2 0.327811 0.306021 2
0 0.303213 0.301435 0.030088 0.011514 0.288169 0.297117 2 0.318257 0.295679 2 0.318257 0.305993 2 0.288169 0.307192 2
0 0.267711 0.303654 0.029984 0.010276 0.253080 0.300121 2 0.281800 0.298516 2 0.282703 0.308791 2 0.252719 0.308791 2
0 0.232218 0.305420 0.030164 0.011239 0.217136 0.300442 2 0.247300 0.299800 2 0.247119 0.310718 2 0.217497 0.311039 2
0 0.120411 0.311024 0.030526 0.012233 0.105148 0.306223 2 0.135469 0.304907 2 0.135674 0.315214 2 0.106232 0.317140 2
0 0.081757 0.313769 0.031248 0.011881 0.066133 0.309434 2 0.097200 0.307828 2 0.097381 0.319067 2 0.066313 0.319709 2
