0 0.447135 0.620833 0.257812 0.087963 0.318229 0.593519 2 0.575000 0.576852 2 0.576042 0.644444 2 0.318750 0.664815 2
0 0.701042 0.600463 0.251042 0.084259 0.575521 0.574074 2 0.825521 0.558333 2 0.826562 0.625000 2 0.576042 0.642593 2
0 0.907031 0.585648 0.158854 0.076852 0.827604 0.557407 2 0.985417 0.547222 2 0.986458 0.607407 2 0.827604 0.624074 2
0 0.533319 0.305582 0.026343 0.010265 0.520147 0.301091 2 0.546310 0.300450 2 0.546490 0.308469 2 0.520688 0.310715 2
0 0.275811 0.320440 0.026043 0.008317 0.263257 0.316281 2 0.288833 0.316281 2 0.288521 0.323766 2 0.262790 0.324598 2
0 0.241035 0.321798 0.026355 0.009426 0.228014 0.319026 2 0.254213 0.317085 2 0.254213 0.324848 2 0.227858 0.326511 2
0 0.551039 0.246418 0.021201 0.007455 0.540788 0.243311 2 0.561640 0.242690 2 0.561640 0.249524 2 0.540439 0.250146 2
0 0.523900 0.247747 0.021291 0.008661 0.513795 0.245341 2 0.534365 0.243417 2 0.534546 0.252078 2 0.513254 0.251757 2
0 0.339001 0.259226 0.021209 0.007485 0.329020 0.255483 2 0.349449 0.255483 2 0.349605 0.262691 2 0.328396 0.262968 2
0 0.389071 0.256548 0.020756 0.007907 0.379097 0.254032 2 0.399315 0.252595 2 0.399449 0.260262 2 0.378693 0.260502 2
0 0.443640 0.253487 0.021832 0.007763 0.432880 0.249606 2 0.454089 0.249605 2 0.454557 0.256259 2 0.432724 0.257368 2
0 0.469306 0.251564 0.020083 0.007668 0.459265 0.249168 2 0.479213 0.247730 2 0.479348 0.253960 2 0.459535 0.255398 2
0 0.498746 0.249300 0.020721 0.008040 0.488385 0.245833 2 0.508795 0.245280 2 0.509107 0.252489 2 0.488522 0.253320 2
0 0.306857 0.319385 0.025679 0.009650 0.294219 0.315648 2 0.319696 0.314560 2 0.319696 0.323468 2 0.294018 0.324210 2
0 0.340037 0.316777 0.023998 0.007699 0.328038 0.313891 2 0.352036 0.312928 2 0.352036 0.320306 2 0.328760 0.320627 2
0 0.373153 0.315637 0.024327 0.009468 0.360990 0.312037 2 0.385005 0.310903 2 0.385317 0.319774 2 0.361302 0.320370 2
0 0.405122 0.313536 0.026199 0.008594 0.392022 0.309516 2 0.418221 0.309239 2 0.417597 0.316725 2 0.392646 0.317834 2
0 0.437754 0.311275 0.025878 0.008626 0.425085 0.307681 2 0.450693 0.306962 2 0.450693 0.313911 2 0.424815 0.315588 2
0 0.467621 0.309957 0.025449 0.008386 0.454896 0.306759 2 0.479806 0.305764 2 0.480345 0.312234 2 0.455006 0.314151 2
0 0.499942 0.307058 0.025743 0.008866 0.487071 0.303823 2 0.512005 0.302625 2 0.512814 0.310053 2 0.487475 0.311491 2
0 0.755253 0.291629 0.025622 0.009944 0.742442 0.286657 2 0.767523 0.286657 2 0.768064 0.295638 2 0.742803 0.296601 2
0 0.787629 0.289702 0.025055 0.009299 0.775101 0.286336 2 0.799821 0.285053 2 0.800156 0.294352 2 0.775313 0.294352 2
0 0.817142 0.288902 0.024900 0.009623 0.804873 0.284732 2 0.829412 0.284091 2 0.829592 0.291789 2 0.804692 0.293714 2
0 0.851876 0.286817 0.022554 0.009302 0.840779 0.283128 2 0.862973 0.282166 2 0.863153 0.288581 2 0.840599 0.291468 2
0 0.943276 0.280407 0.021053 0.008872 0.932750 0.277634 2 0.953647 0.275971 2 0.953803 0.284011 2 0.933062 0.284842 2
