1 0.337760 0.577315 0.095313 0.060185 0.290104 0.570370 2 0.384896 0.547222 2 0.385417 0.577778 2 0.290104 0.607407 2
0 0.234896 0.591204 0.109375 0.037963 0.180208 0.575000 2 0.289062 0.572222 2 0.289583 0.609259 2 0.180729 0.610185 2
0 0.606470 0.358725 0.029050 0.013004 0.591945 0.356311 2 0.620159 0.352224 2 0.620995 0.361883 2 0.591945 0.365227 2
0 0.314282 0.349994 0.020063 0.013004 0.304460 0.347208 2 0.324313 0.343492 2 0.324313 0.353152 2 0.304251 0.356496 2
0 0.388161 0.336262 0.023613 0.012290 0.376354 0.333056 2 0.399550 0.330117 2 0.399968 0.337919 2 0.376771 0.342407 2
0 0.416943 0.329985 0.023120 0.011560 0.405383 0.328058 2 0.428160 0.324205 2 0.428504 0.331590 2 0.406648 0.335765 2
0 0.444326 0.324526 0.021856 0.010918 0.433398 0.320672 2 0.454514 0.319067 2 0.455254 0.327095 2 0.433399 0.329985 2
0 0.470127 0.318897 0.025096 0.012473 0.457850 0.316739 2 0.482540 0.312661 2 0.482675 0.321296 2 0.457580 0.325134 2
0 0.567452 0.298982 0.027796 0.012261 0.553554 0.296196 2 0.580722 0.292852 2 0.581349 0.303255 2 0.553554 0.305113 2
0 0.602928 0.294049 0.030710 0.015046 0.588299 0.290395 2 0.617558 0.286526 2 0.618283 0.296843 2 0.587574 0.301572 2
0 0.713870 0.272426 0.032160 0.015906 0.697790 0.270492 2 0.729224 0.264473 2 0.729950 0.275220 2 0.698273 0.280379 2
0 0.757908 0.263791 0.033853 0.017408 0.741541 0.261553 2 0.774554 0.255087 2 0.774834 0.267024 2 0.740981 0.272495 2
0 0.797340 0.256256 0.034692 0.015605 0.779994 0.253283 2 0.814477 0.248453 2 0.814686 0.257742 2 0.780203 0.264058 2
0 0.418587 0.387624 0.025468 0.012202 0.406034 0.384735 2 0.430599 0.381523 2 0.431321 0.390836 2 0.405853 0.393726 2
0 0.447054 0.383643 0.024565 0.013166 0.434771 0.380592 2 0.458614 0.377060 2 0.459336 0.386693 2 0.435313 0.390225 2
0 0.473154 0.378826 0.026552 0.013166 0.460962 0.375454 2 0.486250 0.372243 2 0.486430 0.382198 2 0.459878 0.385409 2
0 0.506955 0.372803 0.026599 0.012037 0.494140 0.369364 2 0.520255 0.366785 2 0.519529 0.376242 2 0.493656 0.378821 2
0 0.288663 0.354614 0.022036 0.012844 0.278548 0.352045 2 0.299320 0.348192 2 0.299681 0.356541 2 0.277645 0.361036 2
