1 0.647656 0.583333 0.051563 0.087037 0.621875 0.539815 2 0.673438 0.569444 2 0.673438 0.626852 2 0.622917 0.583333 2
0 0.782292 0.586574 0.215625 0.073148 0.674479 0.565741 2 0.890104 0.550000 2 0.889583 0.609259 2 0.675521 0.623148 2
0 0.254980 0.310971 0.029411 0.012510 0.241177 0.307604 2 0.269686 0.304716 2 0.269325 0.314660 2 0.240275 0.317226 2
0 0.363277 0.300931 0.031756 0.011869 0.348662 0.297884 2 0.379155 0.294997 2 0.379155 0.304941 2 0.347399 0.306865 2
0 0.402702 0.297488 0.029019 0.011877 0.388819 0.293405 2 0.417003 0.291550 2 0.417212 0.301570 2 0.388193 0.303426 2
0 0.514424 0.286395 0.031189 0.011921 0.499298 0.282929 2 0.529707 0.280434 2 0.530019 0.289306 2 0.498830 0.292355 2
0 0.551742 0.283262 0.033217 0.012198 0.536382 0.280490 2 0.567571 0.277163 2 0.568351 0.286034 2 0.535134 0.289361 2
0 0.587575 0.278862 0.031035 0.010906 0.572058 0.276296 2 0.602371 0.273409 2 0.603093 0.283353 2 0.572238 0.284315 2
0 0.627470 0.276858 0.029942 0.011644 0.612655 0.273531 2 0.641193 0.271036 2 0.642441 0.280185 2 0.612499 0.282680 2
0 0.664741 0.273614 0.033061 0.011921 0.648211 0.269595 2 0.680647 0.267654 2 0.681271 0.277080 2 0.649302 0.279575 2
0 0.703270 0.270586 0.033922 0.012831 0.687031 0.267057 2 0.719509 0.264171 2 0.720231 0.274435 2 0.686309 0.277002 2
0 0.820781 0.261443 0.026043 0.011644 0.807915 0.256453 2 0.833490 0.255621 2 0.833802 0.263939 2 0.807759 0.267265 2
0 0.707275 0.341691 0.034656 0.012619 0.690991 0.335381 2 0.724603 0.335382 2 0.724603 0.347258 2 0.689947 0.348001 2
0 0.631786 0.347792 0.026956 0.011022 0.619521 0.343239 2 0.644590 0.342281 2 0.645264 0.350667 2 0.618307 0.353303 2
0 0.181763 0.317604 0.030271 0.010021 0.167254 0.314820 2 0.196899 0.312593 2 0.196481 0.320759 2 0.166627 0.322614 2
0 0.181557 0.387198 0.033840 0.013307 0.165261 0.381653 2 0.198477 0.380545 2 0.197074 0.391912 2 0.164637 0.393852 2
0 0.476105 0.361250 0.032777 0.011877 0.461387 0.356055 2 0.492494 0.355312 2 0.492494 0.365704 2 0.459717 0.367189 2
0 0.590578 0.350126 0.032851 0.010306 0.576810 0.346691 2 0.607004 0.344973 2 0.607004 0.354850 2 0.574153 0.355279 2
0 0.112139 0.324099 0.031733 0.012619 0.096898 0.320758 2 0.128005 0.317789 2 0.128005 0.327439 2 0.096272 0.330408 2
0 0.144184 0.321130 0.028601 0.011877 0.129884 0.317047 2 0.158485 0.315191 2 0.158485 0.324099 2 0.129884 0.327068 2
0 0.218089 0.314004 0.029854 0.011134 0.203997 0.311777 2 0.233015 0.308437 2 0.232598 0.316973 2 0.203162 0.319571 2
