1 0.683333 0.566204 0.081250 0.054630 0.642708 0.538889 2 0.723958 0.554630 2 0.723958 0.593519 2 0.642708 0.573148 2
0 0.793229 0.565278 0.139583 0.054630 0.723437 0.550926 2 0.862500 0.537963 2 0.863021 0.578704 2 0.723958 0.592593 2
0 0.924219 0.552778 0.124479 0.050000 0.861979 0.537963 2 0.985938 0.527778 2 0.986458 0.564815 2 0.861979 0.577778 2
0 0.885829 0.329648 0.018056 0.007455 0.877034 0.325921 2 0.894740 0.326956 2 0.894857 0.333376 2 0.876801 0.332755 2
0 0.575895 0.337798 0.023559 0.008412 0.564518 0.333592 2 0.587070 0.333950 2 0.587674 0.340751 2 0.564115 0.342004 2
0 0.547009 0.338222 0.022715 0.007869 0.536583 0.334287 2 0.558367 0.334287 2 0.558367 0.341949 2 0.535651 0.342156 2
0 0.519223 0.338567 0.023654 0.009719 0.507880 0.334743 2 0.530479 0.333707 2 0.531050 0.343026 2 0.507396 0.343426 2
0 0.488606 0.339123 0.022452 0.009486 0.477380 0.334380 2 0.499831 0.334916 2 0.499831 0.343865 2 0.477581 0.343329 2
0 0.458160 0.340035 0.024264 0.008591 0.446230 0.335739 2 0.470192 0.336634 2 0.470292 0.343794 2 0.446028 0.344331 2
0 0.429774 0.341722 0.024230 0.009526 0.417776 0.336958 2 0.441423 0.337580 2 0.441889 0.345656 2 0.417660 0.346485 2
0 0.398031 0.342343 0.026210 0.008284 0.384926 0.338201 2 0.410787 0.338615 2 0.411136 0.346071 2 0.385392 0.346485 2
0 0.366280 0.343132 0.025573 0.009128 0.353494 0.338568 2 0.378865 0.339641 2 0.379067 0.347696 2 0.353494 0.347696 2
0 0.334147 0.344581 0.026419 0.009584 0.320938 0.340278 2 0.346278 0.339789 2 0.347356 0.347696 2 0.320939 0.349374 2
0 0.600530 0.282330 0.019948 0.008626 0.590556 0.278736 2 0.609830 0.278017 2 0.610504 0.286643 2 0.590960 0.286643 2
0 0.501310 0.284543 0.020269 0.008491 0.491758 0.280298 2 0.511445 0.280505 2 0.511445 0.288789 2 0.491176 0.288375 2
0 0.478601 0.285691 0.016994 0.006196 0.470104 0.282593 2 0.486982 0.282990 2 0.487099 0.288789 2 0.470557 0.288789 2
0 0.450509 0.285455 0.020852 0.007041 0.440084 0.281934 2 0.460120 0.282348 2 0.460935 0.288975 2 0.440084 0.288561 2
0 0.425017 0.285661 0.020217 0.006709 0.414909 0.283265 2 0.434587 0.282306 2 0.435126 0.288536 2 0.414909 0.289015 2
0 0.370784 0.286561 0.021673 0.006376 0.359948 0.283611 2 0.381621 0.283373 2 0.381621 0.289749 2 0.361036 0.289195 2
0 0.344895 0.286700 0.022300 0.008317 0.333901 0.282541 2 0.356045 0.282541 2 0.356045 0.290858 2 0.333745 0.289472 2
0 0.320178 0.286838 0.023392 0.008040 0.308638 0.282819 2 0.331406 0.282818 2 0.331874 0.290858 2 0.308482 0.290581 2
