0 0.836979 0.547222 0.144792 0.051852 0.764583 0.530556 2 0.908854 0.521296 2 0.909375 0.562037 2 0.764583 0.573148 2
1 0.728125 0.546296 0.073958 0.055556 0.691667 0.518519 2 0.765104 0.533333 2 0.765104 0.574074 2 0.691146 0.550926 2
0 0.306028 0.314096 0.028540 0.009940 0.291758 0.309747 2 0.320065 0.309125 2 0.320298 0.318652 2 0.293040 0.319066 2
0 0.546307 0.364565 0.026821 0.010543 0.532896 0.360731 2 0.559718 0.359293 2 0.559718 0.368399 2 0.533166 0.369836 2
0 0.512398 0.365927 0.027080 0.009591 0.499206 0.362214 2 0.525832 0.361132 2 0.525938 0.370370 2 0.498858 0.370723 2
0 0.479479 0.367694 0.025833 0.008871 0.466900 0.363467 2 0.492178 0.363259 2 0.492396 0.371296 2 0.466563 0.372130 2
0 0.446270 0.369890 0.027284 0.011097 0.432628 0.365773 2 0.459107 0.364341 2 0.459912 0.373649 2 0.432628 0.375438 2
0 0.409140 0.372396 0.027083 0.010023 0.395598 0.368100 2 0.422278 0.367384 2 0.422681 0.376870 2 0.395598 0.377407 2
0 0.379394 0.373167 0.024935 0.011262 0.367061 0.369453 2 0.391592 0.367536 2 0.391861 0.377839 2 0.366927 0.378798 2
0 0.132018 0.387986 0.028515 0.010355 0.117760 0.383426 2 0.146042 0.382809 2 0.146275 0.392335 2 0.117968 0.393163 2
0 0.827693 0.288344 0.024364 0.009665 0.815511 0.285302 2 0.839473 0.283512 2 0.839876 0.292103 2 0.816115 0.293177 2
0 0.798270 0.289824 0.023985 0.009526 0.786277 0.285890 2 0.810146 0.285061 2 0.810262 0.294380 2 0.786510 0.294588 2
0 0.768374 0.290908 0.024664 0.010064 0.756042 0.286389 2 0.780166 0.285877 2 0.780705 0.295701 2 0.756714 0.295940 2
0 0.675147 0.296037 0.025395 0.010355 0.662566 0.292724 2 0.687145 0.290860 2 0.687844 0.300179 2 0.662449 0.301215 2
0 0.639724 0.297354 0.025878 0.010064 0.626785 0.293281 2 0.651854 0.292322 2 0.652663 0.301907 2 0.627055 0.302386 2
0 0.543490 0.302601 0.026956 0.010543 0.530012 0.298528 2 0.556429 0.297330 2 0.556968 0.306435 2 0.530686 0.307873 2
0 0.510091 0.303536 0.027361 0.009824 0.496411 0.298624 2 0.523637 0.298863 2 0.523772 0.308448 2 0.496546 0.308448 2
0 0.479092 0.304806 0.027091 0.010783 0.465546 0.301331 2 0.491559 0.299415 2 0.492637 0.309478 2 0.466355 0.310197 2
0 0.444925 0.306243 0.028304 0.010783 0.430772 0.301810 2 0.458538 0.300852 2 0.459077 0.311635 2 0.431177 0.311395 2
0 0.341615 0.311975 0.027976 0.010295 0.327627 0.308967 2 0.355378 0.306828 2 0.355603 0.315519 2 0.328454 0.317123 2
0 0.201610 0.319112 0.029600 0.010560 0.187011 0.315979 2 0.216208 0.313832 2 0.216409 0.324213 2 0.186810 0.324392 2
0 0.167660 0.321375 0.028802 0.010055 0.153346 0.318049 2 0.181713 0.316348 2 0.182061 0.326094 2 0.153259 0.326403 2
0 0.131124 0.323694 0.028694 0.009665 0.116979 0.320185 2 0.145370 0.318861 2 0.145471 0.327274 2 0.116777 0.328526 2
0 0.093819 0.326395 0.028978 0.009824 0.079330 0.321962 2 0.108308 0.321483 2 0.108308 0.329869 2 0.079465 0.331307 2
0 0.061122 0.327432 0.027258 0.010562 0.047842 0.323808 2 0.074634 0.322151 2 0.074751 0.330642 2 0.047492 0.332713 2
0 0.201214 0.385210 0.030281 0.010535 0.186508 0.380731 2 0.216093 0.379942 2 0.216354 0.389533 2 0.186073 0.390477 2
0 0.664256 0.358827 0.024190 0.010674 0.652161 0.354418 2 0.676351 0.353490 2 0.676351 0.363390 2 0.652509 0.364164 2
