0 0.645052 0.560648 0.117188 0.060185 0.586458 0.550000 2 0.703125 0.530556 2 0.703646 0.568519 2 0.586979 0.590741 2
0 0.320833 0.620370 0.221875 0.092593 0.209896 0.605556 2 0.430208 0.574074 2 0.431771 0.627778 2 0.211458 0.666667 2
0 0.508073 0.584722 0.154688 0.069444 0.430729 0.572222 2 0.584375 0.550000 2 0.585417 0.594444 2 0.431771 0.619444 2
0 0.331905 0.327786 0.026979 0.009426 0.318416 0.323073 2 0.345394 0.324460 2 0.345238 0.332499 2 0.318416 0.330836 2
0 0.549919 0.343312 0.018195 0.006948 0.541226 0.339837 2 0.559017 0.340077 2 0.559017 0.346786 2 0.540822 0.346306 2
0 0.573790 0.344290 0.017240 0.006834 0.565170 0.340873 2 0.582410 0.341701 2 0.582410 0.347707 2 0.565885 0.347685 2
0 0.262107 0.323289 0.029952 0.009944 0.247131 0.318317 2 0.277083 0.318981 2 0.276542 0.328261 2 0.247131 0.326657 2
0 0.299678 0.324549 0.028523 0.009469 0.285417 0.319815 2 0.312692 0.321798 2 0.313940 0.329006 2 0.285714 0.329284 2
0 0.528293 0.340680 0.019834 0.007696 0.518578 0.336832 2 0.538210 0.337905 2 0.538110 0.344528 2 0.518377 0.344170 2
0 0.040082 0.238519 0.034059 0.015459 0.024019 0.230789 2 0.056870 0.235083 2 0.057112 0.246248 2 0.023053 0.241525 2
0 0.077402 0.242813 0.031885 0.016319 0.062426 0.234654 2 0.093345 0.238948 2 0.092620 0.250972 2 0.061460 0.247537 2
0 0.114963 0.247966 0.030194 0.012024 0.102765 0.241954 2 0.130060 0.243242 2 0.128853 0.253978 2 0.099866 0.251401 2
0 0.189844 0.253978 0.027778 0.012024 0.178129 0.247966 2 0.203009 0.251831 2 0.203734 0.259990 2 0.175955 0.257413 2
0 0.221488 0.258701 0.025363 0.010307 0.210739 0.253548 2 0.234169 0.256984 2 0.234169 0.263855 2 0.208806 0.262137 2
0 0.256030 0.260419 0.026329 0.009447 0.246247 0.255696 2 0.267986 0.258702 2 0.269194 0.265143 2 0.242865 0.265143 2
0 0.286827 0.264714 0.023189 0.007730 0.276440 0.260849 2 0.298422 0.262137 2 0.297939 0.268578 2 0.275233 0.267290 2
0 0.045174 0.309534 0.042986 0.015006 0.023681 0.302031 2 0.066194 0.305466 2 0.066667 0.317037 2 0.023681 0.315343 2
0 0.096750 0.312548 0.037438 0.014164 0.078030 0.305466 2 0.114746 0.308472 2 0.115469 0.319630 2 0.078755 0.318349 2
0 0.141806 0.315575 0.035763 0.011629 0.123925 0.309760 2 0.158225 0.312337 2 0.159688 0.321389 2 0.124408 0.318349 2
0 0.185423 0.317515 0.035365 0.013152 0.167740 0.310939 2 0.202564 0.314147 2 0.203105 0.324091 2 0.168101 0.321525 2
0 0.221600 0.320723 0.030854 0.010586 0.206173 0.315430 2 0.237027 0.317355 2 0.236847 0.326016 2 0.207436 0.324733 2
