1 0.412760 0.569444 0.077604 0.059259 0.373958 0.561111 2 0.451042 0.539815 2 0.451562 0.571296 2 0.374479 0.599074 2
0 0.317708 0.580556 0.111458 0.040741 0.261979 0.562963 2 0.373437 0.560185 2 0.373437 0.598148 2 0.262500 0.600926 2
0 0.563102 0.364719 0.023885 0.013599 0.551159 0.361527 2 0.573951 0.357919 2 0.575044 0.367633 2 0.552096 0.371518 2
0 0.631599 0.352623 0.029080 0.012202 0.617059 0.350375 2 0.645778 0.346522 2 0.646139 0.356155 2 0.617420 0.358724 2
0 0.313199 0.351897 0.018109 0.010546 0.304613 0.349399 2 0.322097 0.346624 2 0.322253 0.353285 2 0.304144 0.357170 2
0 0.336303 0.347429 0.020294 0.011101 0.326156 0.346041 2 0.345826 0.341878 2 0.346451 0.349926 2 0.326624 0.352979 2
0 0.411420 0.331938 0.022153 0.011889 0.400344 0.330080 2 0.422497 0.325993 2 0.422497 0.334910 2 0.401180 0.337882 2
0 0.439508 0.326216 0.021108 0.011518 0.429373 0.323429 2 0.449017 0.320457 2 0.450062 0.329002 2 0.428954 0.331975 2
0 0.467049 0.321154 0.023120 0.011881 0.455489 0.319067 2 0.477887 0.315214 2 0.478609 0.323241 2 0.455850 0.327095 2
0 0.495082 0.314764 0.024746 0.012523 0.482709 0.312998 2 0.507094 0.308502 2 0.507455 0.316530 2 0.483432 0.321026 2
0 0.528851 0.308717 0.025079 0.014118 0.516312 0.306116 2 0.541391 0.301657 2 0.541391 0.311317 2 0.516312 0.315776 2
0 0.592468 0.294635 0.027795 0.013375 0.578570 0.292035 2 0.605948 0.287948 2 0.606365 0.296865 2 0.578779 0.301323 2
0 0.627859 0.288160 0.029501 0.014186 0.613108 0.286655 2 0.642367 0.281067 2 0.642609 0.290094 2 0.614076 0.295253 2
0 0.664964 0.280723 0.030976 0.014186 0.649476 0.280078 2 0.679460 0.273630 2 0.680452 0.282657 2 0.650685 0.287816 2
0 0.741093 0.267074 0.034413 0.016414 0.723887 0.263841 2 0.758299 0.258867 2 0.757740 0.269312 2 0.725286 0.275281 2
0 0.786581 0.257251 0.032886 0.015906 0.770138 0.254027 2 0.802057 0.249299 2 0.803024 0.258756 2 0.770138 0.265204 2
0 0.828414 0.249084 0.034820 0.015046 0.811004 0.247149 2 0.844856 0.241561 2 0.845824 0.251018 2 0.811003 0.256607 2
0 0.921582 0.230147 0.038522 0.018416 0.902321 0.227845 2 0.940195 0.220939 2 0.940842 0.231298 2 0.902321 0.239355 2
0 0.970948 0.220364 0.041435 0.017265 0.950230 0.219213 2 0.990694 0.211731 2 0.991665 0.222090 2 0.952172 0.228996 2
0 0.472703 0.379886 0.024023 0.014771 0.460691 0.376996 2 0.484353 0.372500 2 0.484714 0.384381 2 0.460872 0.387271 2
0 0.497529 0.376675 0.024224 0.014129 0.485417 0.371574 2 0.509641 0.369610 2 0.509279 0.381170 2 0.485798 0.383739 2
0 0.530413 0.368807 0.028900 0.014450 0.516685 0.366720 2 0.544140 0.361582 2 0.544863 0.373463 2 0.515962 0.376032 2
0 0.246892 0.365183 0.018784 0.010190 0.238326 0.362783 2 0.256284 0.360088 2 0.255934 0.367136 2 0.237500 0.370278 2
