0 0.831510 0.552315 0.178646 0.045370 0.742188 0.535185 2 0.920833 0.529630 2 0.920833 0.571296 2 0.742708 0.575000 2
0 0.667448 0.556481 0.147396 0.040741 0.593750 0.537963 2 0.741146 0.536111 2 0.741146 0.575000 2 0.593750 0.576852 2
0 0.530729 0.557870 0.125000 0.034259 0.468229 0.541667 2 0.593229 0.540741 2 0.593229 0.575000 2 0.468229 0.575000 2
0 0.549582 0.278736 0.019274 0.008626 0.539945 0.278017 2 0.559084 0.274423 2 0.559219 0.280413 2 0.540215 0.283049 2
0 0.572757 0.274067 0.020098 0.009830 0.563262 0.272746 2 0.582671 0.269152 2 0.582806 0.275621 2 0.562708 0.278981 2
0 0.450046 0.349326 0.019543 0.008626 0.440948 0.347888 2 0.459818 0.345013 2 0.459414 0.351242 2 0.440275 0.353639 2
0 0.475870 0.344993 0.019632 0.009665 0.466154 0.343024 2 0.485485 0.340161 2 0.485686 0.346962 2 0.466054 0.349826 2
0 0.500838 0.341503 0.020841 0.009128 0.490519 0.339445 2 0.511259 0.336939 2 0.511158 0.343203 2 0.490418 0.346067 2
0 0.527166 0.336849 0.021948 0.009486 0.516494 0.335865 2 0.538140 0.332106 2 0.538140 0.338550 2 0.516192 0.341592 2
0 0.555965 0.332017 0.022139 0.010202 0.544896 0.329722 2 0.566632 0.326916 2 0.567035 0.333717 2 0.545187 0.337118 2
0 0.584100 0.327077 0.023660 0.009665 0.572572 0.325287 2 0.595426 0.322244 2 0.595930 0.328688 2 0.572270 0.331909 2
0 0.614707 0.322083 0.023458 0.010739 0.602977 0.319201 2 0.626134 0.316713 2 0.626436 0.322799 2 0.603179 0.327453 2
0 0.643829 0.316808 0.024795 0.011644 0.631743 0.314313 2 0.655758 0.310986 2 0.656226 0.318748 2 0.631431 0.322630 2
0 0.675876 0.310819 0.025263 0.013030 0.663244 0.307908 2 0.688507 0.304304 2 0.688507 0.312344 2 0.663556 0.317335 2
0 0.822106 0.287387 0.031885 0.013312 0.806163 0.285455 2 0.838048 0.280731 2 0.838048 0.289749 2 0.806912 0.294043 2
0 0.944959 0.266990 0.036474 0.015459 0.928412 0.266989 2 0.962713 0.259260 2 0.963196 0.269566 2 0.926722 0.274719 2
0 0.528089 0.283093 0.017875 0.009877 0.519635 0.282449 2 0.537026 0.278155 2 0.537026 0.285025 2 0.519152 0.288031 2
