0 0.480990 0.609259 0.226562 0.072222 0.368229 0.587037 2 0.593229 0.573148 2 0.594271 0.633333 2 0.367708 0.645370 2
0 0.088021 0.627778 0.169792 0.057407 0.003646 0.608333 2 0.172396 0.599074 2 0.172917 0.650926 2 0.003125 0.656481 2
0 0.270573 0.620370 0.195312 0.062963 0.172917 0.596296 2 0.367708 0.588889 2 0.368229 0.643519 2 0.173958 0.651852 2
0 0.298775 0.343311 0.022653 0.009128 0.288254 0.340536 2 0.310001 0.338747 2 0.310101 0.345190 2 0.287449 0.347875 2
0 0.327771 0.339034 0.022250 0.009524 0.316646 0.336957 2 0.338493 0.334272 2 0.338896 0.341610 2 0.316771 0.343796 2
0 0.353847 0.335614 0.024868 0.010560 0.341413 0.333019 2 0.366079 0.330334 2 0.366280 0.338747 2 0.341614 0.340894 2
0 0.384302 0.332751 0.025170 0.010560 0.372522 0.330513 2 0.396686 0.327470 2 0.396887 0.335346 2 0.371717 0.338031 2
0 0.809947 0.275924 0.026931 0.010763 0.796481 0.273141 2 0.823413 0.270543 2 0.823204 0.277966 2 0.797317 0.281306 2
0 0.847212 0.271434 0.025679 0.009279 0.834373 0.269764 2 0.859425 0.266794 2 0.860051 0.273475 2 0.834373 0.276073 2
0 0.443787 0.325117 0.024539 0.010585 0.431518 0.322070 2 0.455696 0.319825 2 0.456057 0.326561 2 0.431878 0.330410 2
0 0.413247 0.328992 0.025270 0.010918 0.401015 0.325860 2 0.425379 0.323533 2 0.425883 0.331408 2 0.400612 0.334451 2
0 0.437093 0.270939 0.018585 0.009623 0.427981 0.268694 2 0.445664 0.266127 2 0.446385 0.273505 2 0.427801 0.275751 2
0 0.391082 0.276873 0.018224 0.008661 0.381970 0.275109 2 0.399833 0.272543 2 0.400194 0.278958 2 0.383053 0.281204 2
0 0.631570 0.298338 0.026812 0.012024 0.618164 0.294472 2 0.644976 0.292326 2 0.644976 0.302202 2 0.618405 0.304350 2
0 0.542557 0.254612 0.020678 0.011099 0.532218 0.251500 2 0.552751 0.249062 2 0.552896 0.256568 2 0.532795 0.260161 2
0 0.633193 0.361055 0.027915 0.012198 0.619236 0.358283 2 0.646682 0.354956 2 0.647150 0.364382 2 0.619236 0.367154 2
0 0.771951 0.280749 0.027766 0.012248 0.758068 0.277594 2 0.785208 0.274625 2 0.785834 0.283162 2 0.758903 0.286873 2
