0 0.761979 0.689815 0.427083 0.161111 0.548438 0.609259 2 0.975521 0.637963 2 0.972917 0.770370 2 0.548958 0.698148 2
0 0.445573 0.641667 0.196354 0.098148 0.347396 0.592593 2 0.543750 0.613889 2 0.543750 0.690741 2 0.347396 0.657407 2
0 0.290625 0.618981 0.112500 0.071296 0.234375 0.583333 2 0.346875 0.595370 2 0.346875 0.654630 2 0.234375 0.635185 2
0 0.966022 0.158977 0.034656 0.019299 0.948694 0.160833 2 0.983350 0.149327 2 0.983141 0.157864 2 0.948903 0.168627 2
0 0.974718 0.231991 0.040822 0.020183 0.954548 0.231348 2 0.994404 0.221900 2 0.995129 0.233065 2 0.954307 0.242083 2
0 0.711065 0.279279 0.029230 0.017001 0.696630 0.279440 2 0.725500 0.270779 2 0.725680 0.281364 2 0.696450 0.287780 2
0 0.676620 0.290185 0.026704 0.016680 0.663809 0.288581 2 0.689972 0.281845 2 0.689792 0.290506 2 0.663268 0.298525 2
0 0.644039 0.299344 0.024008 0.015588 0.632243 0.297859 2 0.655417 0.291550 2 0.656043 0.298972 2 0.632035 0.307138 2
0 0.612926 0.309335 0.024359 0.015397 0.601288 0.309335 2 0.624925 0.301637 2 0.625106 0.310298 2 0.600747 0.317034 2
0 0.586673 0.317034 0.022374 0.014756 0.575667 0.316072 2 0.597499 0.309656 2 0.597860 0.317355 2 0.575486 0.324412 2
0 0.559518 0.325214 0.020750 0.013793 0.549684 0.323449 2 0.569893 0.318317 2 0.569893 0.325374 2 0.549143 0.332110 2
0 0.703865 0.221732 0.025441 0.016680 0.691145 0.221412 2 0.715864 0.213392 2 0.716586 0.221412 2 0.691506 0.230073 2
0 0.676891 0.231356 0.023096 0.016680 0.665343 0.231356 2 0.687897 0.223016 2 0.688438 0.232639 2 0.665704 0.239696 2
0 0.652802 0.241300 0.021111 0.015397 0.642247 0.240658 2 0.662636 0.233601 2 0.663358 0.242262 2 0.642427 0.248998 2
