1 0.632292 0.534722 0.040625 0.037963 0.611979 0.525926 2 0.652083 0.515741 2 0.652604 0.538889 2 0.611979 0.553704 2
0 0.569010 0.540741 0.086979 0.029630 0.525521 0.528704 2 0.611979 0.525926 2 0.612500 0.552778 2 0.526042 0.555556 2
0 0.417969 0.547222 0.064063 0.022222 0.385937 0.537037 2 0.450000 0.536111 2 0.450000 0.557407 2 0.385937 0.558333 2
0 0.488281 0.543981 0.073438 0.025000 0.451562 0.533333 2 0.524479 0.531481 2 0.525000 0.555556 2 0.451562 0.556481 2
0 0.701815 0.257447 0.018940 0.012081 0.692490 0.256033 2 0.710418 0.251406 2 0.711285 0.256804 2 0.692345 0.263487 2
0 0.677150 0.264541 0.020386 0.011567 0.667101 0.263384 2 0.687053 0.258757 2 0.687343 0.265954 2 0.666957 0.270324 2
0 0.718269 0.310524 0.028194 0.014137 0.704172 0.308853 2 0.732365 0.303456 2 0.732221 0.311424 2 0.705473 0.317593 2
0 0.586788 0.290957 0.017369 0.011107 0.578104 0.289180 2 0.595098 0.285403 2 0.595473 0.292956 2 0.578853 0.296511 2
0 0.685796 0.317927 0.025735 0.012595 0.672928 0.317541 2 0.697507 0.311629 2 0.698663 0.320111 2 0.674533 0.324224 2
0 0.577816 0.344962 0.019868 0.009108 0.567882 0.343295 2 0.587500 0.340407 2 0.587750 0.345961 2 0.568507 0.349516 2
0 0.553191 0.350120 0.018716 0.009179 0.543833 0.349259 2 0.562146 0.345530 2 0.562549 0.352271 2 0.544317 0.354709 2
0 0.955258 0.252781 0.038072 0.017518 0.936222 0.251985 2 0.973845 0.244022 2 0.974293 0.253179 2 0.936222 0.261540 2
0 0.825152 0.284206 0.030969 0.015140 0.809668 0.282485 2 0.838895 0.276636 2 0.840637 0.284550 2 0.809668 0.291776 2
0 0.532474 0.354738 0.018716 0.007601 0.523116 0.354523 2 0.541025 0.350937 2 0.541832 0.356100 2 0.523438 0.358539 2
0 0.508424 0.361028 0.017203 0.008032 0.499823 0.359303 2 0.516457 0.357012 2 0.517026 0.361742 2 0.500000 0.365044 2
