1 0.609635 0.575000 0.081771 0.079630 0.568750 0.563889 2 0.650521 0.535185 2 0.650000 0.574074 2 0.568750 0.614815 2
0 0.497917 0.587500 0.139583 0.045370 0.428125 0.565741 2 0.567187 0.564815 2 0.567708 0.610185 2 0.428646 0.608333 2
0 0.290365 0.582407 0.074479 0.033333 0.253125 0.565741 2 0.327604 0.567593 2 0.327604 0.599074 2 0.253125 0.596296 2
0 0.377083 0.584722 0.098958 0.037963 0.328125 0.565741 2 0.426042 0.568519 2 0.426563 0.603704 2 0.327604 0.599074 2
0 0.952845 0.220563 0.043041 0.022359 0.931324 0.219818 2 0.972408 0.209384 2 0.974365 0.218824 2 0.931883 0.231742 2
0 0.848830 0.251890 0.035918 0.020620 0.830871 0.249561 2 0.866041 0.241580 2 0.866789 0.251557 2 0.830871 0.262199 2
0 0.765172 0.275665 0.031861 0.019377 0.749242 0.275416 2 0.779985 0.265976 2 0.781103 0.276410 2 0.749242 0.285353 2
0 0.726753 0.286650 0.029228 0.016330 0.712139 0.287392 2 0.740740 0.278485 2 0.741367 0.289248 2 0.713392 0.294816 2
0 0.575035 0.331020 0.019307 0.012189 0.565382 0.328774 2 0.584688 0.324925 2 0.584688 0.331661 2 0.565382 0.337114 2
0 0.551488 0.336312 0.019487 0.013152 0.541745 0.336152 2 0.561051 0.329737 2 0.561232 0.337756 2 0.541745 0.342888 2
0 0.526679 0.344011 0.018585 0.013152 0.517386 0.342888 2 0.535791 0.337435 2 0.535971 0.344813 2 0.517928 0.350587 2
0 0.851771 0.181151 0.030209 0.020846 0.836667 0.180185 2 0.866037 0.170728 2 0.866876 0.182156 2 0.836667 0.191574 2
0 0.716789 0.227654 0.024155 0.016748 0.704711 0.227010 2 0.727659 0.219280 2 0.728867 0.228728 2 0.704712 0.236028 2
0 0.660010 0.249573 0.021503 0.014475 0.649467 0.248645 2 0.670552 0.242336 2 0.670761 0.248645 2 0.649258 0.256810 2
0 0.634435 0.258481 0.020042 0.014475 0.625250 0.257924 2 0.644456 0.251243 2 0.644248 0.257553 2 0.624415 0.265718 2
