1 0.604479 0.583796 0.049792 0.087963 0.579583 0.572037 2 0.627604 0.539815 2 0.629375 0.584630 2 0.581250 0.627778 2
0 0.492708 0.598148 0.176042 0.055556 0.404687 0.575000 2 0.579688 0.570370 2 0.580729 0.625000 2 0.406250 0.625926 2
0 0.337500 0.600926 0.132292 0.042593 0.271875 0.579630 2 0.403646 0.581481 2 0.403646 0.622222 2 0.271354 0.619444 2
0 0.218490 0.600926 0.104687 0.038889 0.166146 0.581481 2 0.270833 0.582407 2 0.270833 0.620370 2 0.166146 0.619444 2
0 0.944356 0.237176 0.037746 0.017870 0.925483 0.236711 2 0.963229 0.228241 2 0.962656 0.239167 2 0.926302 0.246111 2
0 0.893482 0.250126 0.037730 0.018881 0.874618 0.248636 2 0.910391 0.240686 2 0.912348 0.250623 2 0.874617 0.259566 2
0 0.516755 0.280370 0.018585 0.011869 0.507463 0.278285 2 0.525506 0.274435 2 0.526047 0.282134 2 0.508184 0.286304 2
0 0.668527 0.239120 0.025604 0.012883 0.655725 0.237402 2 0.680605 0.232679 2 0.681329 0.240838 2 0.657174 0.245561 2
0 0.727466 0.223360 0.027295 0.013312 0.713818 0.223145 2 0.740147 0.216704 2 0.741113 0.223575 2 0.714060 0.230016 2
0 0.830295 0.195521 0.029339 0.016396 0.815625 0.193796 2 0.844405 0.187323 2 0.844964 0.196764 2 0.817016 0.203720 2
0 0.431763 0.351526 0.021086 0.011505 0.421220 0.349485 2 0.441888 0.345774 2 0.442306 0.353568 2 0.421220 0.357279 2
0 0.457859 0.346330 0.021503 0.010763 0.447734 0.344661 2 0.468193 0.340949 2 0.468611 0.348743 2 0.447107 0.351712 2
0 0.480928 0.342433 0.020459 0.011877 0.470699 0.339836 2 0.490949 0.336495 2 0.491158 0.342433 2 0.470698 0.348372 2
0 0.507024 0.335567 0.022964 0.011505 0.495542 0.333155 2 0.517880 0.329814 2 0.518506 0.337237 2 0.496168 0.341320 2
0 0.535938 0.330371 0.021503 0.012248 0.525187 0.327588 2 0.545855 0.324247 2 0.546690 0.332041 2 0.525187 0.336495 2
0 0.657005 0.301644 0.028503 0.012883 0.642754 0.299497 2 0.670049 0.295203 2 0.671257 0.305080 2 0.644203 0.308086 2
0 0.729181 0.284854 0.029711 0.014171 0.714325 0.283780 2 0.743311 0.277768 2 0.744036 0.286786 2 0.715533 0.291939 2
0 0.765955 0.277155 0.030184 0.014409 0.751981 0.274920 2 0.778811 0.269951 2 0.781047 0.280385 2 0.750863 0.284360 2
0 0.811036 0.268504 0.032697 0.016881 0.796083 0.264535 2 0.826826 0.260063 2 0.827385 0.268510 2 0.794688 0.276944 2
0 0.899547 0.321569 0.041788 0.016748 0.879136 0.318349 2 0.920441 0.313196 2 0.920441 0.325220 2 0.878653 0.329943 2
