0 0.911458 0.741157 0.177083 0.152685 0.828125 0.664815 2 0.000000 0.000000 0 0.000000 0.000000 0 0.822917 0.812037 2
0 0.176302 0.715741 0.328646 0.122222 0.011979 0.654630 2 0.340104 0.665741 2 0.340625 0.776852 2 0.011979 0.758333 2
0 0.587760 0.735185 0.479688 0.159259 0.347917 0.655556 2 0.827604 0.675926 2 0.823958 0.814815 2 0.347917 0.772222 2
0 0.450949 0.258629 0.020042 0.010392 0.441137 0.256402 2 0.460343 0.253433 2 0.460970 0.260856 2 0.440928 0.263825 2
0 0.499801 0.250093 0.022965 0.011877 0.488736 0.248608 2 0.511283 0.244154 2 0.510448 0.253433 2 0.488318 0.256031 2
0 0.975688 0.236694 0.035699 0.015217 0.958256 0.234282 2 0.993538 0.229086 2 0.993538 0.239107 2 0.957839 0.244303 2
0 0.929703 0.243816 0.034656 0.013912 0.912375 0.241332 2 0.946752 0.236860 2 0.947031 0.247791 2 0.912376 0.250772 2
0 0.612999 0.230425 0.023276 0.008982 0.601361 0.228501 2 0.624637 0.225935 2 0.624456 0.232350 2 0.601361 0.234916 2
0 0.553996 0.240369 0.020389 0.008982 0.543802 0.237803 2 0.564011 0.235879 2 0.564191 0.243577 2 0.544163 0.244860 2
0 0.509404 0.305764 0.025887 0.012619 0.496460 0.302053 2 0.522348 0.299455 2 0.521930 0.308734 2 0.496669 0.312074 2
0 0.478715 0.310589 0.023382 0.011134 0.467024 0.306135 2 0.490406 0.305022 2 0.490406 0.312074 2 0.467024 0.316156 2
0 0.447400 0.314486 0.025052 0.010763 0.434873 0.310960 2 0.459508 0.309105 2 0.459926 0.315785 2 0.435082 0.319868 2
0 0.416815 0.318754 0.023591 0.010392 0.405020 0.317270 2 0.428193 0.313558 2 0.428611 0.321724 2 0.405020 0.323950 2
0 0.473705 0.255103 0.020459 0.009279 0.463475 0.253433 2 0.483517 0.250464 2 0.483934 0.257887 2 0.463684 0.259743 2
