0 0.498958 0.660185 0.356250 0.116667 0.320833 0.624074 2 0.675521 0.601852 2 0.677083 0.696296 2 0.321875 0.718519 2
0 0.692851 0.266913 0.029469 0.012471 0.678117 0.261966 2 0.707079 0.260677 2 0.707586 0.271842 2 0.679063 0.273148 2
0 0.765945 0.261321 0.029469 0.011594 0.751959 0.255524 2 0.780679 0.255524 2 0.780462 0.265401 2 0.751210 0.267118 2
0 0.801598 0.258959 0.029228 0.009447 0.787950 0.255094 2 0.815004 0.254236 2 0.816212 0.263683 2 0.786984 0.263254 2
0 0.178527 0.300902 0.030063 0.010763 0.163495 0.296634 2 0.193558 0.295521 2 0.193558 0.304428 2 0.164122 0.306284 2
0 0.836019 0.257043 0.028020 0.012420 0.822031 0.250833 2 0.849546 0.252947 2 0.850029 0.263254 2 0.822009 0.263254 2
0 0.402361 0.353135 0.029248 0.012939 0.388141 0.348583 2 0.416984 0.346666 2 0.416580 0.358167 2 0.387737 0.359605 2
0 0.438617 0.351099 0.028978 0.012699 0.424128 0.345468 2 0.452702 0.344749 2 0.453106 0.355532 2 0.424128 0.357448 2
0 0.028971 0.311907 0.028986 0.010306 0.014478 0.307614 2 0.042740 0.306754 2 0.043464 0.315772 2 0.014478 0.317061 2
0 0.437817 0.282642 0.028601 0.011134 0.423934 0.278560 2 0.451492 0.277075 2 0.452118 0.287096 2 0.423517 0.288209 2
0 0.512140 0.345707 0.028843 0.011501 0.497718 0.340915 2 0.526292 0.339957 2 0.526562 0.351219 2 0.497853 0.351458 2
0 0.140930 0.303748 0.029711 0.010306 0.126075 0.299883 2 0.155786 0.298595 2 0.155786 0.307184 2 0.127766 0.308901 2
0 0.475628 0.348583 0.029113 0.011741 0.461071 0.342952 2 0.489645 0.342712 2 0.490184 0.354214 2 0.461611 0.354453 2
0 0.471832 0.280216 0.028744 0.011165 0.457460 0.275921 2 0.485962 0.274633 2 0.486204 0.285798 2 0.458909 0.285798 2
0 0.547123 0.275707 0.029228 0.012883 0.532509 0.271413 2 0.561013 0.269266 2 0.561737 0.280431 2 0.533717 0.282148 2
0 0.400531 0.284869 0.029854 0.011134 0.385604 0.281529 2 0.415249 0.279302 2 0.415458 0.288209 2 0.386231 0.290436 2
0 0.583227 0.273249 0.028508 0.011227 0.568973 0.269559 2 0.597481 0.267635 2 0.597301 0.276617 2 0.569333 0.278862 2
0 0.617946 0.271177 0.028262 0.014128 0.603815 0.265401 2 0.632077 0.264112 2 0.632077 0.277854 2 0.604323 0.278241 2
0 0.289007 0.293220 0.028810 0.011505 0.274602 0.288951 2 0.303203 0.287467 2 0.303412 0.296374 2 0.275228 0.298972 2
0 0.324582 0.290866 0.029469 0.012453 0.309847 0.286786 2 0.338109 0.284639 2 0.339316 0.294516 2 0.310089 0.297092 2
0 0.360839 0.288074 0.029469 0.012024 0.346104 0.283780 2 0.375090 0.282062 2 0.375573 0.294086 2 0.346829 0.293657 2
