0 0.878125 0.534722 0.063542 0.047222 0.846354 0.524074 2 0.909375 0.511111 2 0.909896 0.543519 2 0.846875 0.558333 2
0 0.808594 0.548611 0.079687 0.056481 0.768750 0.535185 2 0.847917 0.520370 2 0.848437 0.558333 2 0.768750 0.576852 2
1 0.701562 0.554167 0.132292 0.047222 0.635417 0.530556 2 0.767708 0.539815 2 0.767708 0.577778 2 0.635417 0.564815 2
0 0.934635 0.521296 0.050521 0.040741 0.909375 0.511111 2 0.959375 0.500926 2 0.959896 0.529630 2 0.909375 0.541667 2
0 0.276556 0.262657 0.023991 0.010498 0.265625 0.257407 2 0.288012 0.260741 2 0.288551 0.267906 2 0.264560 0.265294 2
0 0.521995 0.345322 0.017142 0.008972 0.513685 0.340836 2 0.530566 0.343002 2 0.529957 0.349808 2 0.513424 0.348261 2
0 0.476197 0.340705 0.022084 0.008590 0.465560 0.336410 2 0.487125 0.337609 2 0.487240 0.345000 2 0.465155 0.343359 2
0 0.449777 0.337465 0.022913 0.008626 0.438320 0.333152 2 0.461233 0.334589 2 0.460964 0.341778 2 0.438590 0.341538 2
0 0.420543 0.335907 0.025878 0.010543 0.408143 0.330636 2 0.432403 0.332553 2 0.433482 0.341179 2 0.407604 0.339262 2
0 0.390662 0.332792 0.026013 0.010543 0.378194 0.327521 2 0.402994 0.330157 2 0.403668 0.338064 2 0.377655 0.335907 2
0 0.362076 0.330370 0.026548 0.010740 0.348802 0.325000 2 0.374811 0.326634 2 0.375350 0.335740 2 0.348920 0.334302 2
0 0.326615 0.327588 0.029790 0.011491 0.311720 0.321842 2 0.341372 0.324238 2 0.341510 0.333333 2 0.311990 0.331906 2
0 0.291746 0.323927 0.030056 0.011741 0.277122 0.318056 2 0.306774 0.320452 2 0.306774 0.329797 2 0.276718 0.327880 2
0 0.257254 0.322104 0.032839 0.011801 0.241198 0.316204 2 0.273673 0.318381 2 0.273312 0.328004 2 0.240834 0.325117 2
0 0.217796 0.318198 0.032777 0.012247 0.203078 0.312074 2 0.234185 0.315414 2 0.233976 0.324322 2 0.201408 0.321352 2
0 0.175500 0.314227 0.035282 0.012248 0.158902 0.308103 2 0.192932 0.310701 2 0.193141 0.320350 2 0.157859 0.318123 2
0 0.081470 0.307806 0.040084 0.015588 0.063099 0.300012 2 0.100468 0.302610 2 0.101512 0.315600 2 0.061429 0.311146 2
0 0.437768 0.285038 0.017791 0.007907 0.429277 0.281085 2 0.445989 0.282522 2 0.446663 0.288991 2 0.428872 0.287554 2
0 0.335570 0.270482 0.020735 0.010562 0.325202 0.265201 2 0.345937 0.268308 2 0.345238 0.275763 2 0.325785 0.272864 2
0 0.247430 0.258959 0.022223 0.011594 0.237285 0.253162 2 0.258542 0.255309 2 0.258542 0.264757 2 0.236319 0.261321 2
0 0.176452 0.249729 0.029884 0.012918 0.162887 0.243270 2 0.191394 0.246748 2 0.191394 0.256188 2 0.161510 0.252685 2
0 0.141087 0.244015 0.028507 0.013415 0.126834 0.237307 2 0.155341 0.241779 2 0.155341 0.250722 2 0.127113 0.247741 2
