0 0.564323 0.616204 0.271354 0.086111 0.428646 0.588889 2 0.698958 0.573148 2 0.700000 0.648148 2 0.429688 0.659259 2
0 0.472999 0.277675 0.031756 0.013152 0.457121 0.273986 2 0.488336 0.271099 2 0.488878 0.281685 2 0.457843 0.284251 2
0 0.509555 0.271998 0.033200 0.013793 0.492956 0.269271 2 0.525434 0.265101 2 0.526155 0.274724 2 0.494399 0.278894 2
0 0.145097 0.328396 0.023548 0.011367 0.133791 0.326317 2 0.156403 0.322713 2 0.156871 0.331585 2 0.133323 0.334080 2
0 0.176052 0.323683 0.024951 0.011367 0.164045 0.320773 2 0.188216 0.318000 2 0.188528 0.326317 2 0.163577 0.329367 2
0 0.592195 0.258429 0.032298 0.013152 0.576046 0.256664 2 0.607983 0.251853 2 0.608343 0.263080 2 0.576406 0.265005 2
0 0.630248 0.253008 0.033922 0.014435 0.613468 0.250602 2 0.646307 0.245790 2 0.647209 0.255734 2 0.613287 0.260225 2
0 0.673029 0.248004 0.034824 0.014756 0.655617 0.245117 2 0.689359 0.240626 2 0.690441 0.249928 2 0.656159 0.255381 2
0 0.716811 0.239958 0.035712 0.017189 0.698956 0.238572 2 0.733732 0.231363 2 0.734667 0.243562 2 0.698956 0.248552 2
0 0.852298 0.221299 0.040078 0.016912 0.832259 0.218388 2 0.871869 0.212844 2 0.872337 0.224210 2 0.833662 0.229755 2
0 0.898067 0.214034 0.038974 0.017963 0.878580 0.210826 2 0.917013 0.205052 2 0.917554 0.216279 2 0.879302 0.223016 2
0 0.178717 0.388214 0.024812 0.012840 0.166311 0.384900 2 0.190774 0.381794 2 0.191123 0.391941 2 0.166428 0.394633 2
0 0.238415 0.379725 0.027135 0.014995 0.224848 0.376109 2 0.251359 0.372228 2 0.251983 0.384426 2 0.225156 0.387222 2
0 0.440413 0.353570 0.033380 0.015718 0.424083 0.349882 2 0.455840 0.345711 2 0.457103 0.357580 2 0.423723 0.361429 2
0 0.478499 0.348271 0.028439 0.014616 0.464414 0.345037 2 0.492179 0.340963 2 0.492718 0.351266 2 0.464279 0.355579 2
0 0.593401 0.332028 0.031802 0.014416 0.577500 0.328704 2 0.608678 0.324820 2 0.609302 0.336741 2 0.578113 0.339236 2
0 0.675994 0.322513 0.035986 0.014856 0.658001 0.318679 2 0.693178 0.315085 2 0.693987 0.326347 2 0.658944 0.329941 2
0 0.718423 0.317817 0.033426 0.016533 0.701710 0.313145 2 0.734462 0.309550 2 0.735136 0.322010 2 0.702519 0.326083 2
0 0.762691 0.310625 0.035868 0.016634 0.744757 0.307021 2 0.779689 0.302308 2 0.780625 0.316170 2 0.745225 0.318943 2
0 0.634176 0.327038 0.033996 0.014139 0.617489 0.324404 2 0.650082 0.319968 2 0.651174 0.331335 2 0.617177 0.334107 2
0 0.590197 0.199283 0.029645 0.013361 0.575375 0.196314 2 0.604602 0.192603 2 0.605020 0.202252 2 0.576419 0.205964 2
0 0.552382 0.265463 0.033217 0.013862 0.535773 0.263523 2 0.568990 0.258532 2 0.568834 0.267959 2 0.537021 0.272394 2
0 0.203577 0.320911 0.026043 0.011921 0.192115 0.319663 2 0.216131 0.314950 2 0.216598 0.322990 2 0.190555 0.326872 2
0 0.237058 0.315810 0.026199 0.011644 0.223959 0.313592 2 0.249690 0.309988 2 0.250158 0.318305 2 0.224115 0.321632 2
0 0.366151 0.294213 0.027914 0.011367 0.352194 0.292411 2 0.379640 0.288530 2 0.380108 0.297401 2 0.352661 0.299896 2
0 0.402174 0.289361 0.029786 0.013585 0.387281 0.286173 2 0.416599 0.282569 2 0.417067 0.292827 2 0.387593 0.296154 2
