0 0.918490 0.531481 0.155729 0.044444 0.841146 0.514815 2 0.996354 0.509259 2 0.994271 0.549074 2 0.840625 0.553704 2
0 0.768490 0.537500 0.142188 0.036111 0.697396 0.521296 2 0.839583 0.519444 2 0.839583 0.553704 2 0.697396 0.555556 2
0 0.720377 0.244088 0.022104 0.010783 0.709460 0.242531 2 0.730890 0.238697 2 0.731429 0.245885 2 0.709325 0.249480 2
0 0.689607 0.250246 0.022104 0.011022 0.678555 0.248329 2 0.700659 0.244735 2 0.700659 0.250965 2 0.678555 0.255757 2
0 0.915731 0.267677 0.033093 0.015030 0.899185 0.265744 2 0.931553 0.260162 2 0.932277 0.268750 2 0.900151 0.275192 2
0 0.629840 0.319968 0.024172 0.013307 0.617755 0.317473 2 0.641926 0.313315 2 0.641614 0.322186 2 0.617754 0.326622 2
0 0.600756 0.324681 0.022456 0.009981 0.589528 0.322464 2 0.611984 0.319691 2 0.611984 0.326622 2 0.589528 0.329672 2
0 0.572062 0.330004 0.023080 0.011921 0.560522 0.327925 2 0.582822 0.324044 2 0.583602 0.332084 2 0.561302 0.335965 2
0 0.795208 0.289991 0.029854 0.014103 0.780281 0.285537 2 0.810135 0.282939 2 0.809717 0.291475 2 0.780281 0.297042 2
0 0.761074 0.295558 0.027975 0.013361 0.747504 0.294074 2 0.774644 0.288877 2 0.775062 0.298527 2 0.747087 0.302238 2
0 0.543787 0.335452 0.021565 0.011501 0.533004 0.332816 2 0.554030 0.329701 2 0.554569 0.337369 2 0.533139 0.341203 2
0 0.519112 0.338729 0.020740 0.010918 0.508742 0.337028 2 0.529079 0.333270 2 0.529481 0.341324 2 0.508742 0.344188 2
0 0.565575 0.277462 0.018122 0.009128 0.556816 0.276298 2 0.574435 0.272898 2 0.574636 0.278625 2 0.556514 0.282026 2
0 0.663459 0.256356 0.020487 0.011741 0.654024 0.254080 2 0.673568 0.250486 2 0.673703 0.258153 2 0.653216 0.262227 2
0 0.622540 0.286452 0.019409 0.009584 0.613105 0.284056 2 0.632109 0.281659 2 0.632244 0.287650 2 0.612835 0.291244 2
0 0.689957 0.308047 0.026199 0.012198 0.676858 0.306106 2 0.702901 0.301948 2 0.703057 0.309711 2 0.678262 0.314146 2
0 0.661263 0.313453 0.024328 0.011921 0.649255 0.311651 2 0.673115 0.307493 2 0.673427 0.315810 2 0.649100 0.319414 2
0 0.724227 0.302795 0.026513 0.012248 0.710970 0.301125 2 0.737484 0.296671 2 0.737484 0.303723 2 0.712223 0.308919 2
0 0.878356 0.208782 0.027758 0.012226 0.864477 0.207687 2 0.891456 0.202669 2 0.892235 0.210154 2 0.864789 0.214895 2
0 0.798729 0.250634 0.022276 0.010364 0.787939 0.249628 2 0.809171 0.245452 2 0.809867 0.251640 2 0.787591 0.255816 2
0 0.611451 0.267459 0.020153 0.010562 0.601957 0.265491 2 0.620944 0.262178 2 0.621527 0.268598 2 0.601374 0.272739 2
0 0.748439 0.237355 0.022913 0.011501 0.736982 0.235918 2 0.759626 0.231605 2 0.759895 0.238793 2 0.737252 0.243106 2
