0 0.727083 0.543519 0.138542 0.038889 0.657813 0.526852 2 0.796354 0.524074 2 0.796354 0.559259 2 0.657813 0.562963 2
0 0.878125 0.536574 0.161458 0.045370 0.797396 0.519444 2 0.958854 0.513889 2 0.958854 0.552778 2 0.797917 0.559259 2
0 0.980729 0.535185 0.038542 0.042593 0.961979 0.515741 2 0.000000 0.000000 0 0.000000 0.000000 0 0.961458 0.556481 2
0 0.680144 0.312211 0.025861 0.011183 0.668029 0.310347 2 0.692608 0.306620 2 0.693074 0.313247 2 0.667214 0.317803 2
0 0.903192 0.272318 0.032659 0.015076 0.887043 0.270875 2 0.919160 0.264780 2 0.919521 0.272799 2 0.886862 0.279856 2
0 0.750200 0.299730 0.028070 0.014416 0.736164 0.298067 2 0.763611 0.292522 2 0.764235 0.300284 2 0.736320 0.306938 2
0 0.713751 0.306620 0.026676 0.012840 0.700413 0.304134 2 0.726623 0.300200 2 0.727089 0.309105 2 0.700530 0.313039 2
0 0.557683 0.281794 0.018195 0.009375 0.548585 0.279503 2 0.566241 0.277107 2 0.566780 0.283576 2 0.548594 0.286481 2
0 0.579046 0.276747 0.019409 0.009824 0.569342 0.274711 2 0.588750 0.271835 2 0.588480 0.277826 2 0.569341 0.281659 2
0 0.602363 0.271835 0.020487 0.011022 0.592119 0.270158 2 0.612337 0.266324 2 0.612606 0.273273 2 0.592524 0.277346 2
0 0.654074 0.259919 0.020741 0.011644 0.643704 0.256869 2 0.664289 0.254097 2 0.664445 0.262691 2 0.643704 0.265741 2
0 0.680273 0.254235 0.020429 0.011367 0.670527 0.252433 2 0.690488 0.248552 2 0.690488 0.256037 2 0.670059 0.259919 2
0 0.710653 0.246988 0.022225 0.011981 0.700066 0.244113 2 0.721361 0.240997 2 0.721766 0.248665 2 0.699540 0.252978 2
0 0.738238 0.241877 0.022554 0.012831 0.726961 0.239952 2 0.749335 0.235462 2 0.749515 0.243802 2 0.727502 0.248292 2
0 0.509804 0.342661 0.020536 0.009900 0.499710 0.340186 2 0.519898 0.337711 2 0.520072 0.344208 2 0.499536 0.347611 2
0 0.534734 0.338949 0.020275 0.010210 0.524684 0.336783 2 0.544784 0.333844 2 0.544871 0.340805 2 0.524597 0.344053 2
0 0.562187 0.333894 0.022366 0.011597 0.551354 0.332444 2 0.572904 0.328095 2 0.573370 0.335136 2 0.551004 0.339692 2
0 0.591147 0.328527 0.022863 0.010963 0.579716 0.326522 2 0.602578 0.323046 2 0.602578 0.330533 2 0.579716 0.334009 2
0 0.619579 0.323372 0.023559 0.010918 0.607800 0.321134 2 0.631359 0.317913 2 0.631359 0.325967 2 0.607800 0.328831 2
0 0.651341 0.317547 0.025441 0.010906 0.638621 0.315622 2 0.663701 0.312094 2 0.664062 0.319793 2 0.638620 0.323000 2
