0 0.574740 0.552778 0.152604 0.048148 0.498958 0.536111 2 0.650521 0.528704 2 0.651042 0.568519 2 0.498437 0.576852 2
0 0.180723 0.338797 0.021387 0.010269 0.170966 0.337271 2 0.191104 0.333663 2 0.191417 0.341711 2 0.170029 0.343932 2
0 0.211104 0.334969 0.022730 0.009877 0.199739 0.332180 2 0.222469 0.330030 2 0.221985 0.337768 2 0.200208 0.339907 2
0 0.298544 0.323370 0.024023 0.010918 0.286532 0.320801 2 0.309833 0.317911 2 0.310555 0.326581 2 0.287074 0.328829 2
0 0.325276 0.320640 0.022940 0.010597 0.313806 0.316948 2 0.336385 0.315342 2 0.336746 0.323370 2 0.314710 0.325939 2
0 0.416859 0.308708 0.026113 0.011177 0.403802 0.306111 2 0.429915 0.303120 2 0.429915 0.311287 2 0.404284 0.314296 2
0 0.448610 0.304217 0.025290 0.011101 0.435965 0.300332 2 0.460318 0.298666 2 0.461255 0.306992 2 0.436433 0.309768 2
0 0.482876 0.299610 0.026227 0.011101 0.469763 0.296834 2 0.495677 0.294059 2 0.495990 0.302663 2 0.470075 0.305161 2
0 0.515584 0.295164 0.025647 0.012820 0.502939 0.290359 2 0.528408 0.288754 2 0.528408 0.299030 2 0.502760 0.301574 2
0 0.155667 0.341573 0.022168 0.010269 0.144583 0.339214 2 0.166439 0.336438 2 0.166751 0.344209 2 0.144739 0.346707 2
0 0.615080 0.283266 0.028004 0.011146 0.601078 0.280666 2 0.629083 0.277693 2 0.629083 0.287353 2 0.602332 0.288839 2
0 0.651117 0.278407 0.028724 0.012211 0.637067 0.275076 2 0.665479 0.272301 2 0.665011 0.281182 2 0.636755 0.284512 2
0 0.759084 0.265634 0.032693 0.012202 0.743641 0.263386 2 0.774709 0.259533 2 0.775431 0.268203 2 0.742738 0.271735 2
0 0.833588 0.256091 0.029017 0.011607 0.819080 0.252437 2 0.847613 0.250287 2 0.848097 0.259745 2 0.820047 0.261894 2
0 0.870488 0.251749 0.030710 0.012037 0.855133 0.249599 2 0.885359 0.245731 2 0.885843 0.255188 2 0.856584 0.257767 2
0 0.908188 0.246484 0.030931 0.011518 0.892723 0.244441 2 0.922817 0.240725 2 0.923653 0.250757 2 0.893977 0.252243 2
0 0.421103 0.368327 0.025602 0.011934 0.408302 0.366523 2 0.433592 0.362360 2 0.433904 0.371796 2 0.408458 0.374294 2
0 0.449640 0.366162 0.025290 0.012489 0.436995 0.362415 2 0.461505 0.359918 2 0.462285 0.370464 2 0.437620 0.372406 2
0 0.484968 0.361444 0.025758 0.013321 0.472245 0.357003 2 0.497847 0.354783 2 0.497847 0.364774 2 0.472089 0.368105 2
0 0.516659 0.359085 0.026071 0.013044 0.503780 0.354783 2 0.528913 0.352563 2 0.529694 0.362277 2 0.503623 0.365607 2
0 0.549776 0.355931 0.026913 0.014129 0.536319 0.350472 2 0.563232 0.348866 2 0.563232 0.360426 2 0.536680 0.362995 2
0 0.583787 0.352880 0.027455 0.014129 0.570060 0.347421 2 0.597154 0.345816 2 0.597515 0.357697 2 0.570060 0.359945 2
