0 0.730990 0.556944 0.143229 0.056481 0.659375 0.541667 2 0.802083 0.528704 2 0.802604 0.571296 2 0.659375 0.585185 2
0 0.868750 0.543981 0.133333 0.054630 0.802083 0.529630 2 0.934896 0.516667 2 0.935417 0.555556 2 0.802604 0.571296 2
0 0.582552 0.572685 0.154687 0.058333 0.505208 0.557407 2 0.658854 0.543519 2 0.659896 0.587037 2 0.506250 0.601852 2
0 0.259886 0.344067 0.026025 0.010024 0.246874 0.340597 2 0.272465 0.339055 2 0.272899 0.348308 2 0.247019 0.349079 2
0 0.495718 0.277028 0.020118 0.006887 0.486408 0.274474 2 0.505652 0.273585 2 0.505777 0.280249 2 0.485658 0.280471 2
0 0.444122 0.279494 0.020618 0.006442 0.434063 0.276273 2 0.454181 0.276273 2 0.454431 0.282493 2 0.433813 0.282715 2
0 0.419172 0.281556 0.021254 0.007711 0.408545 0.277958 2 0.429799 0.277701 2 0.429365 0.284641 2 0.408690 0.285412 2
0 0.366544 0.283407 0.021976 0.007711 0.355990 0.279552 2 0.376810 0.279551 2 0.377533 0.286748 2 0.355556 0.287262 2
0 0.315789 0.285270 0.020993 0.007775 0.305667 0.281382 2 0.326285 0.281604 2 0.326285 0.287602 2 0.305292 0.289157 2
0 0.340401 0.284104 0.022367 0.006720 0.329865 0.280744 2 0.351357 0.280744 2 0.351584 0.286888 2 0.329217 0.287464 2
0 0.446457 0.335904 0.024893 0.010045 0.434010 0.331944 2 0.458180 0.330881 2 0.458903 0.339877 2 0.434167 0.340926 2
0 0.477336 0.334032 0.023617 0.009330 0.465902 0.330477 2 0.488270 0.329367 2 0.489145 0.337364 2 0.465528 0.338697 2
0 0.508526 0.332210 0.023742 0.008442 0.497155 0.328656 2 0.520397 0.327989 2 0.520272 0.336431 2 0.496655 0.336431 2
0 0.536642 0.331099 0.024242 0.008886 0.524521 0.326878 2 0.548763 0.326656 2 0.548513 0.335098 2 0.525021 0.335542 2
0 0.735344 0.321396 0.021109 0.008997 0.724789 0.316898 2 0.745754 0.317156 2 0.745898 0.325895 2 0.725078 0.325638 2
0 0.760573 0.320497 0.020386 0.008739 0.750380 0.316128 2 0.770477 0.316899 2 0.770766 0.324610 2 0.751248 0.324867 2
0 0.791441 0.319083 0.021976 0.008482 0.780742 0.315100 2 0.802285 0.314842 2 0.802430 0.323067 2 0.780453 0.323324 2
0 0.867781 0.315228 0.019374 0.009510 0.858383 0.310473 2 0.877323 0.311501 2 0.877468 0.319983 2 0.858094 0.319469 2
0 0.418363 0.337101 0.024868 0.009253 0.405929 0.333503 2 0.430507 0.332475 2 0.430797 0.340186 2 0.406073 0.341728 2
0 0.386757 0.338669 0.025880 0.008996 0.374251 0.334685 2 0.399552 0.334171 2 0.399697 0.341882 2 0.373817 0.343167 2
0 0.356105 0.340469 0.025302 0.008482 0.343454 0.336485 2 0.368323 0.336228 2 0.368756 0.344196 2 0.343455 0.344710 2
0 0.323213 0.341754 0.024868 0.010024 0.310779 0.336999 2 0.335213 0.336742 2 0.335647 0.344710 2 0.310779 0.346766 2
0 0.471663 0.279472 0.020743 0.007331 0.461791 0.276473 2 0.481410 0.275806 2 0.482035 0.282249 2 0.461291 0.283137 2
0 0.290538 0.343939 0.026603 0.008225 0.277815 0.340083 2 0.303405 0.339826 2 0.303839 0.347794 2 0.277236 0.348051 2
