0 0.554688 0.556481 0.137500 0.044444 0.485938 0.541667 2 0.623437 0.534259 2 0.623437 0.571296 2 0.485938 0.578704 2
0 0.221430 0.391928 0.027496 0.012460 0.207682 0.389053 2 0.235043 0.385699 2 0.235178 0.397679 2 0.209030 0.398158 2
0 0.161479 0.337393 0.024530 0.010783 0.149214 0.333200 2 0.173745 0.332002 2 0.173610 0.340388 2 0.149484 0.342784 2
0 0.189918 0.334637 0.024530 0.011022 0.177788 0.332001 2 0.202183 0.329126 2 0.202183 0.337034 2 0.177653 0.340148 2
0 0.221996 0.330684 0.023991 0.010303 0.210001 0.329126 2 0.233857 0.325532 2 0.233992 0.333919 2 0.210136 0.335835 2
0 0.253859 0.327413 0.023991 0.010759 0.242133 0.324430 2 0.265585 0.322034 2 0.265854 0.330396 2 0.241863 0.332792 2
0 0.285492 0.323866 0.026343 0.011869 0.272320 0.320819 2 0.298303 0.317932 2 0.298663 0.326914 2 0.272320 0.329801 2
0 0.382117 0.311874 0.028035 0.011981 0.368639 0.308040 2 0.395460 0.305884 2 0.396134 0.315708 2 0.368099 0.317865 2
0 0.416378 0.307717 0.025977 0.010769 0.404205 0.304818 2 0.429250 0.302333 2 0.429367 0.310409 2 0.403390 0.313102 2
0 0.481530 0.300842 0.027026 0.009940 0.468018 0.297528 2 0.495043 0.295872 2 0.495043 0.303327 2 0.468367 0.305812 2
0 0.519797 0.295561 0.028307 0.013047 0.505877 0.292144 2 0.533252 0.289038 2 0.533950 0.298357 2 0.505644 0.302084 2
0 0.554977 0.291523 0.027375 0.011183 0.541289 0.288002 2 0.568548 0.285931 2 0.568664 0.294008 2 0.541639 0.297114 2
0 0.588351 0.286760 0.029122 0.012011 0.574489 0.283446 2 0.602912 0.280754 2 0.602679 0.289659 2 0.573790 0.292765 2
0 0.625208 0.283612 0.029239 0.012633 0.611520 0.280195 2 0.639711 0.277295 2 0.639827 0.286822 2 0.610589 0.289928 2
0 0.734948 0.271951 0.030721 0.012198 0.719587 0.269178 2 0.750309 0.265852 2 0.749997 0.275000 2 0.720523 0.278050 2
0 0.776947 0.266444 0.029938 0.014082 0.762444 0.262716 2 0.791566 0.259403 2 0.791915 0.269550 2 0.761978 0.273485 2
0 0.890960 0.254606 0.032419 0.011455 0.874751 0.251025 2 0.907170 0.248878 2 0.906867 0.257827 2 0.874751 0.260333 2
0 0.931155 0.248986 0.030870 0.012633 0.915720 0.245155 2 0.946356 0.242670 2 0.946589 0.252817 2 0.915720 0.255302 2
0 0.970644 0.244761 0.033665 0.013461 0.954278 0.241345 2 0.986895 0.238031 2 0.987477 0.247350 2 0.953812 0.251492 2
0 0.452414 0.367919 0.028878 0.012218 0.438092 0.365330 2 0.465571 0.361809 2 0.466853 0.372785 2 0.437975 0.374028 2
0 0.520671 0.360951 0.028867 0.014125 0.506237 0.357479 2 0.534792 0.353889 2 0.535104 0.365278 2 0.506549 0.368014 2
0 0.555990 0.357448 0.028020 0.012460 0.541980 0.353614 2 0.569611 0.351219 2 0.570000 0.362037 2 0.542115 0.363678 2
0 0.590839 0.354333 0.027630 0.012460 0.577428 0.349781 2 0.603980 0.348104 2 0.604654 0.357928 2 0.577024 0.360563 2
0 0.627943 0.350821 0.030898 0.012248 0.612494 0.346553 2 0.642974 0.344697 2 0.643392 0.354718 2 0.613538 0.356945 2
0 0.129738 0.341347 0.023856 0.011022 0.118080 0.338711 2 0.141262 0.335835 2 0.141667 0.344461 2 0.117810 0.346858 2
