0 0.489844 0.631481 0.270313 0.090741 0.354687 0.603704 2 0.623958 0.586111 2 0.625000 0.664815 2 0.356771 0.676852 2
0 0.124670 0.335158 0.023457 0.013152 0.112942 0.332431 2 0.135496 0.328582 2 0.136399 0.337563 2 0.113123 0.341733 2
0 0.155998 0.331113 0.023860 0.012753 0.144068 0.328064 2 0.167616 0.324737 2 0.167928 0.333331 2 0.144224 0.337490 2
0 0.184628 0.326754 0.024274 0.011741 0.172491 0.324718 2 0.196361 0.320884 2 0.196765 0.328791 2 0.172491 0.332625 2
0 0.217238 0.321363 0.025069 0.011981 0.204704 0.319925 2 0.229099 0.315373 2 0.229773 0.323519 2 0.205513 0.327353 2
0 0.156858 0.393802 0.024968 0.012708 0.144374 0.391028 2 0.168939 0.387448 2 0.169342 0.398188 2 0.144575 0.400156 2
0 0.217636 0.386640 0.024812 0.012633 0.205347 0.384465 2 0.230042 0.380323 2 0.230042 0.391092 2 0.205230 0.392956 2
0 0.317184 0.306550 0.028850 0.013030 0.302759 0.303084 2 0.330985 0.300035 2 0.331609 0.309738 2 0.302759 0.313065 2
0 0.348529 0.302114 0.028538 0.013030 0.335039 0.299758 2 0.362330 0.295599 2 0.362798 0.305025 2 0.334260 0.308629 2
0 0.456927 0.284565 0.030565 0.014416 0.442268 0.280684 2 0.472210 0.277357 2 0.472210 0.288169 2 0.441644 0.291773 2
0 0.493183 0.280813 0.030405 0.016338 0.477980 0.276802 2 0.508077 0.272644 2 0.508385 0.284537 2 0.478125 0.288981 2
0 0.535015 0.274532 0.031576 0.016039 0.519768 0.270361 2 0.550803 0.266512 2 0.550622 0.277098 2 0.519227 0.282551 2
0 0.573971 0.208709 0.026704 0.012831 0.561520 0.205822 2 0.587142 0.202294 2 0.587323 0.211596 2 0.560618 0.215125 2
0 0.574826 0.267976 0.032500 0.014703 0.558926 0.264766 2 0.590727 0.260625 2 0.591077 0.270151 2 0.558576 0.275328 2
0 0.611353 0.262371 0.032078 0.014137 0.596257 0.259616 2 0.626853 0.255302 2 0.627392 0.265342 2 0.595314 0.269439 2
0 0.654499 0.257114 0.034463 0.016680 0.637808 0.253906 2 0.671730 0.248774 2 0.671008 0.260001 2 0.637267 0.265454 2
0 0.696238 0.250079 0.034773 0.014377 0.678851 0.248401 2 0.713625 0.242890 2 0.713086 0.253912 2 0.680064 0.257267 2
0 0.830300 0.232545 0.036274 0.015275 0.812163 0.229664 2 0.848437 0.224907 2 0.848420 0.234672 2 0.812703 0.240183 2
0 0.875275 0.226558 0.034131 0.014911 0.858209 0.222831 2 0.891875 0.219103 2 0.892340 0.228836 2 0.858792 0.234013 2
0 0.421149 0.361761 0.033560 0.013897 0.404369 0.359125 2 0.437121 0.354813 2 0.437929 0.364158 2 0.405178 0.368710 2
0 0.575742 0.340290 0.031189 0.016634 0.560304 0.335022 2 0.590869 0.331973 2 0.591337 0.345835 2 0.560148 0.348607 2
0 0.616756 0.335300 0.034932 0.015525 0.599290 0.330032 2 0.633599 0.327537 2 0.634222 0.339735 2 0.599290 0.343062 2
0 0.657833 0.331779 0.035400 0.014139 0.640912 0.327759 2 0.675532 0.324709 2 0.675532 0.336353 2 0.640133 0.338848 2
0 0.741793 0.320530 0.036989 0.016039 0.724200 0.315719 2 0.760287 0.312511 2 0.760107 0.324380 2 0.723298 0.328550 2
