0 0.744792 0.601852 0.254167 0.087037 0.617708 0.574074 2 0.871875 0.558333 2 0.871875 0.625926 2 0.618750 0.645370 2
1 0.598698 0.592130 0.041146 0.099074 0.578125 0.542593 2 0.617708 0.578704 2 0.619271 0.641667 2 0.619271 0.641667 2
0 0.935937 0.584583 0.128125 0.075278 0.871875 0.554630 2 0.000000 0.000000 0 0.000000 0.000000 0 0.872396 0.622222 2
0 0.512244 0.311260 0.027607 0.009944 0.498441 0.308854 2 0.526047 0.306288 2 0.525506 0.315591 2 0.500065 0.316232 2
0 0.420096 0.319793 0.024359 0.008982 0.408097 0.316905 2 0.431914 0.315302 2 0.432275 0.323000 2 0.407917 0.324283 2
0 0.387618 0.322519 0.025441 0.009302 0.374897 0.319472 2 0.399436 0.317868 2 0.400338 0.326850 2 0.376160 0.327170 2
0 0.355320 0.325887 0.025080 0.009623 0.343682 0.322359 2 0.367319 0.321076 2 0.367860 0.329095 2 0.342780 0.330699 2
0 0.325558 0.327975 0.026905 0.010580 0.312106 0.323642 2 0.339010 0.322685 2 0.339010 0.331019 2 0.312828 0.333265 2
0 0.564951 0.248912 0.022144 0.009426 0.554035 0.246140 2 0.575399 0.244199 2 0.576023 0.251407 2 0.553879 0.253625 2
0 0.540234 0.252378 0.020117 0.007486 0.531579 0.248635 2 0.549980 0.248635 2 0.550292 0.254457 2 0.530175 0.256120 2
0 0.510526 0.254318 0.021209 0.008594 0.500233 0.251685 2 0.520662 0.250021 2 0.521130 0.256398 2 0.499921 0.258616 2
0 0.484002 0.256536 0.021858 0.009149 0.473073 0.254444 2 0.494931 0.251962 2 0.494775 0.260279 2 0.474034 0.261111 2
0 0.431177 0.263023 0.021565 0.008398 0.420394 0.260262 2 0.441959 0.258824 2 0.441959 0.264815 2 0.420521 0.267222 2
0 0.381501 0.267701 0.020918 0.008856 0.371063 0.265214 2 0.391960 0.263273 2 0.391648 0.269372 2 0.371042 0.272130 2
0 0.451375 0.316420 0.025419 0.008872 0.438666 0.312538 2 0.463305 0.311984 2 0.464085 0.320301 2 0.438978 0.320855 2
0 0.483970 0.314660 0.025622 0.010585 0.471339 0.310651 2 0.496781 0.309368 2 0.496781 0.318028 2 0.471159 0.319953 2
0 0.545263 0.308534 0.025080 0.010906 0.532904 0.305967 2 0.557623 0.303080 2 0.557804 0.311100 2 0.532723 0.313987 2
0 0.578554 0.304845 0.025261 0.009302 0.565923 0.303081 2 0.591184 0.300193 2 0.591184 0.308534 2 0.566104 0.309496 2
0 0.609318 0.302278 0.025802 0.009302 0.596417 0.299231 2 0.622219 0.297627 2 0.622219 0.305005 2 0.596778 0.306930 2
0 0.641525 0.299391 0.027426 0.009944 0.627812 0.295061 2 0.654877 0.294420 2 0.655238 0.303401 2 0.628354 0.304363 2
0 0.708611 0.293136 0.025802 0.008982 0.696612 0.290570 2 0.721512 0.288646 2 0.721512 0.295703 2 0.695710 0.297627 2
0 0.740099 0.290823 0.025363 0.010306 0.727418 0.287816 2 0.751814 0.285670 2 0.752780 0.293399 2 0.727417 0.295976 2
