0 0.871875 0.616898 0.256250 0.081944 0.745313 0.575926 2 0.000000 0.000000 0 0.000000 0.000000 0 0.743750 0.644444 2
0 0.627865 0.608796 0.231771 0.069444 0.513021 0.574074 2 0.743750 0.579630 2 0.743229 0.643519 2 0.511979 0.632407 2
0 0.633965 0.253136 0.024359 0.015076 0.621786 0.252334 2 0.645062 0.245598 2 0.646144 0.254259 2 0.621786 0.260674 2
0 0.608885 0.259070 0.023276 0.013472 0.598329 0.258108 2 0.620523 0.252334 2 0.620342 0.261316 2 0.597247 0.265807 2
0 0.586150 0.265325 0.019667 0.011869 0.576316 0.263562 2 0.595984 0.259391 2 0.595984 0.266127 2 0.576497 0.271260 2
0 0.945913 0.169188 0.035494 0.021365 0.928725 0.167946 2 0.962822 0.158506 2 0.963661 0.169436 2 0.928166 0.179870 2
0 0.798746 0.273313 0.033221 0.017001 0.782135 0.272222 2 0.814634 0.264812 2 0.815356 0.275077 2 0.782336 0.281813 2
0 0.756715 0.283321 0.031395 0.015397 0.741017 0.282038 2 0.770969 0.275622 2 0.772413 0.284283 2 0.741197 0.291019 2
0 0.718293 0.291829 0.029318 0.014139 0.703634 0.290026 2 0.732952 0.284759 2 0.732952 0.293076 2 0.703634 0.298898 2
0 0.683953 0.298621 0.027915 0.014416 0.669996 0.296957 2 0.697911 0.291413 2 0.697911 0.299730 2 0.670464 0.305829 2
0 0.648815 0.306352 0.026524 0.013472 0.635553 0.305711 2 0.661716 0.299616 2 0.662077 0.308277 2 0.636094 0.313088 2
0 0.617419 0.312768 0.024720 0.011548 0.605240 0.311485 2 0.629057 0.306994 2 0.629779 0.315334 2 0.605059 0.318542 2
0 0.585609 0.319793 0.023637 0.011869 0.573971 0.318670 2 0.597427 0.313858 2 0.597427 0.322840 2 0.573790 0.325727 2
0 0.555386 0.327010 0.022374 0.012189 0.544560 0.326048 2 0.566212 0.320915 2 0.566573 0.328614 2 0.544199 0.333105 2
0 0.528952 0.332463 0.021833 0.012189 0.518216 0.331180 2 0.539868 0.326368 2 0.539868 0.334388 2 0.518036 0.338558 2
0 0.501165 0.337756 0.021111 0.011869 0.491331 0.335992 2 0.511721 0.331822 2 0.511540 0.340482 2 0.490610 0.343690 2
