0 0.670573 0.552315 0.135937 0.036111 0.602604 0.535185 2 0.738542 0.534259 2 0.738542 0.569444 2 0.603125 0.570370 2
0 0.819792 0.546759 0.160417 0.041667 0.739583 0.531481 2 0.899479 0.525926 2 0.900000 0.564815 2 0.740104 0.567593 2
0 0.563155 0.284678 0.018061 0.009584 0.554124 0.284200 2 0.572185 0.279886 2 0.571781 0.286595 2 0.554664 0.289471 2
0 0.583844 0.280485 0.019813 0.012699 0.574881 0.278688 2 0.593481 0.274136 2 0.593750 0.281803 2 0.573937 0.286835 2
0 0.607767 0.274974 0.018869 0.011262 0.598602 0.273177 2 0.617202 0.269343 2 0.617067 0.275813 2 0.598333 0.280605 2
0 0.486713 0.351629 0.019337 0.009981 0.477044 0.349966 2 0.496226 0.346639 2 0.496381 0.354401 2 0.477044 0.356619 2
0 0.513070 0.346882 0.019543 0.009345 0.503298 0.345085 2 0.522707 0.342209 2 0.522842 0.348918 2 0.503433 0.351554 2
0 0.537465 0.343048 0.020622 0.010303 0.527155 0.340771 2 0.547507 0.337896 2 0.547776 0.344366 2 0.527559 0.348199 2
0 0.564840 0.338687 0.022508 0.012460 0.554529 0.336770 2 0.576094 0.332457 2 0.575959 0.339645 2 0.553585 0.344917 2
0 0.593963 0.332944 0.023276 0.011869 0.582505 0.332142 2 0.605420 0.327010 2 0.605601 0.334709 2 0.582325 0.338879 2
0 0.623067 0.327459 0.023998 0.011227 0.612151 0.326336 2 0.634885 0.321846 2 0.635066 0.329865 2 0.611068 0.333073 2
0 0.654986 0.320787 0.025080 0.011869 0.642626 0.318702 2 0.667526 0.314853 2 0.667526 0.322872 2 0.642446 0.326721 2
0 0.684277 0.317213 0.025428 0.010944 0.671563 0.314630 2 0.696810 0.311741 2 0.696991 0.318798 2 0.671719 0.322685 2
0 0.660334 0.262552 0.021344 0.010918 0.649662 0.261032 2 0.671006 0.257093 2 0.671006 0.264074 2 0.650367 0.268012 2
0 0.686158 0.257093 0.021244 0.011097 0.675537 0.255124 2 0.696579 0.251545 2 0.696780 0.257988 2 0.675638 0.262642 2
0 0.717791 0.310088 0.026415 0.014638 0.705255 0.307082 2 0.730998 0.302769 2 0.730459 0.310916 2 0.704583 0.317407 2
0 0.717322 0.250281 0.022769 0.011475 0.705938 0.249259 2 0.728168 0.244544 2 0.728707 0.251013 2 0.706354 0.256019 2
0 0.754332 0.302308 0.027914 0.014139 0.740521 0.300741 2 0.767977 0.295239 2 0.768289 0.304110 2 0.740375 0.309378 2
0 0.745756 0.244078 0.024008 0.013047 0.733985 0.241697 2 0.757400 0.237555 2 0.757760 0.246111 2 0.733752 0.250601 2
0 0.869450 0.283050 0.033576 0.014171 0.852662 0.281547 2 0.885513 0.275965 2 0.886238 0.283694 2 0.852662 0.290136 2
