1 0.613021 0.579167 0.059375 0.087963 0.583333 0.565741 2 0.642708 0.535185 2 0.642708 0.577778 2 0.584896 0.623148 2
0 0.502865 0.592130 0.160938 0.049074 0.422396 0.571296 2 0.582812 0.567593 2 0.583333 0.616667 2 0.422917 0.616667 2
0 0.362500 0.593981 0.118750 0.039815 0.303125 0.574074 2 0.421354 0.576852 2 0.421875 0.613889 2 0.303125 0.610185 2
0 0.257031 0.592130 0.091146 0.036111 0.211458 0.574074 2 0.302604 0.575000 2 0.302604 0.610185 2 0.211458 0.609259 2
0 0.520272 0.338377 0.022768 0.012476 0.510448 0.337129 2 0.531656 0.332139 2 0.531033 0.339347 2 0.508888 0.344615 2
0 0.602094 0.262448 0.024594 0.015899 0.590914 0.260957 2 0.614391 0.254499 2 0.614391 0.264933 2 0.589797 0.270398 2
0 0.558020 0.275526 0.019487 0.012510 0.548277 0.274082 2 0.567042 0.269271 2 0.567764 0.276007 2 0.548998 0.281781 2
0 0.712629 0.227171 0.030464 0.017887 0.700192 0.223693 2 0.727861 0.218228 2 0.727302 0.229159 2 0.697397 0.236115 2
0 0.472709 0.348912 0.020273 0.011367 0.462572 0.347110 2 0.482845 0.343229 2 0.482845 0.350991 2 0.462572 0.354595 2
0 0.496958 0.343229 0.020429 0.012198 0.487680 0.340734 2 0.507017 0.337129 2 0.507173 0.344615 2 0.486744 0.349328 2
0 0.547625 0.331252 0.021832 0.012476 0.536865 0.329727 2 0.558386 0.325014 2 0.558542 0.331391 2 0.536709 0.337490 2
0 0.700058 0.292880 0.032478 0.015718 0.685984 0.292078 2 0.715395 0.285021 2 0.716297 0.293361 2 0.683819 0.300739 2
0 0.776138 0.272400 0.033817 0.018036 0.759230 0.269395 2 0.793047 0.263382 2 0.793047 0.273259 2 0.759471 0.281418 2
0 0.865053 0.250328 0.037682 0.017606 0.846212 0.249684 2 0.883411 0.241525 2 0.883894 0.251401 2 0.848145 0.259131 2
0 0.961620 0.227271 0.043879 0.021862 0.940240 0.227768 2 0.981603 0.216340 2 0.983560 0.226774 2 0.939681 0.238202 2
