1 0.275521 0.608333 0.093750 0.107407 0.228646 0.595370 2 0.322396 0.554630 2 0.321354 0.602778 2 0.229687 0.662037 2
0 0.116406 0.635648 0.224479 0.073148 0.004167 0.609259 2 0.226562 0.599074 2 0.228646 0.660185 2 0.006771 0.672222 2
1 0.817187 0.518056 0.069792 0.025000 0.782292 0.505556 2 0.851562 0.507407 2 0.852083 0.530556 2 0.782813 0.527778 2
0 0.770206 0.284171 0.026471 0.009329 0.757321 0.280128 2 0.783442 0.279506 2 0.783208 0.287591 2 0.756971 0.288835 2
0 0.175646 0.384124 0.033958 0.013808 0.158848 0.378184 2 0.192083 0.377220 2 0.192625 0.388780 2 0.158667 0.391028 2
0 0.218183 0.381716 0.047504 0.015413 0.194431 0.375615 2 0.241394 0.374009 2 0.241936 0.387817 2 0.195695 0.389423 2
0 0.272190 0.378184 0.054368 0.015413 0.245367 0.372725 2 0.299194 0.370477 2 0.299374 0.383322 2 0.245006 0.385890 2
0 0.357596 0.373847 0.030745 0.013004 0.342433 0.368460 2 0.371482 0.367345 2 0.372969 0.378889 2 0.342224 0.380349 2
0 0.391669 0.370492 0.026580 0.011514 0.379054 0.365935 2 0.404554 0.364736 2 0.404959 0.375050 2 0.378379 0.376249 2
0 0.498159 0.365496 0.028412 0.011934 0.484266 0.361749 2 0.512366 0.359529 2 0.512366 0.371185 2 0.483953 0.371463 2
0 0.105208 0.320495 0.028334 0.011916 0.091198 0.316481 2 0.119375 0.314537 2 0.119219 0.324205 2 0.091041 0.326453 2
0 0.210200 0.313287 0.028358 0.010276 0.196021 0.309755 2 0.224379 0.308149 2 0.224198 0.318425 2 0.196020 0.318104 2
0 0.246487 0.311457 0.028720 0.010918 0.232127 0.307283 2 0.260847 0.305998 2 0.260666 0.316273 2 0.232850 0.316916 2
0 0.282522 0.309851 0.028539 0.009633 0.268433 0.305356 2 0.296069 0.305034 2 0.296791 0.313704 2 0.268253 0.314668 2
0 0.316446 0.307880 0.028724 0.010824 0.302084 0.303024 2 0.330184 0.302469 2 0.330808 0.311905 2 0.302084 0.313292 2
0 0.355294 0.304817 0.028739 0.010794 0.340924 0.301100 2 0.368584 0.299420 2 0.369663 0.309255 2 0.341194 0.310214 2
0 0.460279 0.301081 0.027460 0.011101 0.446549 0.296641 2 0.473541 0.295530 2 0.474009 0.305521 2 0.446705 0.306632 2
0 0.495817 0.298653 0.028064 0.012233 0.481785 0.294935 2 0.509174 0.292536 2 0.509849 0.303570 2 0.482190 0.304769 2
0 0.601699 0.293091 0.026836 0.011040 0.588402 0.289251 2 0.614442 0.287571 2 0.615117 0.297406 2 0.588281 0.298611 2
0 0.634074 0.291291 0.027274 0.009954 0.621141 0.286314 2 0.647331 0.286635 2 0.647711 0.295626 2 0.620436 0.296268 2
0 0.704195 0.287843 0.027319 0.010546 0.690535 0.282847 2 0.717074 0.282570 2 0.717855 0.292561 2 0.690535 0.293116 2
0 0.737147 0.285829 0.026238 0.010573 0.724494 0.280543 2 0.750149 0.280750 2 0.750265 0.290701 2 0.724028 0.291116 2
