1 0.283333 0.640278 0.145833 0.125000 0.210417 0.626852 2 0.355729 0.577778 2 0.356250 0.630556 2 0.210938 0.702778 2
0 0.106250 0.667593 0.207292 0.072222 0.002604 0.643519 2 0.209375 0.631481 2 0.209896 0.703704 2 0.006250 0.703704 2
0 0.499610 0.361850 0.032126 0.012453 0.483547 0.358629 2 0.514707 0.355623 2 0.515673 0.365929 2 0.484272 0.368076 2
0 0.095583 0.345699 0.022756 0.010021 0.084205 0.342545 2 0.106961 0.340689 2 0.106544 0.349968 2 0.084414 0.350710 2
0 0.126794 0.341988 0.023382 0.010021 0.115103 0.340318 2 0.138485 0.336978 2 0.138276 0.344772 2 0.115521 0.346998 2
0 0.249654 0.325138 0.026305 0.012619 0.236502 0.322169 2 0.262807 0.318829 2 0.262598 0.327736 2 0.237337 0.331448 2
0 0.386817 0.304324 0.029492 0.013278 0.372554 0.301086 2 0.401302 0.297685 2 0.401562 0.308426 2 0.372071 0.310963 2
0 0.420637 0.299905 0.028869 0.012510 0.406203 0.297178 2 0.435072 0.293650 2 0.434892 0.304235 2 0.406744 0.306160 2
0 0.455751 0.295261 0.031524 0.013361 0.439989 0.293034 2 0.471513 0.288580 2 0.471095 0.300086 2 0.441241 0.301942 2
0 0.497380 0.289223 0.031033 0.012198 0.482643 0.286728 2 0.512896 0.283123 2 0.512896 0.292550 2 0.481863 0.295322 2
0 0.536494 0.284508 0.032839 0.013472 0.520075 0.282262 2 0.552914 0.277771 2 0.552914 0.288036 2 0.520436 0.291244 2
0 0.573465 0.278381 0.031937 0.012831 0.558038 0.273891 2 0.589253 0.271965 2 0.589434 0.282230 2 0.557497 0.284796 2
0 0.615517 0.273620 0.033021 0.013394 0.599546 0.270997 2 0.632028 0.266923 2 0.631489 0.276723 2 0.599007 0.280318 2
0 0.700419 0.262118 0.035546 0.015397 0.683729 0.259230 2 0.718012 0.254419 2 0.718192 0.265646 2 0.682646 0.269816 2
0 0.741993 0.256699 0.035073 0.014846 0.724456 0.254472 2 0.759321 0.249276 2 0.759529 0.259668 2 0.725083 0.264122 2
0 0.881805 0.238068 0.036952 0.015959 0.863329 0.234913 2 0.899864 0.230088 2 0.900281 0.241965 2 0.863747 0.246047 2
0 0.930198 0.232092 0.039457 0.017073 0.910678 0.228752 2 0.949509 0.223556 2 0.949926 0.235804 2 0.910469 0.240629 2
0 0.979780 0.224131 0.037997 0.015997 0.960991 0.220586 2 0.000000 0.000000 0 0.000000 0.000000 0 0.960781 0.232130 2
0 0.127323 0.405824 0.023998 0.011227 0.115504 0.403097 2 0.139322 0.400210 2 0.139322 0.410154 2 0.115324 0.411437 2
0 0.352144 0.379007 0.029050 0.013472 0.338161 0.375799 2 0.366308 0.372271 2 0.366669 0.383819 2 0.337619 0.385743 2
0 0.538299 0.357002 0.028689 0.014435 0.524676 0.354596 2 0.552282 0.349785 2 0.552643 0.360370 2 0.523954 0.364220 2
0 0.576928 0.351823 0.033216 0.013585 0.560320 0.348357 2 0.593224 0.345031 2 0.593536 0.356120 2 0.561255 0.358615 2
0 0.618376 0.348502 0.033561 0.013793 0.601595 0.342888 2 0.634976 0.341605 2 0.635156 0.352832 2 0.602858 0.355398 2
