1 0.576302 0.537500 0.039062 0.041667 0.556771 0.528704 2 0.595313 0.516667 2 0.595833 0.542593 2 0.557292 0.558333 2
0 0.513021 0.544444 0.088542 0.031481 0.468750 0.533333 2 0.557292 0.528704 2 0.557292 0.555556 2 0.469271 0.560185 2
0 0.432292 0.548148 0.073958 0.027778 0.395313 0.536111 2 0.468750 0.534259 2 0.469271 0.559259 2 0.395833 0.562037 2
0 0.359896 0.552778 0.067708 0.024074 0.326042 0.541667 2 0.393229 0.540741 2 0.393750 0.563889 2 0.326042 0.564815 2
0 0.768314 0.294926 0.027466 0.014280 0.754581 0.291932 2 0.781529 0.287786 2 0.782047 0.297459 2 0.754840 0.302066 2
0 0.883206 0.267886 0.032907 0.013820 0.866752 0.266964 2 0.898623 0.260976 2 0.899660 0.272492 2 0.868566 0.274795 2
0 0.927903 0.258442 0.037831 0.016123 0.908988 0.257751 2 0.946300 0.250381 2 0.946819 0.259594 2 0.911579 0.266504 2
0 0.628000 0.269697 0.021243 0.011330 0.617378 0.269142 2 0.638496 0.264032 2 0.638621 0.272030 2 0.618253 0.275362 2
0 0.651867 0.264588 0.016994 0.009552 0.644370 0.263144 2 0.659864 0.259811 2 0.660364 0.264699 2 0.643370 0.269364 2
0 0.464008 0.362626 0.020885 0.009635 0.453566 0.359873 2 0.474063 0.357808 2 0.474450 0.363658 2 0.453566 0.367443 2
0 0.487891 0.356833 0.016416 0.009024 0.479683 0.355777 2 0.495775 0.352321 2 0.496099 0.358657 2 0.480439 0.361345 2
0 0.508148 0.353166 0.016627 0.009767 0.499834 0.350853 2 0.516317 0.348282 2 0.516461 0.355222 2 0.499834 0.358050 2
0 0.532540 0.348256 0.018569 0.009814 0.523255 0.346620 2 0.541490 0.343349 2 0.541824 0.349297 2 0.523590 0.353163 2
0 0.636785 0.323949 0.024388 0.009979 0.624591 0.323433 2 0.648011 0.318960 2 0.648979 0.325498 2 0.625946 0.328939 2
0 0.667777 0.316714 0.025912 0.011977 0.656117 0.315333 2 0.680733 0.310726 2 0.680474 0.319018 2 0.654821 0.322703 2
