0 0.908594 0.537037 0.084896 0.046296 0.866146 0.523148 2 0.950521 0.513889 2 0.951042 0.550000 2 0.866146 0.560185 2
1 0.704688 0.555093 0.116667 0.047222 0.646354 0.531481 2 0.763021 0.539815 2 0.763021 0.578704 2 0.646354 0.564815 2
0 0.815625 0.552778 0.105208 0.053704 0.763021 0.538889 2 0.867708 0.525926 2 0.868229 0.562963 2 0.763542 0.579630 2
0 0.976302 0.525000 0.047396 0.046296 0.952604 0.512037 2 0.000000 0.000000 0 0.000000 0.000000 0 0.952604 0.548148 2
0 0.459095 0.333293 0.026909 0.011804 0.445640 0.329461 2 0.471850 0.327391 2 0.472549 0.339195 2 0.445833 0.336667 2
0 0.486969 0.334941 0.023731 0.008821 0.475679 0.330710 2 0.498835 0.330531 2 0.498593 0.338818 2 0.475104 0.339352 2
0 0.514926 0.335680 0.020681 0.008289 0.504586 0.331536 2 0.525267 0.332605 2 0.525267 0.339156 2 0.505263 0.339825 2
0 0.296913 0.349560 0.023096 0.010906 0.285365 0.344107 2 0.308461 0.346032 2 0.307920 0.354693 2 0.285726 0.355013 2
0 0.325806 0.354660 0.042306 0.018030 0.311202 0.345645 2 0.346959 0.347397 2 0.345047 0.359348 2 0.304653 0.363675 2
0 0.262494 0.325398 0.034656 0.016330 0.247253 0.317233 2 0.279821 0.320573 2 0.279404 0.333563 2 0.245166 0.333192 2
0 0.298267 0.326048 0.025080 0.013793 0.285726 0.319151 2 0.310807 0.322359 2 0.310807 0.332944 2 0.286628 0.332303 2
0 0.334478 0.326567 0.031189 0.013307 0.319975 0.319913 2 0.348981 0.322962 2 0.350073 0.333220 2 0.318883 0.331557 2
0 0.226148 0.324286 0.027361 0.011501 0.213141 0.319015 2 0.239828 0.318536 2 0.239154 0.330037 2 0.212467 0.327880 2
0 0.152135 0.318718 0.019167 0.009415 0.143608 0.314011 2 0.160156 0.316481 2 0.161719 0.322870 2 0.142552 0.323426 2
0 0.383279 0.272093 0.020005 0.006417 0.373585 0.268885 2 0.393281 0.269419 2 0.392913 0.275302 2 0.373277 0.275302 2
0 0.353020 0.271331 0.022832 0.008905 0.341720 0.266879 2 0.364436 0.268121 2 0.364436 0.275784 2 0.341604 0.275162 2
0 0.366346 0.329385 0.025846 0.012883 0.353423 0.322944 2 0.379028 0.322944 2 0.379269 0.335826 2 0.353520 0.332820 2
0 0.397340 0.331319 0.026781 0.010202 0.384453 0.326218 2 0.410730 0.327112 2 0.409422 0.336420 2 0.383950 0.335704 2
0 0.431135 0.333017 0.024561 0.008596 0.419424 0.328719 2 0.443011 0.328719 2 0.443415 0.336866 2 0.418854 0.337315 2
