0 0.514323 0.611111 0.259896 0.085185 0.384375 0.582407 2 0.643229 0.568519 2 0.644271 0.637037 2 0.385937 0.653704 2
0 0.766927 0.590741 0.248437 0.085185 0.642708 0.568519 2 0.890625 0.548148 2 0.891146 0.614815 2 0.643229 0.633333 2
0 0.945573 0.577315 0.106771 0.076852 0.892188 0.547222 2 0.000000 0.000000 0 0.996875 0.606481 2 0.892708 0.615741 2
0 0.560041 0.242775 0.020930 0.007699 0.550117 0.240530 2 0.570506 0.238926 2 0.570506 0.246624 2 0.549576 0.246624 2
0 0.533586 0.244244 0.022380 0.009289 0.522583 0.242166 2 0.543694 0.239599 2 0.544776 0.247298 2 0.522396 0.248889 2
0 0.507787 0.246336 0.021652 0.007699 0.496961 0.244090 2 0.518072 0.242486 2 0.518613 0.247940 2 0.497502 0.250185 2
0 0.478918 0.248260 0.020570 0.009623 0.468813 0.244411 2 0.488842 0.243449 2 0.489202 0.251789 2 0.468633 0.253072 2
0 0.452420 0.250104 0.021209 0.009981 0.442128 0.246223 2 0.462869 0.245114 2 0.463025 0.253986 2 0.441816 0.255095 2
0 0.397922 0.253953 0.022547 0.010021 0.386857 0.250427 2 0.408986 0.248942 2 0.409195 0.258963 2 0.386648 0.258963 2
0 0.348466 0.257313 0.021521 0.007208 0.337706 0.254263 2 0.359071 0.253709 2 0.359227 0.259808 2 0.338330 0.260917 2
0 0.956113 0.275301 0.022374 0.009302 0.945287 0.272254 2 0.966759 0.270650 2 0.967300 0.278028 2 0.944926 0.279953 2
0 0.864102 0.281343 0.023591 0.007052 0.852306 0.277818 2 0.875897 0.277817 2 0.875897 0.284498 2 0.852306 0.284869 2
0 0.828820 0.282642 0.024843 0.008907 0.816398 0.279301 2 0.841033 0.278188 2 0.841241 0.285982 2 0.817442 0.287096 2
0 0.798333 0.285229 0.024846 0.008198 0.785910 0.281875 2 0.810532 0.281130 2 0.810756 0.288583 2 0.786105 0.289328 2
0 0.573880 0.299199 0.026885 0.010265 0.560438 0.295350 2 0.586421 0.294067 2 0.587323 0.302086 2 0.561160 0.304331 2
0 0.542755 0.301284 0.025261 0.009303 0.531208 0.296633 2 0.555386 0.296633 2 0.555386 0.304331 2 0.530125 0.305935 2
0 0.510356 0.302952 0.026546 0.008982 0.497083 0.299722 2 0.523629 0.298461 2 0.523268 0.305518 2 0.497647 0.307443 2
0 0.477567 0.305690 0.024217 0.009279 0.466085 0.302165 2 0.489675 0.301051 2 0.489675 0.308474 2 0.465458 0.310329 2
0 0.448130 0.306989 0.025887 0.008165 0.435396 0.304020 2 0.460448 0.302907 2 0.461074 0.311072 2 0.435187 0.311072 2
0 0.415250 0.309773 0.025678 0.009279 0.402410 0.306989 2 0.428089 0.305133 2 0.428089 0.312927 2 0.402828 0.314412 2
0 0.383663 0.312000 0.024217 0.009278 0.371554 0.307360 2 0.395563 0.307731 2 0.395771 0.314412 2 0.371763 0.316639 2
0 0.351199 0.313855 0.025261 0.009279 0.339195 0.310701 2 0.363203 0.309216 2 0.363830 0.316639 2 0.338569 0.318495 2
0 0.317483 0.316453 0.025887 0.010021 0.304539 0.312185 2 0.330427 0.311443 2 0.330427 0.319979 2 0.304748 0.321464 2
0 0.287525 0.317010 0.026096 0.009650 0.274894 0.313670 2 0.300573 0.312185 2 0.300155 0.321093 2 0.274477 0.321835 2
0 0.251763 0.319905 0.027140 0.009650 0.238819 0.316564 2 0.265333 0.315080 2 0.265333 0.322132 2 0.238193 0.324730 2
