0 0.860156 0.510648 0.066146 0.026852 0.827083 0.500926 2 0.893229 0.497222 2 0.893229 0.520370 2 0.827083 0.524074 2
0 0.922656 0.503704 0.060937 0.027778 0.892188 0.494444 2 0.952604 0.489815 2 0.953125 0.512037 2 0.892188 0.517593 2
0 0.976823 0.498148 0.046354 0.025926 0.954167 0.488889 2 0.000000 0.000000 0 0.000000 0.000000 0 0.953646 0.511111 2
1 0.795052 0.512963 0.067187 0.022222 0.761458 0.501852 2 0.828125 0.502778 2 0.828646 0.524074 2 0.761979 0.522222 2
0 0.477318 0.346458 0.023242 0.008795 0.465977 0.342061 2 0.488939 0.342725 2 0.488753 0.350856 2 0.465697 0.350690 2
0 0.501998 0.346541 0.023336 0.007467 0.491077 0.342808 2 0.513666 0.342808 2 0.513292 0.349279 2 0.490330 0.350275 2
0 0.527900 0.345712 0.022309 0.008795 0.517119 0.341314 2 0.539055 0.342476 2 0.538868 0.350109 2 0.516746 0.349943 2
0 0.554168 0.345404 0.024290 0.008482 0.542602 0.341163 2 0.566313 0.341934 2 0.565735 0.349645 2 0.542023 0.349388 2
0 0.577619 0.344016 0.018940 0.008482 0.568149 0.340032 2 0.586945 0.339775 2 0.587090 0.348257 2 0.568872 0.348257 2
0 0.602783 0.343584 0.020868 0.009108 0.592349 0.339696 2 0.613217 0.339030 2 0.612592 0.347250 2 0.593848 0.348138 2
0 0.628855 0.342984 0.021356 0.006842 0.618453 0.339563 2 0.638696 0.340607 2 0.639533 0.346405 2 0.618177 0.346111 2
0 0.653320 0.343125 0.019019 0.007680 0.644350 0.340053 2 0.662829 0.339285 2 0.662829 0.346965 2 0.643810 0.346773 2
0 0.699841 0.343048 0.020196 0.008640 0.689743 0.338728 2 0.709820 0.339304 2 0.709939 0.347368 2 0.689840 0.346024 2
0 0.306500 0.350107 0.023133 0.008225 0.294933 0.346509 2 0.317488 0.345995 2 0.318066 0.354220 2 0.295417 0.353426 2
0 0.422067 0.348360 0.023117 0.008664 0.411008 0.344029 2 0.433625 0.344028 2 0.433251 0.352692 2 0.410508 0.352026 2
0 0.394379 0.348018 0.023420 0.009220 0.382669 0.343408 2 0.405252 0.343706 2 0.406088 0.352628 2 0.383003 0.352628 2
0 0.416199 0.294527 0.017235 0.008935 0.407581 0.291130 2 0.424816 0.290059 2 0.424611 0.298994 2 0.407623 0.298330 2
0 0.338369 0.348748 0.022869 0.007965 0.327401 0.344932 2 0.349056 0.344766 2 0.349803 0.351569 2 0.326934 0.352731 2
0 0.393209 0.294398 0.019344 0.007821 0.383778 0.290488 2 0.402700 0.290595 2 0.402881 0.298309 2 0.383537 0.297130 2
0 0.462365 0.294668 0.015401 0.006970 0.455224 0.291183 2 0.470065 0.291183 2 0.470065 0.298153 2 0.454664 0.297821 2
0 0.512039 0.294057 0.023073 0.008892 0.500503 0.289610 2 0.523575 0.289611 2 0.523172 0.298503 2 0.502116 0.297212 2
0 0.617051 0.293623 0.017643 0.005346 0.608884 0.290951 2 0.625592 0.291615 2 0.625872 0.295431 2 0.608229 0.296296 2
