1 0.860938 0.504167 0.054167 0.036111 0.833854 0.495370 2 0.887500 0.486111 2 0.888021 0.510185 2 0.833854 0.522222 2
0 0.790365 0.509722 0.086979 0.025000 0.746875 0.497222 2 0.833854 0.498148 2 0.833854 0.522222 2 0.746875 0.521296 2
0 0.390775 0.295045 0.026199 0.011089 0.377675 0.289500 2 0.403874 0.292827 2 0.403874 0.300589 2 0.377831 0.297263 2
0 0.506892 0.312067 0.019025 0.009703 0.497380 0.307216 2 0.515937 0.310542 2 0.516405 0.316919 2 0.497380 0.313037 2
0 0.177163 0.263253 0.041788 0.018036 0.156269 0.254235 2 0.198057 0.261106 2 0.197091 0.272271 2 0.157235 0.267118 2
0 0.126076 0.256619 0.044443 0.018423 0.103854 0.247407 2 0.147331 0.252947 2 0.148298 0.265830 2 0.104335 0.259818 2
0 0.066291 0.247365 0.051451 0.018894 0.040565 0.237918 2 0.091774 0.244359 2 0.092016 0.256812 2 0.041290 0.249941 2
0 0.129457 0.185743 0.036233 0.018465 0.111340 0.176510 2 0.147331 0.183810 2 0.147573 0.194975 2 0.111340 0.188534 2
0 0.480281 0.308102 0.021921 0.010392 0.469321 0.302906 2 0.491241 0.305876 2 0.491241 0.313299 2 0.469320 0.310329 2
0 0.351621 0.289477 0.030743 0.011925 0.336250 0.283515 2 0.366993 0.286993 2 0.366993 0.295440 2 0.336250 0.292955 2
0 0.531153 0.315407 0.018928 0.009665 0.521689 0.310574 2 0.540617 0.312901 2 0.540415 0.320239 2 0.521689 0.317555 2
0 0.231681 0.350470 0.037924 0.016318 0.212719 0.342310 2 0.250401 0.347464 2 0.250643 0.358629 2 0.212719 0.354764 2
0 0.228372 0.269695 0.037440 0.017177 0.209893 0.261107 2 0.247092 0.267977 2 0.246367 0.278283 2 0.209652 0.275707 2
