0 0.699479 0.618981 0.283333 0.102778 0.557813 0.567593 2 0.841146 0.587037 2 0.841146 0.670370 2 0.558333 0.637037 2
0 0.471875 0.598148 0.170833 0.070370 0.386458 0.562963 2 0.557292 0.570370 2 0.557292 0.633333 2 0.387500 0.619444 2
0 0.922135 0.635509 0.155729 0.108056 0.846354 0.581481 2 0.000000 0.000000 0 0.000000 0.000000 0 0.844271 0.675000 2
0 0.669880 0.232979 0.021498 0.012024 0.659131 0.232549 2 0.680146 0.226967 2 0.680629 0.234267 2 0.659131 0.238991 2
0 0.645845 0.240923 0.021256 0.014171 0.635217 0.241139 2 0.655991 0.233838 2 0.656474 0.241568 2 0.635942 0.248009 2
0 0.745727 0.271541 0.029953 0.015459 0.730751 0.271541 2 0.759979 0.263812 2 0.760703 0.272830 2 0.730992 0.279271 2
0 0.582776 0.313398 0.021988 0.013862 0.571781 0.311457 2 0.593770 0.306467 2 0.593770 0.314230 2 0.571781 0.320329 2
0 0.554705 0.320606 0.020429 0.011644 0.544647 0.319774 2 0.564920 0.314784 2 0.564920 0.322824 2 0.544491 0.326428 2
0 0.832758 0.181857 0.027054 0.014989 0.819231 0.181234 2 0.846285 0.174363 2 0.846285 0.180804 2 0.819948 0.189352 2
0 0.792878 0.194631 0.026329 0.015030 0.779713 0.192699 2 0.806042 0.187117 2 0.805801 0.194417 2 0.779713 0.202146 2
0 0.760751 0.204508 0.027778 0.014171 0.746862 0.205152 2 0.774641 0.197423 2 0.773433 0.206870 2 0.747345 0.211594 2
0 0.697296 0.224391 0.025605 0.015459 0.684494 0.224820 2 0.709857 0.216661 2 0.710098 0.225679 2 0.684494 0.232120 2
0 0.608585 0.307299 0.023704 0.013307 0.597980 0.305358 2 0.620437 0.300645 2 0.619657 0.308962 2 0.596733 0.313952 2
0 0.640907 0.299084 0.025678 0.013732 0.628068 0.297042 2 0.653329 0.292218 2 0.653746 0.299269 2 0.628486 0.305950 2
0 0.673600 0.290844 0.027766 0.016330 0.661179 0.288988 2 0.687483 0.282679 2 0.687483 0.291958 2 0.659717 0.299010 2
0 0.707489 0.281504 0.029711 0.016318 0.692634 0.281075 2 0.721137 0.273345 2 0.722345 0.284081 2 0.693117 0.289663 2
0 0.782008 0.262652 0.031643 0.015459 0.766187 0.261794 2 0.797830 0.254923 2 0.797830 0.263941 2 0.766428 0.270382 2
