0 0.180729 0.594907 0.103125 0.043519 0.129167 0.573148 2 0.232292 0.575926 2 0.232292 0.616667 2 0.129167 0.610185 2
1 0.433333 0.578704 0.121875 0.090741 0.372396 0.566667 2 0.494271 0.533333 2 0.494271 0.575000 2 0.372917 0.624074 2
0 0.301302 0.598148 0.138021 0.051852 0.232813 0.573148 2 0.370312 0.572222 2 0.370312 0.624074 2 0.232292 0.620370 2
0 0.088802 0.590278 0.079687 0.041667 0.048958 0.569444 2 0.128125 0.571296 2 0.128646 0.611111 2 0.048958 0.607407 2
0 0.707024 0.208599 0.027140 0.015588 0.694707 0.207485 2 0.720385 0.200805 2 0.720594 0.210455 2 0.693454 0.216393 2
0 0.523496 0.262155 0.018998 0.011134 0.514414 0.261041 2 0.532160 0.256588 2 0.532995 0.263640 2 0.513997 0.267722 2
0 0.866769 0.232464 0.035266 0.017177 0.849135 0.232034 2 0.883436 0.223875 2 0.884402 0.233323 2 0.849377 0.241052 2
0 0.775820 0.253902 0.034097 0.017887 0.759635 0.253426 2 0.791471 0.244959 2 0.792869 0.255890 2 0.758772 0.262846 2
0 0.627734 0.290362 0.025679 0.012990 0.615521 0.288692 2 0.639947 0.283867 2 0.640573 0.293145 2 0.614895 0.296857 2
0 0.599655 0.297599 0.026305 0.014846 0.587963 0.293517 2 0.612181 0.290176 2 0.612807 0.299455 2 0.586502 0.305022 2
0 0.567588 0.305208 0.022965 0.012990 0.556314 0.303537 2 0.579070 0.298713 2 0.579070 0.306136 2 0.556105 0.311703 2
0 0.460949 0.329443 0.020459 0.011877 0.451763 0.327959 2 0.470970 0.323505 2 0.471178 0.331299 2 0.450719 0.335382 2
0 0.437254 0.335010 0.020668 0.010392 0.426920 0.332413 2 0.446544 0.329814 2 0.447588 0.337237 2 0.427337 0.340207 2
0 0.848961 0.167350 0.033258 0.018881 0.833729 0.164865 2 0.865031 0.157909 2 0.865590 0.170331 2 0.832332 0.176790 2
0 0.967572 0.210033 0.042685 0.023570 0.946553 0.208020 2 0.988591 0.198248 2 0.988914 0.212620 2 0.946230 0.221818 2
0 0.912301 0.221943 0.041788 0.021042 0.891407 0.219581 2 0.931504 0.211422 2 0.933195 0.224734 2 0.891890 0.232464 2
