0 0.602865 0.597685 0.211979 0.084259 0.496875 0.577778 2 0.708854 0.555556 2 0.708854 0.614815 2 0.497396 0.639815 2
0 0.072614 0.292608 0.038289 0.011924 0.053469 0.286646 2 0.090920 0.287142 2 0.091759 0.298570 2 0.053490 0.298056 2
0 0.117113 0.291724 0.035750 0.009447 0.099239 0.287001 2 0.134746 0.287001 2 0.134988 0.296448 2 0.099238 0.296448 2
0 0.247189 0.288976 0.033817 0.011165 0.230280 0.284682 2 0.263614 0.283394 2 0.264097 0.294559 2 0.230280 0.293700 2
0 0.290191 0.286794 0.031861 0.010931 0.274261 0.282322 2 0.305842 0.281329 2 0.306122 0.292260 2 0.275099 0.291763 2
0 0.367623 0.284940 0.034924 0.012647 0.350161 0.278616 2 0.384439 0.279191 2 0.385085 0.290688 2 0.351455 0.291263 2
0 0.409466 0.283087 0.031733 0.008907 0.393600 0.279747 2 0.424915 0.278634 2 0.425333 0.287541 2 0.394018 0.286799 2
0 0.450135 0.282271 0.030898 0.010021 0.434894 0.278374 2 0.464957 0.277261 2 0.465584 0.287281 2 0.434686 0.287281 2
0 0.485341 0.282551 0.028870 0.008661 0.470907 0.279504 2 0.499235 0.278220 2 0.499776 0.286881 2 0.470906 0.285919 2
0 0.522276 0.281845 0.029591 0.008981 0.507480 0.277355 2 0.536350 0.277996 2 0.537072 0.285695 2 0.507661 0.286336 2
0 0.560678 0.281306 0.029645 0.010021 0.545855 0.276666 2 0.574665 0.276296 2 0.575500 0.285203 2 0.546064 0.286316 2
0 0.595370 0.280915 0.025441 0.009302 0.582650 0.277226 2 0.607549 0.276264 2 0.608091 0.285566 2 0.582649 0.285245 2
0 0.696064 0.278155 0.024155 0.009877 0.684228 0.274934 2 0.708142 0.273216 2 0.708142 0.281805 2 0.683986 0.283093 2
0 0.334685 0.359187 0.034376 0.013415 0.318335 0.353970 2 0.351594 0.352479 2 0.351873 0.364900 2 0.317497 0.365894 2
0 0.489183 0.352529 0.032420 0.012918 0.472973 0.346567 2 0.504834 0.346069 2 0.505393 0.357497 2 0.473532 0.358988 2
0 0.528590 0.351783 0.029625 0.010434 0.514057 0.346567 2 0.542844 0.346566 2 0.543403 0.357000 2 0.513777 0.356503 2
0 0.611808 0.349721 0.059002 0.019888 0.582306 0.342664 2 0.641128 0.339777 2 0.641309 0.356778 2 0.582848 0.359665 2
