1 0.572786 0.585417 0.045052 0.090648 0.550260 0.540093 2 0.594635 0.568704 2 0.595313 0.630741 2 0.551250 0.588889 2
0 0.699740 0.587963 0.209896 0.077778 0.594792 0.567593 2 0.804688 0.549074 2 0.804688 0.608333 2 0.596354 0.626852 2
0 0.112693 0.379542 0.042755 0.017606 0.091557 0.372886 2 0.133829 0.370739 2 0.134070 0.385769 2 0.091316 0.388345 2
0 0.541746 0.278704 0.030675 0.009630 0.526408 0.274211 2 0.557083 0.273889 2 0.557083 0.283519 2 0.526408 0.283513 2
0 0.504227 0.281195 0.028392 0.010392 0.490030 0.278225 2 0.518214 0.275999 2 0.518423 0.284906 2 0.490239 0.286391 2
0 0.466753 0.282568 0.031524 0.012248 0.450991 0.279042 2 0.482306 0.276444 2 0.482515 0.286465 2 0.450991 0.288692 2
0 0.353750 0.290410 0.026704 0.010585 0.340759 0.286721 2 0.367102 0.285117 2 0.367102 0.294740 2 0.340398 0.295703 2
0 0.073732 0.308557 0.030743 0.010931 0.058360 0.305575 2 0.088265 0.303091 2 0.089103 0.312532 2 0.059199 0.314022 2
0 0.114978 0.305579 0.030271 0.010392 0.099842 0.301867 2 0.129905 0.300383 2 0.130114 0.308548 2 0.099842 0.310775 2
0 0.152331 0.302792 0.027426 0.010585 0.138618 0.300065 2 0.165322 0.297499 2 0.166044 0.307122 2 0.139881 0.308084 2
0 0.193892 0.300717 0.030271 0.011134 0.178965 0.297005 2 0.209028 0.295150 2 0.209028 0.304799 2 0.178757 0.306284 2
0 0.311324 0.292960 0.030898 0.010021 0.295876 0.288321 2 0.326773 0.287949 2 0.326773 0.297970 2 0.295876 0.297970 2
0 0.583313 0.348007 0.029346 0.012918 0.569758 0.342045 2 0.597706 0.341548 2 0.597985 0.352976 2 0.568640 0.354466 2
0 0.542061 0.349547 0.031302 0.010931 0.526410 0.345076 2 0.557712 0.344082 2 0.557712 0.354019 2 0.526969 0.355013 2
0 0.428871 0.357398 0.034656 0.011428 0.412661 0.352677 2 0.446198 0.351684 2 0.445640 0.362118 2 0.411543 0.363112 2
0 0.394774 0.359882 0.034097 0.012421 0.378843 0.355162 2 0.411543 0.353671 2 0.411822 0.364602 2 0.377725 0.366093 2
0 0.796042 0.265143 0.028503 0.012024 0.782274 0.260419 2 0.810294 0.259131 2 0.810294 0.269008 2 0.781791 0.271155 2
0 0.897663 0.259561 0.028745 0.010736 0.883291 0.256769 2 0.911069 0.254193 2 0.912035 0.263211 2 0.883291 0.264928 2
0 0.760099 0.268192 0.029952 0.010736 0.745123 0.264542 2 0.774351 0.262824 2 0.775075 0.272701 2 0.745848 0.273560 2
0 0.651304 0.274217 0.023799 0.009650 0.639404 0.270877 2 0.662995 0.269392 2 0.663204 0.277557 2 0.639613 0.279042 2
0 0.616815 0.275850 0.029019 0.010763 0.602515 0.272695 2 0.631116 0.270469 2 0.631325 0.279747 2 0.602306 0.281232 2
0 0.578632 0.276964 0.029228 0.011134 0.564018 0.272510 2 0.592828 0.271396 2 0.593245 0.281788 2 0.564435 0.282531 2
0 0.654707 0.342285 0.033194 0.014103 0.638110 0.336718 2 0.670678 0.335233 2 0.671304 0.348594 2 0.638319 0.349337 2
