1 0.698698 0.585185 0.082812 0.092593 0.657292 0.538889 2 0.740104 0.569444 2 0.740104 0.631481 2 0.657813 0.584259 2
0 0.868750 0.591204 0.254167 0.087963 0.741667 0.570370 2 0.995833 0.547222 2 0.995833 0.616667 2 0.741667 0.635185 2
0 0.792285 0.287690 0.026096 0.010392 0.779237 0.282865 2 0.804707 0.282494 2 0.805333 0.289917 2 0.780281 0.292886 2
0 0.469013 0.318444 0.024484 0.009981 0.457395 0.315671 2 0.480631 0.313453 2 0.481255 0.322048 2 0.456771 0.323434 2
0 0.437980 0.322602 0.025419 0.009426 0.425270 0.319552 2 0.450065 0.317889 2 0.450689 0.325929 2 0.425270 0.327315 2
0 0.397596 0.270073 0.022013 0.007699 0.386589 0.266545 2 0.408241 0.266224 2 0.408602 0.273601 2 0.386950 0.273922 2
0 0.421323 0.267827 0.020750 0.007699 0.411489 0.264941 2 0.431698 0.263978 2 0.431517 0.271356 2 0.410948 0.271677 2
0 0.446854 0.264299 0.022735 0.007699 0.435487 0.261733 2 0.457500 0.260450 2 0.458222 0.267186 2 0.435667 0.268148 2
0 0.500608 0.259198 0.020117 0.008872 0.490549 0.256980 2 0.510198 0.254762 2 0.510666 0.262247 2 0.490705 0.263634 2
0 0.526339 0.255732 0.020741 0.009149 0.516280 0.252821 2 0.536085 0.251158 2 0.536709 0.258921 2 0.515968 0.260307 2
0 0.405767 0.325239 0.024035 0.010263 0.393750 0.321481 2 0.417785 0.320107 2 0.417629 0.328424 2 0.394531 0.330370 2
0 0.581283 0.249276 0.022129 0.009279 0.570218 0.246122 2 0.592348 0.244637 2 0.592139 0.252802 2 0.570427 0.253916 2
0 0.343663 0.331259 0.025743 0.010783 0.330792 0.327544 2 0.356535 0.325868 2 0.356400 0.333056 2 0.331735 0.336650 2
0 0.373922 0.328264 0.025608 0.009105 0.361522 0.325149 2 0.386726 0.323711 2 0.386591 0.332098 2 0.361118 0.332816 2
0 0.501147 0.316168 0.025441 0.011227 0.488427 0.312158 2 0.513687 0.310554 2 0.513868 0.318894 2 0.489148 0.321781 2
0 0.530684 0.312415 0.024539 0.010906 0.518415 0.308887 2 0.542593 0.306962 2 0.542954 0.316585 2 0.518776 0.317868 2
0 0.563251 0.309877 0.025108 0.010258 0.550697 0.305857 2 0.575649 0.304748 2 0.575805 0.312233 2 0.551165 0.315006 2
0 0.597052 0.305908 0.025608 0.010303 0.584248 0.302913 2 0.609587 0.300756 2 0.609857 0.309382 2 0.584922 0.311060 2
0 0.627969 0.303085 0.026199 0.009981 0.615805 0.299480 2 0.641068 0.298094 2 0.641068 0.305302 2 0.614869 0.308075 2
0 0.660141 0.299092 0.025575 0.009981 0.647353 0.296597 2 0.672928 0.294102 2 0.672928 0.302419 2 0.647821 0.304083 2
