1 0.348177 0.557407 0.052604 0.046296 0.321875 0.550000 2 0.373958 0.534259 2 0.374479 0.560185 2 0.322396 0.580556 2
0 0.268229 0.568519 0.108333 0.038889 0.214062 0.557407 2 0.321875 0.549074 2 0.322396 0.579630 2 0.214062 0.587963 2
0 0.163542 0.576389 0.103125 0.036111 0.111979 0.564815 2 0.214583 0.558333 2 0.215104 0.587963 2 0.112500 0.594444 2
0 0.062760 0.582870 0.097396 0.036111 0.014063 0.571296 2 0.110937 0.564815 2 0.111458 0.595370 2 0.015104 0.600926 2
0 0.438475 0.282888 0.021245 0.009517 0.427852 0.280509 2 0.448763 0.278130 2 0.449098 0.286160 2 0.428187 0.287647 2
0 0.612745 0.258984 0.021678 0.009635 0.602100 0.255887 2 0.623584 0.254166 2 0.623197 0.261392 2 0.601906 0.263801 2
0 0.259236 0.357818 0.020097 0.009510 0.249187 0.355120 2 0.268850 0.353063 2 0.269284 0.361288 2 0.249332 0.362574 2
0 0.286417 0.355120 0.020386 0.008225 0.276513 0.353064 2 0.296176 0.351007 2 0.296610 0.357433 2 0.276224 0.359232 2
0 0.310641 0.352292 0.021386 0.008739 0.299948 0.349722 2 0.320466 0.347923 2 0.321334 0.354863 2 0.300225 0.356662 2
0 0.446020 0.336033 0.021580 0.009814 0.435397 0.333208 2 0.456642 0.331126 2 0.456810 0.339453 2 0.435230 0.340940 2
0 0.561027 0.322298 0.024001 0.010323 0.549027 0.318512 2 0.572060 0.317136 2 0.573028 0.324018 2 0.549801 0.327459 2
0 0.623108 0.313966 0.023755 0.009814 0.611231 0.311141 2 0.634985 0.309059 2 0.634818 0.317386 2 0.611231 0.318873 2
0 0.651819 0.310267 0.024290 0.009767 0.639963 0.307697 2 0.663964 0.305383 2 0.663964 0.312066 2 0.639674 0.315151 2
0 0.683344 0.306985 0.025182 0.011011 0.670753 0.303888 2 0.695335 0.301480 2 0.695935 0.310082 2 0.671528 0.312491 2
0 0.715266 0.303082 0.026431 0.011301 0.702050 0.301000 2 0.727310 0.297431 2 0.728481 0.306353 2 0.702887 0.308732 2
0 0.778182 0.295290 0.027435 0.010111 0.764465 0.292911 2 0.791732 0.290234 2 0.791899 0.298858 2 0.765468 0.300345 2
0 0.813849 0.292189 0.027291 0.010323 0.800203 0.289780 2 0.827494 0.287028 2 0.827494 0.293910 2 0.800396 0.297351 2
0 0.914152 0.279676 0.026097 0.010111 0.901438 0.275810 2 0.927200 0.274621 2 0.927033 0.282650 2 0.901104 0.284732 2
0 0.948947 0.274769 0.026431 0.009814 0.936234 0.271350 2 0.961661 0.269862 2 0.962163 0.277892 2 0.935732 0.279676 2
0 0.983851 0.271969 0.027471 0.010024 0.970116 0.270041 2 0.997297 0.266957 2 0.000000 0.000000 0 0.970260 0.276981 2
