1 0.368880 0.605509 0.037135 0.106759 0.350313 0.589259 2 0.387448 0.552130 2 0.351771 0.658889 2 0.351771 0.658889 2
0 0.215625 0.637500 0.270833 0.093519 0.080208 0.613889 2 0.350000 0.590741 2 0.351042 0.659259 2 0.081771 0.684259 2
1 0.817448 0.505093 0.074479 0.025000 0.780208 0.494444 2 0.854688 0.492593 2 0.854688 0.516667 2 0.780729 0.517593 2
0 0.891406 0.502778 0.077604 0.027778 0.852604 0.493519 2 0.929688 0.488889 2 0.930208 0.511111 2 0.853125 0.516667 2
0 0.198836 0.296790 0.032602 0.011889 0.182535 0.292332 2 0.214928 0.290846 2 0.215137 0.302735 2 0.183998 0.302735 2
0 0.033968 0.300257 0.034603 0.010782 0.017900 0.295726 2 0.051270 0.294866 2 0.051270 0.305183 2 0.016667 0.305648 2
0 0.077752 0.299194 0.033252 0.010546 0.061595 0.293921 2 0.094378 0.293921 2 0.094066 0.303912 2 0.061126 0.304467 2
0 0.238022 0.295304 0.031975 0.011146 0.222034 0.289731 2 0.252756 0.290474 2 0.254009 0.299763 2 0.222243 0.300877 2
0 0.275431 0.294375 0.032811 0.010775 0.259234 0.289359 2 0.291419 0.288988 2 0.291837 0.298276 2 0.259025 0.299763 2
0 0.316602 0.292894 0.030754 0.010269 0.301225 0.288592 2 0.331355 0.287759 2 0.331979 0.296918 2 0.302162 0.298028 2
0 0.355474 0.291922 0.032627 0.011101 0.339316 0.288037 2 0.371787 0.286372 2 0.371787 0.297473 2 0.339160 0.296918 2
0 0.427366 0.291483 0.030165 0.011881 0.412283 0.286827 2 0.442267 0.285543 2 0.442448 0.297424 2 0.412283 0.297103 2
0 0.462768 0.291002 0.028358 0.011560 0.448589 0.285222 2 0.476947 0.285222 2 0.476767 0.295497 2 0.448770 0.296782 2
0 0.497410 0.289675 0.029505 0.011379 0.483594 0.283985 2 0.511850 0.284540 2 0.512163 0.295086 2 0.482658 0.295364 2
0 0.567488 0.288315 0.026383 0.010824 0.554297 0.283736 2 0.580368 0.282903 2 0.580680 0.293449 2 0.554765 0.293726 2
0 0.600046 0.287739 0.028064 0.011034 0.586688 0.282942 2 0.613943 0.282222 2 0.614078 0.292536 2 0.586014 0.293256 2
0 0.666026 0.286346 0.024746 0.010918 0.653653 0.282171 2 0.678218 0.280887 2 0.678399 0.290199 2 0.654015 0.291805 2
0 0.696787 0.285601 0.025888 0.010366 0.683843 0.280418 2 0.709731 0.280418 2 0.709479 0.290556 2 0.683843 0.290784 2
0 0.726873 0.285497 0.027754 0.010573 0.712996 0.280211 2 0.740750 0.280211 2 0.740517 0.290162 2 0.713346 0.290784 2
0 0.240707 0.364504 0.036848 0.013166 0.222283 0.359848 2 0.258770 0.357922 2 0.259131 0.370124 2 0.222464 0.371087 2
0 0.317852 0.361325 0.029081 0.012202 0.303872 0.356188 2 0.332393 0.355224 2 0.332393 0.367105 2 0.303312 0.367426 2
0 0.355793 0.360041 0.029821 0.012202 0.340882 0.355546 2 0.370143 0.353940 2 0.370703 0.365500 2 0.340882 0.366142 2
0 0.392008 0.359559 0.033939 0.012523 0.375039 0.355225 2 0.408978 0.353298 2 0.408797 0.365500 2 0.375219 0.365821 2
0 0.500555 0.355224 0.028539 0.009954 0.486466 0.351211 2 0.514283 0.350247 2 0.514825 0.358596 2 0.486286 0.360201 2
0 0.632157 0.349621 0.027023 0.009714 0.618646 0.345000 2 0.645513 0.344764 2 0.645669 0.353645 2 0.619130 0.354478 2
0 0.668660 0.349245 0.034750 0.012439 0.651868 0.344270 2 0.685686 0.343026 2 0.686035 0.354635 2 0.651285 0.355465 2
