0 0.117448 0.726852 0.222396 0.120370 0.006250 0.666667 2 0.228125 0.681481 2 0.228646 0.787037 2 0.011979 0.762037 2
0 0.823958 0.764815 0.332292 0.153704 0.660937 0.687963 2 0.990104 0.696296 2 0.988542 0.841667 2 0.657813 0.826852 2
0 0.445833 0.750463 0.427083 0.156481 0.232292 0.672222 2 0.657813 0.690741 2 0.659375 0.828704 2 0.232813 0.782407 2
0 0.461772 0.270374 0.019543 0.010064 0.452270 0.269416 2 0.471544 0.265342 2 0.471274 0.272291 2 0.452001 0.275405 2
0 0.398762 0.335117 0.021969 0.012220 0.387777 0.332841 2 0.409747 0.329007 2 0.409612 0.338351 2 0.387912 0.341227 2
0 0.426284 0.330684 0.023048 0.011262 0.414760 0.327688 2 0.436999 0.325053 2 0.437808 0.334637 2 0.415030 0.336315 2
0 0.456678 0.325748 0.023048 0.012220 0.445154 0.323472 2 0.467527 0.319638 2 0.468201 0.328264 2 0.445558 0.331858 2
0 0.899509 0.254472 0.036326 0.016330 0.881346 0.250390 2 0.916419 0.246307 2 0.917672 0.257441 2 0.881346 0.262637 2
0 0.945751 0.246678 0.036535 0.014103 0.927484 0.243709 2 0.963183 0.239627 2 0.964018 0.248905 2 0.928110 0.253730 2
0 0.562857 0.250752 0.023319 0.011459 0.551875 0.248889 2 0.574517 0.245023 2 0.574517 0.252211 2 0.551198 0.256481 2
0 0.508811 0.261508 0.020891 0.011022 0.498770 0.258872 2 0.519257 0.255997 2 0.519257 0.263665 2 0.498365 0.267019 2
0 0.370009 0.339093 0.022756 0.009650 0.358631 0.337609 2 0.381387 0.334268 2 0.380552 0.342433 2 0.358840 0.343918 2
0 0.483876 0.266300 0.020082 0.010064 0.473854 0.264907 2 0.493918 0.261268 2 0.493783 0.268457 2 0.473835 0.271332 2
