1 0.889583 0.631065 0.220833 0.134167 0.779167 0.607407 2 0.000000 0.000000 0 0.000000 0.000000 0 0.779687 0.698148 2
0 0.691667 0.637500 0.169792 0.123148 0.606771 0.575926 2 0.774479 0.614815 2 0.776563 0.699074 2 0.609375 0.630556 2
0 0.426815 0.322392 0.031524 0.009278 0.411053 0.317753 2 0.441742 0.318123 2 0.442577 0.327031 2 0.411888 0.326660 2
0 0.524639 0.296882 0.029197 0.010918 0.510040 0.291423 2 0.539036 0.293929 2 0.539237 0.302341 2 0.510242 0.300014 2
0 0.490700 0.294580 0.029591 0.011227 0.476265 0.288967 2 0.505135 0.291533 2 0.505496 0.300193 2 0.475904 0.297306 2
0 0.453855 0.290602 0.030494 0.012831 0.438608 0.284187 2 0.468741 0.287074 2 0.469102 0.297018 2 0.438609 0.293489 2
0 0.413948 0.286894 0.029318 0.011921 0.399289 0.280934 2 0.427983 0.283151 2 0.428607 0.292854 2 0.399757 0.289805 2
0 0.376428 0.283151 0.031969 0.011644 0.360599 0.277329 2 0.391944 0.279270 2 0.392412 0.288973 2 0.360443 0.286755 2
0 0.327746 0.279311 0.036661 0.013898 0.309820 0.272362 2 0.346076 0.275477 2 0.345672 0.286260 2 0.309415 0.281707 2
0 0.285077 0.274621 0.032699 0.011925 0.268727 0.268659 2 0.301426 0.273131 2 0.300588 0.280584 2 0.268727 0.279093 2
0 0.181330 0.265106 0.045595 0.016671 0.158856 0.256771 2 0.204128 0.261370 2 0.204128 0.273442 2 0.158532 0.267693 2
0 0.121412 0.258473 0.046953 0.017390 0.098494 0.249778 2 0.144888 0.255741 2 0.144888 0.267168 2 0.097935 0.261703 2
0 0.064118 0.254499 0.050307 0.017390 0.039244 0.245803 2 0.089271 0.250772 2 0.089271 0.263194 2 0.038964 0.258722 2
