0 0.503125 0.610648 0.228125 0.095370 0.389062 0.593519 2 0.615625 0.562963 2 0.617188 0.624074 2 0.392188 0.658333 2
0 0.429190 0.283353 0.031035 0.010264 0.414214 0.278221 2 0.444707 0.278862 2 0.444707 0.288485 2 0.413672 0.286561 2
0 0.393475 0.282976 0.030480 0.010392 0.378861 0.277780 2 0.408297 0.278151 2 0.408715 0.286688 2 0.378235 0.288172 2
0 0.352786 0.281083 0.033612 0.009279 0.335980 0.276444 2 0.369174 0.276444 2 0.369592 0.285351 2 0.336398 0.285723 2
0 0.542932 0.352937 0.027766 0.012619 0.529049 0.346999 2 0.556815 0.346627 2 0.556398 0.359246 2 0.529049 0.357762 2
0 0.471721 0.353865 0.030271 0.011134 0.456586 0.348297 2 0.486648 0.349040 2 0.486857 0.359432 2 0.456794 0.359432 2
0 0.431568 0.353720 0.030429 0.012996 0.416354 0.347222 2 0.446541 0.349482 2 0.446783 0.359788 2 0.417313 0.360218 2
0 0.273617 0.357770 0.030672 0.012453 0.258542 0.351574 2 0.288470 0.351543 2 0.288953 0.363997 2 0.258281 0.363611 2
0 0.306731 0.280946 0.035750 0.012883 0.288857 0.274504 2 0.324606 0.276222 2 0.323881 0.286099 2 0.290306 0.287387 2
0 0.571571 0.351357 0.023817 0.011548 0.559662 0.346545 2 0.582938 0.345583 2 0.583479 0.356810 2 0.559843 0.357131 2
0 0.638402 0.287393 0.021086 0.009650 0.627859 0.282567 2 0.648736 0.282939 2 0.648945 0.292218 2 0.628903 0.292218 2
0 0.539887 0.285919 0.026163 0.009302 0.526805 0.281268 2 0.552968 0.281268 2 0.552813 0.289907 2 0.527166 0.290570 2
0 0.504818 0.284704 0.030722 0.009426 0.489457 0.279990 2 0.520023 0.280822 2 0.520179 0.289417 2 0.489613 0.287753 2
0 0.468128 0.285053 0.029050 0.010906 0.453603 0.279600 2 0.482653 0.279921 2 0.482653 0.290506 2 0.453603 0.289544 2
