0 0.667188 0.552778 0.152083 0.050000 0.591146 0.537963 2 0.743229 0.527778 2 0.743229 0.567593 2 0.591146 0.577778 2
1 0.976562 0.485046 0.046875 0.023796 0.953125 0.475000 2 0.000000 0.000000 0 0.000000 0.000000 0 0.953125 0.496296 2
0 0.522744 0.361641 0.024133 0.008395 0.510677 0.358148 2 0.534675 0.357444 2 0.534810 0.364880 2 0.511063 0.365839 2
0 0.164823 0.395099 0.027541 0.010763 0.151262 0.392315 2 0.178402 0.389717 2 0.178594 0.398981 2 0.151053 0.400480 2
0 0.422281 0.370387 0.027765 0.010783 0.408399 0.366913 2 0.435760 0.364996 2 0.436164 0.373143 2 0.408938 0.375779 2
0 0.801282 0.334933 0.030313 0.012189 0.786126 0.331405 2 0.816258 0.328838 2 0.816439 0.337820 2 0.786486 0.341028 2
0 0.392533 0.373467 0.025096 0.011034 0.379985 0.370828 2 0.404811 0.367950 2 0.405081 0.376825 2 0.379985 0.378984 2
0 0.558184 0.358702 0.027944 0.010558 0.544212 0.353423 2 0.572156 0.353423 2 0.572156 0.362859 2 0.544219 0.363981 2
0 0.491796 0.363896 0.024826 0.010074 0.479383 0.360298 2 0.504209 0.358859 2 0.504209 0.367014 2 0.479923 0.368933 2
0 0.457976 0.367272 0.026383 0.009714 0.444785 0.364636 2 0.471012 0.362415 2 0.471168 0.370741 2 0.444941 0.372129 2
0 0.858948 0.268055 0.026071 0.010824 0.845913 0.264863 2 0.871983 0.262643 2 0.871983 0.270414 2 0.846381 0.273467 2
0 0.825962 0.271135 0.026383 0.008881 0.812771 0.267250 2 0.839153 0.266695 2 0.839153 0.273911 2 0.812770 0.275576 2
0 0.792616 0.274660 0.026383 0.010269 0.779425 0.271468 2 0.805808 0.269526 2 0.805496 0.277019 2 0.779425 0.279794 2
0 0.653816 0.287855 0.027455 0.009633 0.640088 0.283039 2 0.667543 0.283038 2 0.666821 0.289782 2 0.640991 0.292672 2
0 0.622088 0.290547 0.028342 0.011870 0.608262 0.285896 2 0.636259 0.284612 2 0.636078 0.292318 2 0.607917 0.296481 2
0 0.521201 0.299254 0.026913 0.010276 0.508647 0.295722 2 0.534657 0.294117 2 0.534115 0.302466 2 0.507744 0.304392 2
0 0.489230 0.302144 0.026913 0.010276 0.475954 0.299254 2 0.502687 0.297007 2 0.502506 0.306319 2 0.475773 0.307282 2
0 0.457078 0.306158 0.026913 0.011881 0.443622 0.303108 2 0.469632 0.300218 2 0.470535 0.309209 2 0.443983 0.312099 2
0 0.421134 0.309048 0.025468 0.011239 0.408400 0.305035 2 0.433868 0.303429 2 0.433868 0.313383 2 0.408761 0.314668 2
0 0.324392 0.318565 0.025290 0.012211 0.311747 0.316345 2 0.336569 0.312460 2 0.337037 0.322173 2 0.311747 0.324671 2
0 0.291648 0.322501 0.025288 0.010775 0.279213 0.319342 2 0.304083 0.317113 2 0.304292 0.326402 2 0.279005 0.327888 2
0 0.198423 0.331012 0.026733 0.008991 0.185057 0.328443 2 0.211067 0.326517 2 0.211789 0.333260 2 0.185779 0.335508 2
0 0.165368 0.335166 0.025649 0.011519 0.152544 0.331333 2 0.177470 0.329407 2 0.178193 0.339361 2 0.153438 0.340926 2
0 0.133585 0.339004 0.026121 0.010987 0.120524 0.336413 2 0.145829 0.333511 2 0.146645 0.342425 2 0.121224 0.344498 2
0 0.103849 0.341596 0.025655 0.010366 0.091021 0.338694 2 0.115743 0.336413 2 0.116676 0.344083 2 0.092188 0.346778 2
0 0.071208 0.344531 0.022939 0.009954 0.059739 0.340517 2 0.082136 0.339554 2 0.082678 0.348866 2 0.060461 0.349508 2
