1 0.660417 0.524074 0.023958 0.037037 0.648438 0.516667 2 0.672396 0.505556 2 0.671875 0.527778 2 0.648958 0.542593 2
0 0.515625 0.533333 0.079167 0.024074 0.476042 0.521296 2 0.555208 0.521296 2 0.555208 0.544444 2 0.476042 0.545370 2
0 0.440104 0.536111 0.070833 0.022222 0.404687 0.525000 2 0.475521 0.525000 2 0.475521 0.547222 2 0.405208 0.547222 2
0 0.601302 0.530556 0.093229 0.029630 0.554688 0.518519 2 0.647917 0.515741 2 0.647917 0.541667 2 0.555208 0.545370 2
0 0.487283 0.353181 0.017494 0.008886 0.478911 0.351404 2 0.495905 0.348738 2 0.496030 0.353625 2 0.478536 0.357624 2
0 0.964372 0.252462 0.036952 0.017916 0.945896 0.249079 2 0.982400 0.243504 2 0.982848 0.252661 2 0.947240 0.261420 2
0 0.916783 0.261779 0.034488 0.017916 0.900211 0.261182 2 0.932012 0.252821 2 0.934027 0.264367 2 0.899539 0.270737 2
0 0.836765 0.278391 0.031356 0.014452 0.821088 0.277703 2 0.851669 0.271165 2 0.852443 0.280111 2 0.823023 0.285617 2
0 0.760818 0.295111 0.029442 0.013680 0.746097 0.293922 2 0.774702 0.288271 2 0.775539 0.296598 2 0.746933 0.301951 2
0 0.695626 0.309089 0.026097 0.013680 0.682578 0.308197 2 0.708006 0.302249 2 0.708675 0.310873 2 0.683080 0.315929 2
0 0.609118 0.328345 0.018494 0.010885 0.600121 0.326234 2 0.617990 0.322902 2 0.618365 0.328900 2 0.599871 0.333787 2
0 0.582780 0.333813 0.018900 0.010560 0.573761 0.332373 2 0.592122 0.328533 2 0.592230 0.333525 2 0.573330 0.339093 2
0 0.557378 0.338574 0.018900 0.010944 0.547928 0.336174 2 0.565856 0.333102 2 0.566828 0.340014 2 0.548252 0.344046 2
0 0.531760 0.344315 0.019440 0.010560 0.523012 0.342107 2 0.540940 0.339035 2 0.541480 0.345563 2 0.522040 0.349595 2
0 0.510963 0.348405 0.018619 0.009552 0.501653 0.347405 2 0.520022 0.343629 2 0.520272 0.349182 2 0.501903 0.353181 2
0 0.860079 0.207912 0.028665 0.014333 0.846643 0.206717 2 0.873964 0.200745 2 0.874412 0.206717 2 0.845747 0.215078 2
0 0.582315 0.281358 0.017604 0.010560 0.573513 0.281263 2 0.590469 0.276078 2 0.591117 0.282606 2 0.573621 0.286638 2
0 0.564130 0.285695 0.014458 0.009510 0.556901 0.285309 2 0.571070 0.280939 2 0.571359 0.286851 2 0.556901 0.290450 2
