0 0.634115 0.707870 0.384896 0.171296 0.442708 0.622222 2 0.826562 0.657407 2 0.823958 0.793519 2 0.441667 0.718519 2
0 0.211719 0.632870 0.102604 0.075000 0.160417 0.595370 2 0.263021 0.607407 2 0.262500 0.670370 2 0.160417 0.649074 2
0 0.354687 0.657870 0.179167 0.100926 0.265104 0.607407 2 0.443750 0.626852 2 0.444271 0.708333 2 0.265625 0.673148 2
0 0.653406 0.234869 0.021740 0.015030 0.642778 0.235513 2 0.663551 0.227354 2 0.664276 0.234654 2 0.642536 0.242384 2
0 0.933455 0.166634 0.035036 0.019325 0.916190 0.167707 2 0.949766 0.156971 2 0.950973 0.166418 2 0.915938 0.176296 2
0 0.955349 0.199915 0.047535 0.024720 0.932875 0.200203 2 0.976529 0.187555 2 0.979116 0.199053 2 0.931581 0.212275 2
0 0.630579 0.242813 0.020532 0.013742 0.620555 0.243243 2 0.640121 0.235942 2 0.640845 0.244101 2 0.620313 0.249684 2
0 0.958518 0.284020 0.053679 0.023570 0.932325 0.282583 2 0.983094 0.272235 2 0.985357 0.284882 2 0.931678 0.295805 2
0 0.538017 0.327753 0.019566 0.012883 0.528234 0.325606 2 0.547558 0.321312 2 0.547800 0.329900 2 0.529442 0.334195 2
0 0.621587 0.302278 0.023637 0.014114 0.609769 0.301317 2 0.632504 0.295221 2 0.633406 0.302920 2 0.609949 0.309335 2
0 0.652694 0.293489 0.027426 0.017322 0.638981 0.292527 2 0.665144 0.284828 2 0.666407 0.293810 2 0.639162 0.302150 2
0 0.565761 0.319472 0.022193 0.014435 0.554664 0.318991 2 0.576136 0.312254 2 0.576858 0.320274 2 0.554664 0.326689 2
