0 0.568750 0.614815 0.250000 0.085185 0.443750 0.588889 2 0.691667 0.572222 2 0.693750 0.638889 2 0.443750 0.657407 2
0 0.101302 0.645278 0.202604 0.072037 0.000000 0.000000 0 0.202604 0.609259 2 0.202604 0.671296 2 0.000000 0.000000 0
0 0.324219 0.630556 0.242188 0.081481 0.203125 0.603704 2 0.443229 0.589815 2 0.445312 0.658333 2 0.204167 0.671296 2
0 0.294135 0.332139 0.023704 0.009426 0.282283 0.328535 2 0.305675 0.327426 2 0.305987 0.334080 2 0.282751 0.336852 2
0 0.232647 0.334710 0.025604 0.009877 0.219845 0.331918 2 0.245450 0.329772 2 0.244966 0.338789 2 0.220087 0.339648 2
0 0.623684 0.247940 0.021712 0.007423 0.613246 0.244971 2 0.634540 0.244229 2 0.634540 0.251652 2 0.612828 0.251652 2
0 0.434128 0.264410 0.021988 0.007485 0.423289 0.262331 2 0.444966 0.260667 2 0.445122 0.266766 2 0.423134 0.268153 2
0 0.380620 0.268648 0.020891 0.008386 0.370849 0.266372 2 0.391066 0.264455 2 0.391066 0.270446 2 0.370175 0.272842 2
0 0.355414 0.270675 0.021974 0.007168 0.344432 0.268289 2 0.366401 0.267091 2 0.366266 0.273321 2 0.344427 0.274259 2
0 0.331964 0.272842 0.020082 0.007188 0.321927 0.269259 2 0.341601 0.269247 2 0.342006 0.275477 2 0.321923 0.276436 2
0 0.451115 0.318804 0.026501 0.009149 0.437865 0.315648 2 0.463898 0.314230 2 0.464366 0.323101 2 0.438791 0.323378 2
0 0.580135 0.308548 0.023591 0.008907 0.568548 0.304837 2 0.591721 0.304094 2 0.591930 0.313002 2 0.568339 0.313002 2
0 0.613016 0.305950 0.026305 0.012619 0.599863 0.301867 2 0.625751 0.299640 2 0.626168 0.307806 2 0.599863 0.312259 2
0 0.710050 0.298509 0.026088 0.009018 0.697006 0.295289 2 0.723094 0.294000 2 0.723094 0.302589 2 0.697006 0.303018 2
0 0.774895 0.293888 0.025052 0.009650 0.762577 0.290177 2 0.787212 0.289063 2 0.787421 0.296115 2 0.762369 0.298713 2
0 0.806857 0.291624 0.023800 0.008907 0.794957 0.289025 2 0.818548 0.287170 2 0.818757 0.295335 2 0.795166 0.296078 2
0 0.941843 0.281289 0.022947 0.009877 0.930369 0.278069 2 0.953075 0.276351 2 0.953316 0.284940 2 0.930369 0.286228 2
0 0.421972 0.321685 0.026524 0.010265 0.408891 0.319119 2 0.434874 0.316553 2 0.435234 0.324893 2 0.408711 0.326818 2
0 0.389404 0.324412 0.024539 0.010585 0.377315 0.321685 2 0.401313 0.319119 2 0.401674 0.327780 2 0.377134 0.329705 2
0 0.359001 0.326497 0.024359 0.008982 0.347543 0.322968 2 0.371000 0.322006 2 0.371180 0.330988 2 0.346821 0.330988 2
0 0.743142 0.296405 0.024880 0.009447 0.731185 0.292540 2 0.755341 0.291682 2 0.755582 0.299411 2 0.730702 0.301129 2
0 0.326703 0.328774 0.024539 0.010585 0.314433 0.325406 2 0.338431 0.323482 2 0.338973 0.331180 2 0.314433 0.334067 2
0 0.264973 0.332694 0.023704 0.009426 0.253433 0.329921 2 0.276357 0.327980 2 0.276825 0.335743 2 0.253121 0.337407 2
