0 0.513542 0.785648 0.528125 0.232407 0.249479 0.747222 2 0.777604 0.669444 2 0.777604 0.803704 2 0.253125 0.901852 2
0 0.132292 0.834722 0.240625 0.171296 0.011979 0.785185 2 0.245833 0.749074 2 0.252604 0.899074 2 0.015104 0.920370 2
0 0.275243 0.262086 0.023529 0.008276 0.263479 0.258332 2 0.287007 0.257948 2 0.286665 0.266031 2 0.264399 0.266224 2
0 0.094412 0.397440 0.033021 0.011022 0.078441 0.393126 2 0.110519 0.391928 2 0.110923 0.402232 2 0.077902 0.402951 2
0 0.131667 0.325506 0.030986 0.008698 0.116174 0.321157 2 0.147160 0.321986 2 0.146462 0.329648 2 0.116524 0.329855 2
0 0.168771 0.324310 0.031134 0.010064 0.153339 0.319278 2 0.184338 0.320237 2 0.184338 0.329342 2 0.153204 0.329102 2
0 0.354283 0.320578 0.027914 0.009426 0.341574 0.316974 2 0.368240 0.315865 2 0.367929 0.325291 2 0.340326 0.325291 2
0 0.526733 0.317323 0.027426 0.010585 0.513922 0.312351 2 0.539363 0.312030 2 0.540446 0.320691 2 0.513020 0.322615 2
0 0.620187 0.315727 0.024952 0.009426 0.607711 0.311568 2 0.631727 0.311014 2 0.632663 0.319885 2 0.608179 0.320440 2
0 0.651150 0.314448 0.025744 0.008077 0.638511 0.310617 2 0.663556 0.310409 2 0.664022 0.318486 2 0.638278 0.318486 2
0 0.681406 0.313975 0.024062 0.007875 0.669677 0.310932 2 0.692834 0.310037 2 0.693438 0.317197 2 0.669375 0.317913 2
0 0.741499 0.311983 0.023647 0.007869 0.729675 0.309498 2 0.753090 0.308049 2 0.753323 0.315711 2 0.729792 0.315918 2
0 0.823766 0.311013 0.020606 0.008557 0.813763 0.307135 2 0.834069 0.306735 2 0.834069 0.314355 2 0.813462 0.315291 2
0 0.216746 0.262823 0.024178 0.008340 0.204657 0.259937 2 0.228474 0.258653 2 0.228835 0.266993 2 0.204837 0.265710 2
0 0.244984 0.262663 0.026524 0.009302 0.231927 0.258981 2 0.256983 0.258012 2 0.258246 0.267314 2 0.231722 0.266673 2
0 0.535430 0.259941 0.020619 0.007041 0.525121 0.256628 2 0.545739 0.256421 2 0.545739 0.263048 2 0.525354 0.263462 2
0 0.090091 0.326515 0.032318 0.010303 0.074293 0.321364 2 0.106050 0.321685 2 0.106250 0.331667 2 0.073932 0.330667 2
