1 0.859635 0.504630 0.052604 0.035185 0.833333 0.495370 2 0.885938 0.487037 2 0.885938 0.511111 2 0.833333 0.522222 2
0 0.788802 0.509722 0.086979 0.025000 0.745313 0.497222 2 0.832292 0.497222 2 0.832292 0.522222 2 0.745313 0.521296 2
0 0.506008 0.311299 0.018600 0.011262 0.496708 0.305669 2 0.515173 0.308783 2 0.515307 0.316930 2 0.496708 0.313336 2
0 0.226230 0.270803 0.038622 0.015217 0.207545 0.263194 2 0.244706 0.268019 2 0.245542 0.278411 2 0.206919 0.274328 2
0 0.350308 0.289577 0.030184 0.012919 0.335216 0.283117 2 0.365121 0.288086 2 0.365400 0.296036 2 0.335216 0.293055 2
0 0.174830 0.263612 0.041391 0.018396 0.154135 0.254414 2 0.195526 0.260162 2 0.195203 0.272810 2 0.154135 0.266486 2
0 0.389434 0.295294 0.026355 0.011644 0.376256 0.289472 2 0.402611 0.293076 2 0.402611 0.301116 2 0.376568 0.297789 2
0 0.479459 0.308950 0.020931 0.010586 0.468994 0.303658 2 0.489563 0.305903 2 0.489924 0.314243 2 0.468994 0.310394 2
0 0.529662 0.314798 0.018196 0.009585 0.520564 0.310005 2 0.538759 0.312162 2 0.538759 0.319590 2 0.521103 0.317433 2
0 0.230014 0.349697 0.039131 0.016748 0.210449 0.341323 2 0.248855 0.346047 2 0.249580 0.358071 2 0.211415 0.355494 2
0 0.125031 0.255851 0.045918 0.018971 0.102072 0.246365 2 0.147991 0.253264 2 0.147991 0.265336 2 0.102719 0.259587 2
0 0.063591 0.247228 0.050446 0.018971 0.039662 0.237742 2 0.088814 0.244641 2 0.088814 0.256713 2 0.038368 0.250389 2
0 0.127618 0.186290 0.036864 0.020121 0.110480 0.176230 2 0.146050 0.183703 2 0.145727 0.196351 2 0.109186 0.187153 2
