1 0.659115 0.550463 0.054688 0.054630 0.631771 0.523148 2 0.686458 0.538889 2 0.686458 0.577778 2 0.631771 0.553704 2
0 0.759375 0.550463 0.146875 0.052778 0.685937 0.535185 2 0.832812 0.524074 2 0.832812 0.563889 2 0.686979 0.576852 2
1 0.968229 0.489352 0.063542 0.023148 0.936458 0.479630 2 0.000000 0.000000 0 0.000000 0.000000 0 0.936979 0.500926 2
0 0.431269 0.370821 0.027687 0.010560 0.418030 0.367151 2 0.445012 0.365541 2 0.445112 0.375027 2 0.417426 0.376101 2
0 0.076871 0.328820 0.028307 0.010769 0.062718 0.325713 2 0.090791 0.323435 2 0.091024 0.333583 2 0.062951 0.334204 2
0 0.114695 0.325838 0.027958 0.012011 0.100716 0.321282 2 0.128208 0.319832 2 0.128674 0.330187 2 0.100949 0.331843 2
0 0.393069 0.309540 0.027608 0.009733 0.379265 0.306123 2 0.406523 0.304673 2 0.406873 0.314406 2 0.379381 0.314406 2
0 0.151063 0.324906 0.028540 0.011183 0.137026 0.319935 2 0.165100 0.319314 2 0.165333 0.329255 2 0.136793 0.330497 2
0 0.185648 0.322234 0.028074 0.011804 0.171612 0.317782 2 0.199569 0.316332 2 0.199685 0.327722 2 0.171961 0.328136 2
0 0.290398 0.315780 0.027630 0.010543 0.276583 0.311467 2 0.304078 0.310509 2 0.304213 0.320093 2 0.276852 0.321051 2
0 0.326250 0.313782 0.027083 0.010158 0.312709 0.309733 2 0.339375 0.308704 2 0.339792 0.317250 2 0.312709 0.318861 2
0 0.364234 0.374621 0.024300 0.009127 0.352083 0.370556 2 0.376297 0.370057 2 0.376384 0.378256 2 0.352368 0.379184 2
0 0.394014 0.373568 0.027090 0.010041 0.380476 0.369819 2 0.407156 0.368548 2 0.407559 0.378589 2 0.380469 0.378426 2
0 0.174613 0.388188 0.028193 0.010364 0.161126 0.383624 2 0.188709 0.383005 2 0.188535 0.392906 2 0.160517 0.393370 2
0 0.115499 0.391237 0.032733 0.011183 0.099482 0.386888 2 0.131632 0.385646 2 0.131865 0.395172 2 0.099132 0.396829 2
0 0.812837 0.285869 0.025395 0.009940 0.800605 0.281934 2 0.825418 0.280899 2 0.825534 0.289804 2 0.800139 0.290839 2
0 0.783458 0.287671 0.022599 0.009112 0.772159 0.283529 2 0.794641 0.283115 2 0.794758 0.291191 2 0.772275 0.292227 2
0 0.753311 0.289700 0.024113 0.009940 0.741254 0.284730 2 0.764902 0.284937 2 0.765367 0.294670 2 0.741837 0.294670 2
0 0.659304 0.295250 0.023764 0.010147 0.647539 0.291419 2 0.670604 0.290177 2 0.671186 0.299496 2 0.647422 0.300324 2
0 0.624935 0.297276 0.024969 0.010023 0.612451 0.293320 2 0.636816 0.292264 2 0.637420 0.301213 2 0.612451 0.302287 2
0 0.594391 0.298125 0.025495 0.010674 0.581644 0.294799 2 0.606878 0.292788 2 0.607139 0.302843 2 0.581818 0.303462 2
0 0.528208 0.302519 0.025628 0.011390 0.515744 0.298274 2 0.540672 0.296824 2 0.541021 0.307800 2 0.515394 0.308214 2
0 0.495008 0.303451 0.027608 0.009526 0.481670 0.298895 2 0.508230 0.298688 2 0.508812 0.308214 2 0.481204 0.308214 2
0 0.463023 0.305249 0.025774 0.010399 0.450237 0.302394 2 0.475910 0.300050 2 0.475910 0.309196 2 0.450136 0.310449 2
0 0.429588 0.307676 0.027492 0.011804 0.415842 0.303224 2 0.442635 0.301774 2 0.443334 0.311714 2 0.416308 0.313578 2
0 0.042360 0.330097 0.028708 0.010327 0.028005 0.324933 2 0.056444 0.325173 2 0.056714 0.335260 2 0.028140 0.334781 2
0 0.497929 0.366221 0.025975 0.010381 0.485243 0.362283 2 0.510614 0.361030 2 0.510916 0.371411 2 0.484941 0.371232 2
0 0.531086 0.364375 0.027100 0.010140 0.517536 0.360240 2 0.544309 0.359305 2 0.544635 0.368241 2 0.517917 0.369444 2
0 0.464220 0.368467 0.026559 0.009547 0.450940 0.364316 2 0.477267 0.363694 2 0.477500 0.371978 2 0.451042 0.373241 2
