1 0.474219 0.568056 0.061979 0.056481 0.443229 0.561111 2 0.504167 0.539815 2 0.505208 0.569444 2 0.444271 0.596296 2
0 0.385677 0.577778 0.117188 0.038889 0.327083 0.560185 2 0.443750 0.558333 2 0.444271 0.596296 2 0.327604 0.597222 2
0 0.454857 0.386886 0.024384 0.011881 0.442665 0.384799 2 0.467049 0.380945 2 0.467049 0.388973 2 0.443026 0.392826 2
0 0.578405 0.367330 0.025107 0.011881 0.566032 0.364601 2 0.590958 0.361390 2 0.590778 0.370381 2 0.565851 0.373271 2
0 0.546164 0.371602 0.024822 0.011934 0.533909 0.368688 2 0.558575 0.365635 2 0.558262 0.374793 2 0.533753 0.377569 2
0 0.511664 0.379019 0.024204 0.013166 0.500104 0.375326 2 0.523043 0.372436 2 0.523765 0.381748 2 0.499562 0.385601 2
0 0.485068 0.382095 0.022780 0.011889 0.474514 0.379866 2 0.495622 0.376150 2 0.496458 0.385067 2 0.473678 0.388040 2
0 0.846432 0.252317 0.034901 0.016348 0.829190 0.250831 2 0.863255 0.244144 2 0.863882 0.254175 2 0.828981 0.260491 2
0 0.805638 0.259514 0.034413 0.016414 0.788438 0.258241 2 0.822005 0.251307 2 0.822844 0.262249 2 0.788431 0.267721 2
0 0.759670 0.270406 0.033014 0.016414 0.743164 0.266676 2 0.774778 0.262200 2 0.776177 0.271650 2 0.743723 0.278613 2
0 0.682445 0.283969 0.030706 0.014450 0.667092 0.284451 2 0.697437 0.276744 2 0.697798 0.285093 2 0.667995 0.291194 2
0 0.644730 0.291098 0.027816 0.013808 0.630822 0.288690 2 0.658277 0.284194 2 0.658639 0.293828 2 0.630822 0.298002 2
0 0.608560 0.298314 0.027168 0.014861 0.594976 0.295341 2 0.620890 0.290883 2 0.622144 0.301286 2 0.595812 0.305744 2
0 0.544296 0.310909 0.025914 0.014490 0.531339 0.309608 2 0.556417 0.303664 2 0.557253 0.313324 2 0.532174 0.318154 2
0 0.510778 0.317461 0.023482 0.012202 0.499038 0.315214 2 0.521616 0.311360 2 0.522519 0.319709 2 0.499399 0.323563 2
0 0.481969 0.323691 0.023301 0.010918 0.470860 0.321765 2 0.492535 0.318232 2 0.493619 0.325939 2 0.470318 0.329150 2
0 0.454792 0.328862 0.022480 0.012211 0.444176 0.326364 2 0.465563 0.322756 2 0.466032 0.332470 2 0.443552 0.334967 2
0 0.350790 0.349593 0.019514 0.011934 0.341033 0.347789 2 0.360391 0.343626 2 0.360547 0.352230 2 0.341034 0.355560 2
0 0.281524 0.363165 0.017641 0.009159 0.272860 0.361916 2 0.289876 0.358585 2 0.290344 0.364969 2 0.272704 0.367744 2
0 0.261872 0.366942 0.017810 0.008875 0.253237 0.365143 2 0.270238 0.362505 2 0.270777 0.368022 2 0.252967 0.371380 2
