0 0.255729 0.657407 0.242708 0.079630 0.134375 0.628704 2 0.375521 0.617593 2 0.377083 0.688889 2 0.136458 0.697222 2
1 0.418750 0.631019 0.084375 0.117593 0.376563 0.618519 2 0.460417 0.572222 2 0.460938 0.618519 2 0.377083 0.689815 2
0 0.518276 0.286450 0.030877 0.014139 0.502838 0.283816 2 0.533247 0.279381 2 0.533715 0.289084 2 0.503773 0.293520 2
0 0.117001 0.346882 0.022715 0.011606 0.105644 0.344600 2 0.127893 0.341080 2 0.128359 0.349985 2 0.105990 0.352685 2
0 0.147347 0.342943 0.023298 0.011183 0.135698 0.340252 2 0.158413 0.337352 2 0.158996 0.345843 2 0.136047 0.348535 2
0 0.175479 0.338698 0.023647 0.010976 0.163655 0.336731 2 0.186837 0.333210 2 0.187303 0.341287 2 0.163655 0.344186 2
0 0.270443 0.324668 0.025622 0.013793 0.257813 0.321942 2 0.282713 0.317772 2 0.283254 0.327395 2 0.257633 0.331565 2
0 0.303930 0.318607 0.026956 0.012220 0.290452 0.315852 2 0.316869 0.312497 2 0.317408 0.321842 2 0.290856 0.324718 2
0 0.406744 0.303126 0.029630 0.013557 0.392240 0.301338 2 0.420779 0.296348 2 0.421558 0.306605 2 0.391929 0.309905 2
0 0.440755 0.298427 0.029318 0.013307 0.426408 0.296209 2 0.455102 0.291773 2 0.455414 0.300645 2 0.426096 0.305081 2
0 0.476389 0.293159 0.029474 0.013307 0.461964 0.289833 2 0.490814 0.286506 2 0.491126 0.296764 2 0.461652 0.299813 2
0 0.467857 0.237482 0.024539 0.011548 0.455587 0.234917 2 0.479044 0.231708 2 0.480127 0.240049 2 0.455768 0.243256 2
0 0.557157 0.280869 0.031943 0.015096 0.541185 0.278113 2 0.572724 0.273321 2 0.573129 0.282426 2 0.541455 0.288416 2
0 0.594335 0.275576 0.031690 0.013663 0.578776 0.272339 2 0.609371 0.268744 2 0.610180 0.278089 2 0.578490 0.282407 2
0 0.636858 0.269677 0.033217 0.016080 0.620249 0.266350 2 0.652530 0.261638 2 0.653466 0.272450 2 0.620250 0.277717 2
0 0.764546 0.250089 0.036628 0.014114 0.746232 0.247843 2 0.781958 0.243032 2 0.782860 0.253617 2 0.746953 0.257146 2
0 0.814245 0.243513 0.038593 0.017001 0.794949 0.241107 2 0.833021 0.235012 2 0.833542 0.246852 2 0.794949 0.252013 2
0 0.148387 0.406522 0.023392 0.011644 0.137315 0.403472 2 0.160083 0.400700 2 0.159927 0.409849 2 0.136692 0.412344 2
0 0.372513 0.377384 0.027291 0.013862 0.359024 0.374058 2 0.385379 0.370453 2 0.386159 0.381266 2 0.358868 0.384315 2
0 0.519727 0.359752 0.030410 0.012476 0.504678 0.356286 2 0.534931 0.353514 2 0.534931 0.362386 2 0.504522 0.365990 2
0 0.558713 0.354069 0.030410 0.013862 0.543508 0.351573 2 0.573450 0.347138 2 0.573918 0.357950 2 0.543820 0.361000 2
0 0.639587 0.343866 0.033529 0.013585 0.622823 0.341233 2 0.655571 0.337074 2 0.656351 0.348718 2 0.622823 0.350659 2
0 0.684851 0.338940 0.029360 0.016028 0.671406 0.332593 2 0.699531 0.330926 2 0.698880 0.342401 2 0.670171 0.346953 2
0 0.597232 0.348524 0.030410 0.013585 0.583119 0.345058 2 0.611345 0.341731 2 0.612437 0.353653 2 0.582027 0.355316 2
