0 0.615885 0.546759 0.138021 0.045370 0.546875 0.530556 2 0.684896 0.524074 2 0.684896 0.562037 2 0.546875 0.569444 2
0 0.534635 0.289577 0.028745 0.014171 0.520263 0.286786 2 0.548524 0.282492 2 0.549007 0.294086 2 0.520263 0.296663 2
0 0.717357 0.338405 0.031969 0.011921 0.701373 0.334385 2 0.732874 0.332444 2 0.733342 0.343811 2 0.702152 0.344365 2
0 0.642681 0.345789 0.030919 0.012883 0.628188 0.339777 2 0.658140 0.339348 2 0.658140 0.349654 2 0.627222 0.352230 2
0 0.606990 0.348726 0.027967 0.012189 0.593006 0.343915 2 0.620793 0.342632 2 0.620974 0.354179 2 0.593187 0.354821 2
0 0.535502 0.355655 0.027967 0.012189 0.522420 0.352448 2 0.548764 0.349560 2 0.549486 0.358863 2 0.521518 0.361750 2
0 0.466919 0.362584 0.027787 0.012189 0.454108 0.359376 2 0.480090 0.356489 2 0.480812 0.366433 2 0.453025 0.368678 2
0 0.299268 0.380002 0.026361 0.012189 0.286448 0.375190 2 0.311709 0.373907 2 0.312448 0.384815 2 0.286087 0.386096 2
0 0.236287 0.385455 0.024900 0.011548 0.223837 0.382247 2 0.248376 0.379681 2 0.248737 0.389304 2 0.224379 0.391229 2
0 0.950394 0.244316 0.030435 0.012453 0.935176 0.239807 2 0.965611 0.238089 2 0.965370 0.245819 2 0.935176 0.250543 2
0 0.909637 0.250176 0.032420 0.013912 0.893427 0.245704 2 0.925288 0.243220 2 0.925847 0.252163 2 0.893427 0.257132 2
0 0.793119 0.261450 0.031885 0.013312 0.777419 0.257370 2 0.808820 0.254794 2 0.809062 0.265100 2 0.777177 0.268106 2
0 0.750848 0.267440 0.031885 0.013268 0.734905 0.261235 2 0.765824 0.260806 2 0.766790 0.270683 2 0.735156 0.274074 2
0 0.677585 0.274977 0.030677 0.012883 0.662247 0.270682 2 0.692417 0.268536 2 0.692924 0.277124 2 0.663696 0.281418 2
0 0.640381 0.277982 0.031633 0.013743 0.625531 0.273689 2 0.655469 0.271111 2 0.656198 0.282315 2 0.624565 0.284854 2
0 0.602922 0.280774 0.028745 0.010306 0.589516 0.278197 2 0.616811 0.275621 2 0.617294 0.285927 2 0.588549 0.285927 2
0 0.570433 0.285498 0.029952 0.012883 0.555457 0.281633 2 0.584443 0.279056 2 0.585409 0.288504 2 0.556181 0.291939 2
0 0.431199 0.300902 0.025470 0.010392 0.418465 0.297933 2 0.443725 0.295706 2 0.443934 0.304985 2 0.418882 0.306098 2
0 0.393308 0.249350 0.022129 0.009279 0.382243 0.248051 2 0.403955 0.244711 2 0.404373 0.252134 2 0.382661 0.253990 2
0 0.396603 0.306673 0.026163 0.011548 0.383522 0.303145 2 0.408963 0.300899 2 0.409685 0.309560 2 0.384063 0.312447 2
0 0.299548 0.317259 0.025622 0.011548 0.287278 0.314051 2 0.311817 0.311485 2 0.312358 0.320787 2 0.286737 0.323032 2
0 0.268450 0.321077 0.024951 0.011921 0.255975 0.317335 2 0.280614 0.315117 2 0.280926 0.325374 2 0.256599 0.327038 2
0 0.237153 0.324251 0.024900 0.011869 0.224703 0.322808 2 0.249242 0.318317 2 0.249603 0.327299 2 0.224884 0.330186 2
0 0.204404 0.328582 0.023998 0.010906 0.192766 0.324411 2 0.216042 0.323129 2 0.216403 0.331469 2 0.192406 0.334035 2
0 0.176702 0.330814 0.024550 0.011521 0.164427 0.326944 2 0.188616 0.325053 2 0.188977 0.334997 2 0.164635 0.336574 2
0 0.264974 0.266113 0.020677 0.009995 0.254635 0.264074 2 0.275312 0.261116 2 0.274894 0.268167 2 0.254635 0.271111 2
