0 0.736979 0.599074 0.279167 0.077778 0.597396 0.569444 2 0.876563 0.560185 2 0.875521 0.632407 2 0.598437 0.637963 2
0 0.342105 0.314862 0.026559 0.011804 0.329757 0.312066 2 0.355035 0.308960 2 0.355385 0.317243 2 0.328825 0.320764 2
0 0.434781 0.296652 0.027791 0.014473 0.420890 0.294548 2 0.448316 0.289415 2 0.448677 0.299680 2 0.420885 0.303889 2
0 0.469282 0.289448 0.030313 0.015076 0.454126 0.286721 2 0.483717 0.281909 2 0.484439 0.292495 2 0.454306 0.296986 2
0 0.576627 0.267945 0.034238 0.015959 0.559508 0.264790 2 0.592494 0.259965 2 0.593746 0.269615 2 0.559508 0.275924 2
0 0.750268 0.313476 0.034361 0.015403 0.733087 0.310246 2 0.766625 0.305774 2 0.767448 0.316667 2 0.733087 0.321177 2
0 0.705020 0.319126 0.033612 0.015217 0.688214 0.314857 2 0.720991 0.311517 2 0.721826 0.322651 2 0.688423 0.326734 2
0 0.842638 0.297178 0.042030 0.016748 0.821623 0.293957 2 0.863652 0.288804 2 0.863652 0.301258 2 0.823072 0.305552 2
0 0.545553 0.344673 0.031402 0.013742 0.529852 0.340808 2 0.560288 0.337802 2 0.561254 0.348537 2 0.529852 0.351543 2
0 0.437097 0.360991 0.028986 0.016318 0.422845 0.357556 2 0.451107 0.352832 2 0.451590 0.365714 2 0.422603 0.369150 2
0 0.313266 0.382220 0.026514 0.012248 0.300636 0.378694 2 0.326314 0.376096 2 0.326523 0.385375 2 0.300009 0.388344 2
0 0.948123 0.197509 0.047344 0.021471 0.924451 0.196220 2 0.971312 0.186773 2 0.971795 0.198367 2 0.924451 0.208244 2
0 0.793523 0.226319 0.038613 0.017963 0.774217 0.223112 2 0.812289 0.217338 2 0.812830 0.229206 2 0.774758 0.235301 2
0 0.747225 0.235255 0.039131 0.017606 0.727659 0.232034 2 0.765099 0.226452 2 0.766790 0.235899 2 0.727659 0.244058 2
0 0.699697 0.243288 0.035005 0.016359 0.682195 0.241204 2 0.716839 0.235109 2 0.717200 0.245053 2 0.682556 0.251468 2
0 0.661680 0.251058 0.034238 0.015588 0.644561 0.248831 2 0.678799 0.243264 2 0.678799 0.253656 2 0.645396 0.258852 2
0 0.620917 0.258873 0.037199 0.016748 0.602318 0.259088 2 0.638309 0.250500 2 0.639517 0.262094 2 0.603526 0.267247 2
0 0.229062 0.336215 0.020729 0.010904 0.218857 0.333971 2 0.239427 0.330763 2 0.239427 0.338782 2 0.218698 0.341667 2
0 0.257300 0.331141 0.023548 0.011367 0.245838 0.328784 2 0.268762 0.325458 2 0.269074 0.333775 2 0.245526 0.336824 2
0 0.282626 0.326527 0.024795 0.013054 0.270696 0.323628 2 0.294844 0.320000 2 0.295024 0.328895 2 0.270228 0.333054 2
0 0.312876 0.320855 0.024664 0.012198 0.300544 0.318915 2 0.324716 0.314756 2 0.325208 0.323056 2 0.300544 0.326955 2
