0 0.669271 0.614352 0.252083 0.087963 0.543229 0.587037 2 0.793229 0.570370 2 0.795312 0.637037 2 0.543229 0.658333 2
0 0.159635 0.650463 0.258854 0.084259 0.030208 0.623148 2 0.288542 0.608333 2 0.289062 0.677778 2 0.033333 0.692593 2
0 0.416146 0.631944 0.254167 0.082407 0.289062 0.607407 2 0.541146 0.590741 2 0.543229 0.656481 2 0.290104 0.673148 2
0 0.916565 0.294191 0.023722 0.008866 0.905243 0.289997 2 0.928426 0.289758 2 0.928426 0.296947 2 0.904704 0.298624 2
0 0.790771 0.301395 0.026334 0.008876 0.778831 0.297512 2 0.803939 0.296958 2 0.803939 0.303611 2 0.777604 0.305833 2
0 0.761007 0.302760 0.026736 0.009302 0.748361 0.298108 2 0.774375 0.298426 2 0.772552 0.307130 2 0.747639 0.307411 2
0 0.728242 0.304684 0.025441 0.009302 0.716063 0.300033 2 0.740963 0.300033 2 0.740602 0.307732 2 0.715522 0.309335 2
0 0.634853 0.310441 0.025261 0.010763 0.622431 0.306544 2 0.646857 0.305059 2 0.647483 0.313595 2 0.622222 0.315822 2
0 0.476841 0.263384 0.021365 0.008317 0.466159 0.260334 2 0.487368 0.259226 2 0.487524 0.266156 2 0.466315 0.267543 2
0 0.215148 0.334606 0.026823 0.009149 0.201736 0.331141 2 0.228403 0.330032 2 0.228559 0.338072 2 0.202205 0.339181 2
0 0.317075 0.272173 0.019805 0.007763 0.307172 0.269123 2 0.326977 0.268291 2 0.326977 0.274390 2 0.307640 0.276054 2
0 0.378112 0.326262 0.025887 0.008594 0.366104 0.322242 2 0.390588 0.321964 2 0.391055 0.330282 2 0.365168 0.330559 2
0 0.347203 0.327676 0.025263 0.009426 0.334884 0.324071 2 0.359523 0.322962 2 0.359835 0.331002 2 0.334572 0.332389 2
0 0.314226 0.330000 0.025470 0.010392 0.301719 0.326667 2 0.326752 0.324804 2 0.326961 0.332227 2 0.301492 0.335196 2
0 0.341012 0.271618 0.019337 0.007763 0.331500 0.268292 2 0.350213 0.267737 2 0.350681 0.275222 2 0.331344 0.275499 2
0 0.250080 0.333082 0.025263 0.009981 0.237916 0.329478 2 0.262712 0.328091 2 0.262556 0.336409 2 0.237448 0.338072 2
0 0.473301 0.320232 0.024952 0.009454 0.460826 0.316641 2 0.485777 0.315505 2 0.485621 0.322713 2 0.460826 0.324959 2
0 0.440880 0.321826 0.024484 0.008594 0.428638 0.318083 2 0.453122 0.317529 2 0.453122 0.325846 2 0.429262 0.326123 2
0 0.280334 0.331695 0.024016 0.009981 0.268326 0.328646 2 0.292030 0.326705 2 0.292341 0.335577 2 0.268638 0.336686 2
0 0.367757 0.269677 0.021053 0.007763 0.357387 0.267182 2 0.377971 0.265796 2 0.378283 0.273559 2 0.357231 0.273559 2
0 0.421808 0.266572 0.021677 0.008040 0.411282 0.264216 2 0.432646 0.262552 2 0.432490 0.269761 2 0.410970 0.270592 2
0 0.411406 0.324043 0.025731 0.009149 0.399165 0.319469 2 0.424272 0.319469 2 0.424116 0.327786 2 0.398541 0.328618 2
0 0.447929 0.264632 0.020585 0.006931 0.437792 0.261444 2 0.458065 0.261166 2 0.458221 0.267543 2 0.437637 0.268097 2
