0 0.585938 0.539352 0.104167 0.032407 0.533854 0.527778 2 0.638021 0.523148 2 0.638021 0.550926 2 0.533854 0.555556 2
0 0.690885 0.533333 0.105729 0.035185 0.638021 0.522222 2 0.743750 0.515741 2 0.743750 0.543519 2 0.638542 0.550926 2
0 0.481771 0.546759 0.105208 0.034259 0.429167 0.535185 2 0.534375 0.529630 2 0.534375 0.557407 2 0.429688 0.563889 2
0 0.382919 0.293089 0.018736 0.009516 0.373551 0.288331 2 0.391786 0.289223 2 0.392287 0.296658 2 0.373719 0.297847 2
0 0.442131 0.342203 0.022248 0.007296 0.431007 0.339515 2 0.453039 0.338555 2 0.453255 0.345659 2 0.431007 0.345851 2
0 0.470643 0.339852 0.022555 0.008482 0.459366 0.337153 2 0.481776 0.335611 2 0.481921 0.343065 2 0.459366 0.344093 2
0 0.496412 0.337979 0.021816 0.009024 0.485612 0.334235 2 0.507104 0.333467 2 0.507320 0.340187 2 0.485504 0.342491 2
0 0.524484 0.335822 0.021842 0.008629 0.513563 0.332502 2 0.534845 0.331507 2 0.535405 0.338311 2 0.513936 0.340136 2
0 0.553850 0.333133 0.022869 0.007633 0.542508 0.329317 2 0.565097 0.329317 2 0.565284 0.335954 2 0.542415 0.336950 2
0 0.669111 0.323169 0.021743 0.009330 0.658740 0.318948 2 0.679983 0.318503 2 0.679733 0.326501 2 0.658240 0.327834 2
0 0.754346 0.317015 0.024117 0.009330 0.742288 0.313016 2 0.766405 0.312350 2 0.766405 0.319237 2 0.742537 0.321680 2
0 0.784610 0.315208 0.022896 0.007872 0.773378 0.311464 2 0.795842 0.311272 2 0.796058 0.318184 2 0.773162 0.319144 2
0 0.872670 0.307951 0.020868 0.007109 0.862361 0.304397 2 0.883104 0.304397 2 0.882979 0.311061 2 0.862236 0.311506 2
0 0.403483 0.291400 0.019861 0.007872 0.395270 0.287656 2 0.412885 0.287464 2 0.413414 0.295144 2 0.393553 0.295336 2
0 0.426914 0.289672 0.020952 0.008640 0.417518 0.285736 2 0.437390 0.285352 2 0.437282 0.293992 2 0.416438 0.292840 2
0 0.475062 0.285003 0.019869 0.009108 0.465128 0.280449 2 0.484371 0.280893 2 0.484996 0.289113 2 0.465378 0.289557 2
0 0.498429 0.283781 0.020118 0.008886 0.489870 0.279338 2 0.507989 0.280227 2 0.508489 0.287336 2 0.488370 0.288224 2
0 0.524543 0.280554 0.019953 0.008739 0.514567 0.276956 2 0.533507 0.276184 2 0.534520 0.284152 2 0.515290 0.284923 2
0 0.332483 0.350493 0.022868 0.008442 0.321674 0.346938 2 0.342792 0.346272 2 0.343917 0.353825 2 0.321050 0.354714 2
0 0.547098 0.278498 0.019663 0.007711 0.537267 0.276185 2 0.556785 0.274642 2 0.556930 0.281813 2 0.537556 0.282353 2
0 0.357663 0.348538 0.021243 0.008886 0.347041 0.345206 2 0.368159 0.344095 2 0.368284 0.352537 2 0.347166 0.352981 2
0 0.386403 0.346428 0.022243 0.008664 0.375282 0.343651 2 0.397400 0.342096 2 0.397525 0.349427 2 0.375407 0.350760 2
0 0.414769 0.344762 0.022493 0.008886 0.403523 0.340985 2 0.425266 0.340319 2 0.426015 0.347650 2 0.403523 0.349205 2
