1 0.700521 0.562500 0.094792 0.052778 0.653125 0.536111 2 0.747396 0.549074 2 0.747917 0.588889 2 0.653125 0.569444 2
0 0.813021 0.561111 0.131250 0.053704 0.747396 0.547222 2 0.878646 0.534259 2 0.878125 0.572222 2 0.747396 0.587963 2
0 0.936198 0.547685 0.117188 0.047222 0.877604 0.533333 2 0.994271 0.524074 2 0.994792 0.560185 2 0.878125 0.571296 2
0 0.355491 0.280799 0.021841 0.006807 0.344571 0.277705 2 0.366412 0.277396 2 0.366325 0.283893 2 0.344745 0.284203 2
0 0.410046 0.281221 0.022854 0.008770 0.398619 0.276836 2 0.421473 0.278267 2 0.420365 0.285606 2 0.399424 0.285606 2
0 0.486574 0.281665 0.021434 0.006420 0.475858 0.278455 2 0.497058 0.278455 2 0.497291 0.284875 2 0.476673 0.284461 2
0 0.585369 0.282224 0.020036 0.008491 0.575572 0.277979 2 0.595154 0.278807 2 0.595387 0.286470 2 0.575351 0.285227 2
0 0.250166 0.338879 0.029652 0.009105 0.235340 0.334326 2 0.264452 0.334326 2 0.264992 0.343192 2 0.236148 0.343431 2
0 0.883441 0.332299 0.015377 0.008284 0.875985 0.328779 2 0.891129 0.328157 2 0.891129 0.336441 2 0.875752 0.336441 2
0 0.592044 0.335453 0.024868 0.008770 0.580918 0.331068 2 0.603370 0.331068 2 0.604477 0.339838 2 0.579610 0.339659 2
0 0.561523 0.334846 0.023997 0.008905 0.549525 0.331015 2 0.573522 0.330394 2 0.573172 0.339299 2 0.550224 0.338056 2
0 0.533584 0.335668 0.023991 0.008626 0.522532 0.331355 2 0.545579 0.333032 2 0.545175 0.339981 2 0.521588 0.339981 2
0 0.415711 0.338100 0.025575 0.010535 0.402923 0.332832 2 0.428498 0.332832 2 0.428498 0.343367 2 0.403547 0.341149 2
0 0.444405 0.336575 0.024640 0.007485 0.432553 0.332832 2 0.456724 0.333109 2 0.456724 0.340040 2 0.432085 0.340318 2
0 0.317562 0.338263 0.025673 0.008591 0.304725 0.335220 2 0.330298 0.333968 2 0.330398 0.342022 2 0.305027 0.342559 2
0 0.350888 0.338097 0.027491 0.009941 0.337142 0.333127 2 0.364634 0.333956 2 0.364168 0.342446 2 0.338191 0.343068 2
0 0.384053 0.337822 0.025887 0.009981 0.371110 0.334219 2 0.396997 0.332832 2 0.396997 0.342813 2 0.371110 0.342258 2
0 0.474630 0.336554 0.023452 0.009584 0.463039 0.332720 2 0.486356 0.331762 2 0.485952 0.341347 2 0.462904 0.340867 2
0 0.506169 0.336075 0.024261 0.009105 0.494039 0.331762 2 0.517895 0.331522 2 0.518300 0.340148 2 0.494174 0.340628 2
0 0.303282 0.280799 0.021667 0.007425 0.292710 0.277087 2 0.313855 0.277860 2 0.314116 0.284512 2 0.292449 0.283429 2
0 0.329225 0.281186 0.021991 0.007580 0.318292 0.277860 2 0.339785 0.277396 2 0.340220 0.284976 2 0.318229 0.284074 2
