0 0.750000 0.539815 0.142708 0.035185 0.678646 0.522222 2 0.821354 0.522222 2 0.821354 0.556481 2 0.678646 0.557407 2
0 0.902604 0.533333 0.163542 0.044444 0.821354 0.516667 2 0.984375 0.511111 2 0.983333 0.550926 2 0.820833 0.555556 2
0 0.685712 0.250773 0.021295 0.012939 0.675729 0.249352 2 0.696359 0.244304 2 0.695820 0.252451 2 0.675064 0.257243 2
0 0.562316 0.279097 0.018755 0.009733 0.553171 0.277544 2 0.571343 0.274230 2 0.571693 0.280857 2 0.552938 0.283964 2
0 0.607513 0.268950 0.019454 0.010562 0.597786 0.267396 2 0.617007 0.263669 2 0.617240 0.270089 2 0.597786 0.274230 2
0 0.514881 0.340500 0.020968 0.010976 0.504397 0.338533 2 0.525365 0.335012 2 0.525365 0.341639 2 0.504397 0.345988 2
0 0.539985 0.336358 0.021317 0.010562 0.529675 0.334183 2 0.550643 0.331077 2 0.550643 0.339361 2 0.529326 0.341639 2
0 0.568058 0.331491 0.022715 0.011597 0.556817 0.329421 2 0.579067 0.325693 2 0.579416 0.334183 2 0.556701 0.337290 2
0 0.597006 0.326625 0.023997 0.010562 0.585590 0.324036 2 0.608655 0.321344 2 0.609004 0.328385 2 0.585008 0.331905 2
0 0.625721 0.321240 0.023880 0.010976 0.614013 0.318651 2 0.637544 0.315752 2 0.637661 0.323622 2 0.613780 0.326728 2
0 0.657006 0.314784 0.025263 0.010812 0.644530 0.312982 2 0.669326 0.309378 2 0.669638 0.317972 2 0.644374 0.320190 2
0 0.686714 0.310210 0.026043 0.013862 0.674004 0.307160 2 0.699267 0.303279 2 0.699735 0.312705 2 0.673692 0.317140 2
0 0.719692 0.304238 0.026909 0.013047 0.706587 0.302685 2 0.732448 0.297715 2 0.733147 0.305998 2 0.706238 0.310761 2
0 0.755926 0.297404 0.027387 0.013047 0.742233 0.296472 2 0.769619 0.290881 2 0.769619 0.299786 2 0.742361 0.303927 2
0 0.790180 0.291398 0.030637 0.012633 0.775782 0.287981 2 0.804683 0.285082 2 0.805498 0.295022 2 0.774861 0.297715 2
0 0.910809 0.270038 0.033528 0.014971 0.894668 0.268097 2 0.927105 0.262552 2 0.927573 0.273365 2 0.894044 0.277523 2
0 0.659834 0.257363 0.021565 0.012220 0.649320 0.255086 2 0.670346 0.251253 2 0.670616 0.259639 2 0.649051 0.263473 2
0 0.717053 0.244304 0.022230 0.011501 0.705938 0.243796 2 0.727359 0.238553 2 0.728168 0.245742 2 0.706064 0.250055 2
0 0.744341 0.237954 0.023722 0.013658 0.732481 0.237116 2 0.755259 0.231125 2 0.756202 0.240231 2 0.732481 0.244783 2
0 0.794769 0.252489 0.023236 0.011367 0.784087 0.250686 2 0.806387 0.246805 2 0.806231 0.254568 2 0.783151 0.258172 2
