1 0.596641 0.647917 0.100469 0.178611 0.546406 0.558611 2 0.646875 0.631481 2 0.646667 0.737222 2 0.646667 0.737222 2
0 0.821875 0.660648 0.347917 0.139815 0.648958 0.628704 2 0.995833 0.590741 2 0.995833 0.687037 2 0.647917 0.730556 2
0 0.278525 0.291662 0.032281 0.011367 0.262384 0.285979 2 0.294665 0.286256 2 0.294665 0.296237 2 0.262540 0.297346 2
0 0.615649 0.349411 0.030098 0.011644 0.601536 0.344421 2 0.630230 0.343589 2 0.630698 0.353847 2 0.600600 0.355233 2
0 0.514206 0.354168 0.025861 0.011804 0.501392 0.349715 2 0.526786 0.348266 2 0.527136 0.359449 2 0.501275 0.360070 2
0 0.476054 0.355099 0.032109 0.011654 0.460764 0.349272 2 0.491641 0.349827 2 0.492109 0.360639 2 0.460000 0.360926 2
0 0.439555 0.356342 0.029006 0.012476 0.425208 0.351213 2 0.454058 0.350104 2 0.453902 0.362580 2 0.425052 0.361194 2
0 0.401673 0.356897 0.029113 0.011501 0.387117 0.351865 2 0.415691 0.351147 2 0.416230 0.362408 2 0.387386 0.362648 2
0 0.362495 0.358972 0.030405 0.013424 0.347293 0.355123 2 0.377295 0.352260 2 0.377698 0.363536 2 0.347494 0.365684 2
0 0.318872 0.360916 0.029772 0.013472 0.304347 0.354821 2 0.332675 0.354179 2 0.333758 0.367652 2 0.303986 0.367010 2
0 0.284481 0.363578 0.030313 0.014435 0.270046 0.357964 2 0.299457 0.356361 2 0.299638 0.367588 2 0.269325 0.370795 2
0 0.239824 0.364957 0.036628 0.013793 0.221870 0.359664 2 0.258138 0.358061 2 0.257957 0.370571 2 0.221510 0.371854 2
0 0.777296 0.278310 0.024463 0.009112 0.765297 0.273754 2 0.789527 0.273754 2 0.789527 0.282866 2 0.765065 0.282659 2
0 0.746426 0.278414 0.024579 0.009112 0.734137 0.274065 2 0.758716 0.273858 2 0.758367 0.282970 2 0.734486 0.282556 2
0 0.716291 0.279843 0.024696 0.008698 0.703943 0.275701 2 0.728639 0.275494 2 0.728289 0.284192 2 0.703943 0.284192 2
0 0.579329 0.284066 0.027291 0.009981 0.565684 0.279631 2 0.592975 0.279076 2 0.592819 0.287947 2 0.565684 0.289056 2
0 0.546206 0.284454 0.028226 0.011644 0.532249 0.279741 2 0.560319 0.278632 2 0.560163 0.288335 2 0.532093 0.290276 2
0 0.473148 0.286475 0.029652 0.010543 0.458861 0.281204 2 0.487839 0.282402 2 0.487974 0.291747 2 0.458322 0.291507 2
0 0.434668 0.287458 0.029113 0.011741 0.420112 0.281587 2 0.449224 0.281827 2 0.449224 0.293328 2 0.420111 0.292610 2
0 0.400150 0.287698 0.031134 0.010543 0.384853 0.282426 2 0.415178 0.283624 2 0.415718 0.292011 2 0.384583 0.292969 2
0 0.360318 0.288074 0.029942 0.011889 0.345833 0.282130 2 0.375133 0.282652 2 0.375289 0.294019 2 0.345348 0.292910 2
0 0.318915 0.290969 0.032905 0.012199 0.302618 0.284870 2 0.334899 0.284870 2 0.335367 0.297068 2 0.302462 0.297068 2
0 0.153276 0.295830 0.032617 0.010355 0.136967 0.290653 2 0.169585 0.290653 2 0.169119 0.299972 2 0.137201 0.301007 2
0 0.114602 0.296376 0.035365 0.010586 0.096920 0.291083 2 0.131743 0.291404 2 0.132285 0.301669 2 0.097100 0.301348 2
