0 0.839063 0.549537 0.028125 0.050926 0.825000 0.537037 2 0.853125 0.524074 2 0.853125 0.558333 2 0.825521 0.575000 2
1 0.743750 0.551389 0.163542 0.037963 0.661979 0.532407 2 0.825521 0.537037 2 0.825521 0.570370 2 0.661979 0.564815 2
0 0.882682 0.525833 0.017344 0.035370 0.874010 0.517222 2 0.891146 0.508148 2 0.891354 0.534259 2 0.874479 0.543519 2
0 0.098742 0.369801 0.041861 0.013794 0.077812 0.362904 2 0.119672 0.367075 2 0.119311 0.376698 2 0.079796 0.373169 2
0 0.114459 0.223482 0.033397 0.015959 0.099216 0.215502 2 0.131157 0.222925 2 0.131157 0.231461 2 0.097760 0.224444 2
0 0.191803 0.244393 0.026667 0.016357 0.178625 0.236215 2 0.205136 0.243977 2 0.204357 0.252572 2 0.178470 0.244809 2
0 0.312715 0.276571 0.019570 0.012218 0.303163 0.270462 2 0.322500 0.275639 2 0.322383 0.282680 2 0.302930 0.277710 2
0 0.039967 0.279376 0.046347 0.020413 0.018047 0.269170 2 0.063141 0.278077 2 0.062932 0.289582 2 0.016794 0.279933 2
0 0.096566 0.290223 0.043320 0.017390 0.076024 0.281528 2 0.118226 0.288484 2 0.117387 0.298918 2 0.074906 0.293452 2
0 0.142261 0.298172 0.038569 0.017390 0.122977 0.289478 2 0.161545 0.295440 2 0.159868 0.306867 2 0.122977 0.299415 2
0 0.186235 0.306641 0.033561 0.014434 0.169635 0.299424 2 0.203015 0.305839 2 0.202474 0.313858 2 0.169454 0.308726 2
0 0.228258 0.314757 0.032478 0.015076 0.212921 0.307218 2 0.244497 0.313634 2 0.244497 0.322295 2 0.212019 0.317162 2
0 0.263064 0.321204 0.027426 0.014435 0.249350 0.313987 2 0.276416 0.318477 2 0.276777 0.328421 2 0.249712 0.323289 2
0 0.296489 0.327152 0.027537 0.014601 0.283204 0.319851 2 0.310258 0.325434 2 0.310258 0.334452 2 0.282721 0.331876 2
0 0.330281 0.334973 0.023591 0.012619 0.318486 0.328664 2 0.342076 0.333118 2 0.341867 0.341283 2 0.318694 0.337571 2
0 0.357470 0.339506 0.021783 0.010769 0.347289 0.334121 2 0.368361 0.338056 2 0.368245 0.344890 2 0.346578 0.342198 2
0 0.382278 0.344557 0.019543 0.009584 0.372911 0.339765 2 0.391511 0.342880 2 0.392050 0.349350 2 0.372507 0.346474 2
0 0.448968 0.358503 0.015500 0.006469 0.441488 0.355268 2 0.456718 0.357185 2 0.456583 0.361737 2 0.441218 0.361019 2
0 0.467422 0.362275 0.015127 0.009704 0.459859 0.357423 2 0.474674 0.360750 2 0.474986 0.367126 2 0.459859 0.364631 2
0 0.037427 0.363658 0.048350 0.016893 0.013811 0.355212 2 0.061602 0.359187 2 0.061602 0.372105 2 0.013252 0.367136 2
0 0.329508 0.394579 0.024008 0.012248 0.318339 0.388455 2 0.341304 0.389198 2 0.341512 0.400703 2 0.317504 0.396249 2
0 0.863387 0.538129 0.022223 0.045090 0.852517 0.523314 2 0.874498 0.515584 2 0.874498 0.544355 2 0.852275 0.560673 2
