0 0.823177 0.673611 0.353646 0.147222 0.651042 0.600000 2 0.000000 0.000000 0 0.000000 0.000000 0 0.646354 0.695370 2
0 0.536198 0.637500 0.222396 0.097222 0.425521 0.588889 2 0.646875 0.609259 2 0.647396 0.686111 2 0.425000 0.652778 2
0 0.359115 0.615741 0.127604 0.070370 0.295312 0.580556 2 0.422396 0.592593 2 0.422917 0.650926 2 0.295312 0.632407 2
0 0.653058 0.304465 0.024426 0.014103 0.641471 0.302981 2 0.665271 0.297414 2 0.665062 0.304837 2 0.640845 0.311517 2
0 0.622004 0.313110 0.021740 0.013742 0.611376 0.311822 2 0.632874 0.306239 2 0.632874 0.313539 2 0.611134 0.319981 2
0 0.595684 0.320625 0.021757 0.012453 0.584805 0.318263 2 0.606545 0.314398 2 0.606563 0.322963 2 0.585047 0.326851 2
0 0.567897 0.328784 0.021257 0.014171 0.557268 0.326852 2 0.578283 0.321698 2 0.578525 0.329857 2 0.557510 0.335869 2
0 0.712465 0.226151 0.024880 0.015030 0.700025 0.225937 2 0.724422 0.218636 2 0.724905 0.225937 2 0.700750 0.233666 2
0 0.684325 0.236457 0.022706 0.015030 0.673455 0.235384 2 0.695677 0.228943 2 0.695436 0.236672 2 0.672972 0.243972 2
0 0.660290 0.245046 0.021015 0.015030 0.649783 0.244831 2 0.670556 0.237531 2 0.670798 0.245690 2 0.650266 0.252561 2
0 0.759109 0.272658 0.032368 0.017177 0.742925 0.272658 2 0.774568 0.264069 2 0.775293 0.272658 2 0.743891 0.281246 2
0 0.720702 0.283823 0.029469 0.017177 0.706209 0.282964 2 0.735195 0.275235 2 0.735437 0.284252 2 0.705968 0.292412 2
0 0.687013 0.293136 0.025441 0.015076 0.674653 0.292335 2 0.699734 0.285598 2 0.699553 0.295221 2 0.674292 0.300675 2
