0 0.732812 0.602778 0.251042 0.066667 0.607292 0.569444 2 0.858333 0.572222 2 0.857292 0.636111 2 0.607292 0.629630 2
0 0.931510 0.606806 0.136979 0.076574 0.864062 0.568519 2 0.000000 0.000000 0 0.000000 0.000000 0 0.863021 0.636111 2
0 0.842638 0.267667 0.036448 0.016680 0.824414 0.266064 2 0.859418 0.259327 2 0.860862 0.268629 2 0.825136 0.276007 2
0 0.722619 0.232575 0.025679 0.014846 0.711241 0.229977 2 0.734832 0.225152 2 0.735458 0.232575 2 0.709780 0.239998 2
0 0.694122 0.239812 0.024217 0.013732 0.682849 0.237029 2 0.705813 0.232946 2 0.706231 0.240369 2 0.682014 0.246678 2
0 0.636085 0.253916 0.022965 0.012990 0.625020 0.253730 2 0.647358 0.247421 2 0.647567 0.254843 2 0.624602 0.260411 2
0 0.587233 0.266906 0.020459 0.010763 0.577421 0.266349 2 0.597254 0.261524 2 0.597463 0.268576 2 0.577003 0.272287 2
0 0.610197 0.261710 0.022547 0.012248 0.600176 0.260410 2 0.621053 0.255586 2 0.621471 0.262266 2 0.598924 0.267833 2
0 0.758314 0.222752 0.026106 0.013015 0.746732 0.220699 2 0.770740 0.216244 2 0.771367 0.223667 2 0.745260 0.229259 2
0 0.790365 0.214723 0.029645 0.015217 0.775542 0.213424 2 0.803935 0.207114 2 0.805187 0.214908 2 0.775542 0.222331 2
0 0.825333 0.204925 0.028184 0.014103 0.811241 0.203811 2 0.838590 0.197873 2 0.839425 0.206038 2 0.812076 0.211976 2
0 0.504016 0.339905 0.022193 0.011227 0.492919 0.338461 2 0.514932 0.334292 2 0.515113 0.341669 2 0.493461 0.345519 2
0 0.532615 0.334452 0.023096 0.011869 0.521608 0.331405 2 0.543982 0.328518 2 0.544163 0.336858 2 0.521067 0.340386 2
0 0.559049 0.328838 0.022194 0.011548 0.547952 0.327555 2 0.569424 0.323065 2 0.570145 0.330122 2 0.548132 0.334612 2
0 0.589993 0.322134 0.024720 0.011548 0.577633 0.319888 2 0.601090 0.316360 2 0.602353 0.324380 2 0.577633 0.327908 2
0 0.621389 0.315879 0.025802 0.011869 0.608488 0.314436 2 0.633749 0.309945 2 0.634290 0.317964 2 0.608668 0.321813 2
0 0.653145 0.308662 0.027967 0.012831 0.639162 0.306095 2 0.666227 0.302246 2 0.667129 0.310266 2 0.640425 0.315077 2
0 0.688150 0.301124 0.030493 0.013152 0.673444 0.300001 2 0.702675 0.294548 2 0.703396 0.300963 2 0.672903 0.307700 2
0 0.722557 0.293479 0.029645 0.012619 0.707734 0.291624 2 0.736962 0.287170 2 0.737379 0.296820 2 0.707734 0.299789 2
0 0.760114 0.285648 0.031733 0.015588 0.744247 0.285277 2 0.774937 0.277854 2 0.775980 0.285648 2 0.744456 0.293442 2
0 0.802724 0.275553 0.033194 0.014846 0.786127 0.274439 2 0.818694 0.268130 2 0.819321 0.277038 2 0.786335 0.282976 2
