0 0.549479 0.565278 0.142708 0.052778 0.478125 0.550000 2 0.620313 0.538889 2 0.620833 0.577778 2 0.478125 0.591667 2
0 0.232813 0.593519 0.175000 0.057407 0.145313 0.577778 2 0.319792 0.564815 2 0.320312 0.608333 2 0.146875 0.622222 2
0 0.399219 0.578241 0.155729 0.054630 0.321354 0.562963 2 0.477083 0.550926 2 0.477083 0.591667 2 0.321875 0.605556 2
0 0.427440 0.274185 0.022868 0.007997 0.416256 0.270186 2 0.438624 0.271074 2 0.438874 0.277517 2 0.416006 0.278183 2
0 0.528187 0.274976 0.019663 0.006426 0.518355 0.271763 2 0.537440 0.271763 2 0.538018 0.277675 2 0.518789 0.278189 2
0 0.130659 0.331421 0.029639 0.008739 0.116707 0.327052 2 0.145334 0.327308 2 0.145479 0.335534 2 0.115839 0.335791 2
0 0.168901 0.331678 0.027760 0.009253 0.155021 0.327308 2 0.182781 0.327051 2 0.182781 0.336048 2 0.155021 0.336305 2
0 0.201938 0.332063 0.027326 0.008996 0.188998 0.327565 2 0.215601 0.327823 2 0.215312 0.336562 2 0.188275 0.334762 2
0 0.237877 0.330811 0.025992 0.007775 0.225131 0.327145 2 0.250248 0.326923 2 0.250872 0.334032 2 0.224881 0.334698 2
0 0.401636 0.273518 0.019993 0.007553 0.392014 0.269742 2 0.411633 0.270630 2 0.411633 0.277295 2 0.391639 0.276628 2
0 0.263819 0.272876 0.023278 0.007233 0.252604 0.269259 2 0.274735 0.269810 2 0.275458 0.276493 2 0.252180 0.275208 2
0 0.272553 0.331366 0.026117 0.008886 0.259995 0.326923 2 0.284861 0.327145 2 0.285611 0.335809 2 0.259495 0.335365 2
0 0.304605 0.331255 0.026491 0.009108 0.291484 0.326701 2 0.317226 0.326923 2 0.317851 0.335809 2 0.291359 0.334698 2
0 0.338231 0.330621 0.025516 0.008017 0.326098 0.326612 2 0.350340 0.327056 2 0.350990 0.334630 2 0.325473 0.334387 2
0 0.367759 0.330055 0.024367 0.007998 0.355576 0.326056 2 0.379943 0.326057 2 0.379943 0.334054 2 0.355701 0.334054 2
0 0.399549 0.330144 0.024367 0.007775 0.387615 0.326478 2 0.411483 0.326256 2 0.411733 0.334032 2 0.387365 0.333810 2
0 0.631272 0.329550 0.022416 0.007435 0.621067 0.325833 2 0.642480 0.325832 2 0.642313 0.332673 2 0.620064 0.333267 2
0 0.658055 0.328763 0.022140 0.007296 0.646985 0.325115 2 0.668910 0.326075 2 0.669126 0.332411 2 0.647094 0.332027 2
0 0.682673 0.328748 0.020386 0.007454 0.672480 0.325021 2 0.692432 0.325021 2 0.692866 0.332475 2 0.672624 0.332218 2
0 0.291940 0.272766 0.023133 0.007968 0.280952 0.268782 2 0.302928 0.269810 2 0.303507 0.276750 2 0.280374 0.275208 2
0 0.238397 0.271941 0.021377 0.007997 0.227708 0.268796 2 0.248960 0.267942 2 0.249085 0.275051 2 0.227842 0.275940 2
0 0.347048 0.273198 0.021384 0.007488 0.336896 0.269454 2 0.357200 0.270030 2 0.357740 0.276750 2 0.336356 0.276942 2
0 0.373357 0.273064 0.021600 0.007872 0.362773 0.269512 2 0.383833 0.269128 2 0.384157 0.276424 2 0.362557 0.277000 2
