1 0.631510 0.562037 0.057812 0.055556 0.603125 0.534259 2 0.660417 0.550926 2 0.660417 0.589815 2 0.602604 0.565741 2
0 0.875260 0.544907 0.138021 0.054630 0.806250 0.529630 2 0.943750 0.517593 2 0.944271 0.559259 2 0.807292 0.572222 2
0 0.733854 0.560185 0.146875 0.055556 0.660417 0.547222 2 0.806771 0.532407 2 0.807292 0.573148 2 0.660937 0.587963 2
0 0.972135 0.534352 0.055729 0.047963 0.944271 0.517593 2 0.000000 0.000000 0 0.000000 0.000000 0 0.944271 0.558333 2
0 0.340092 0.282375 0.021365 0.007485 0.329722 0.278910 2 0.350619 0.278632 2 0.350774 0.286118 2 0.329410 0.285563 2
0 0.363718 0.281959 0.020585 0.006654 0.353426 0.278632 2 0.373699 0.278632 2 0.374010 0.284454 2 0.354049 0.285286 2
0 0.389839 0.279880 0.020741 0.007485 0.379469 0.277523 2 0.400053 0.276137 2 0.400209 0.283622 2 0.379780 0.283622 2
0 0.442445 0.277826 0.019139 0.008147 0.433010 0.274950 2 0.451745 0.273752 2 0.452014 0.281180 2 0.432875 0.281899 2
0 0.919890 0.307096 0.018638 0.008077 0.911037 0.304715 2 0.929093 0.303058 2 0.929209 0.310099 2 0.910571 0.311134 2
0 0.817142 0.313331 0.021042 0.009665 0.806823 0.309572 2 0.827462 0.308498 2 0.827663 0.316194 2 0.806621 0.318163 2
0 0.706156 0.320081 0.021201 0.009526 0.696138 0.315525 2 0.716757 0.315317 2 0.716407 0.324015 2 0.695556 0.324844 2
0 0.592225 0.324875 0.022955 0.008591 0.580848 0.322191 2 0.603299 0.320580 2 0.603702 0.327739 2 0.580747 0.329171 2
0 0.562424 0.327649 0.022955 0.008412 0.551349 0.324517 2 0.573599 0.323443 2 0.573901 0.330066 2 0.550946 0.331856 2
0 0.534254 0.328831 0.022955 0.008770 0.522776 0.325341 2 0.545630 0.324446 2 0.545731 0.332142 2 0.522877 0.333216 2
0 0.503345 0.330800 0.023559 0.008770 0.491666 0.327130 2 0.514219 0.326414 2 0.515125 0.333932 2 0.491566 0.335185 2
0 0.473062 0.332734 0.022599 0.007662 0.461995 0.329110 2 0.484128 0.328903 2 0.484361 0.336151 2 0.461762 0.336565 2
0 0.445163 0.334391 0.023880 0.009319 0.433222 0.330352 2 0.456637 0.329731 2 0.457103 0.338222 2 0.433339 0.339050 2
0 0.413298 0.336044 0.024163 0.009486 0.401216 0.332554 2 0.424976 0.331301 2 0.425379 0.339713 2 0.401317 0.340787 2
0 0.382691 0.337386 0.024968 0.009307 0.370207 0.333269 2 0.394974 0.332733 2 0.395175 0.341145 2 0.370811 0.342040 2
0 0.351028 0.338491 0.024113 0.008905 0.338971 0.335902 2 0.362618 0.334039 2 0.363084 0.342115 2 0.339437 0.342943 2
0 0.318122 0.340952 0.025069 0.008652 0.305588 0.337345 2 0.330657 0.336626 2 0.330387 0.344294 2 0.305729 0.345278 2
0 0.518637 0.273584 0.020622 0.009584 0.508730 0.270470 2 0.528543 0.268792 2 0.528947 0.277179 2 0.508326 0.278377 2
0 0.466699 0.276388 0.019960 0.006709 0.456719 0.273333 2 0.476275 0.273033 2 0.476679 0.279742 2 0.457271 0.279742 2
0 0.495414 0.274112 0.017522 0.009824 0.486923 0.269199 2 0.503635 0.269679 2 0.504175 0.279024 2 0.486653 0.279024 2
