0 0.835677 0.553241 0.174479 0.047222 0.748958 0.535185 2 0.922917 0.529630 2 0.922917 0.571296 2 0.748437 0.576852 2
0 0.534635 0.561111 0.128646 0.037037 0.470313 0.544444 2 0.598958 0.542593 2 0.598958 0.576852 2 0.470313 0.579630 2
0 0.673437 0.556944 0.150000 0.041667 0.598437 0.537963 2 0.747917 0.536111 2 0.748437 0.575926 2 0.598437 0.577778 2
0 0.506127 0.287651 0.018043 0.009623 0.497286 0.285727 2 0.515149 0.282840 2 0.515149 0.289897 2 0.497105 0.292463 2
0 0.527779 0.283802 0.018404 0.010906 0.518577 0.281878 2 0.536801 0.278349 2 0.536981 0.287330 2 0.518577 0.289255 2
0 0.549071 0.279315 0.019848 0.011555 0.539147 0.277707 2 0.558273 0.273537 2 0.558995 0.282519 2 0.539167 0.285093 2
0 0.427187 0.351485 0.022193 0.008982 0.416090 0.350202 2 0.438284 0.346994 2 0.437923 0.353730 2 0.416632 0.355976 2
0 0.453621 0.347315 0.019487 0.008982 0.443877 0.346352 2 0.463364 0.342824 2 0.463364 0.350202 2 0.443877 0.351806 2
0 0.477528 0.344909 0.020389 0.009302 0.467695 0.343466 2 0.487723 0.340258 2 0.487723 0.346353 2 0.467334 0.349560 2
0 0.505947 0.340739 0.020209 0.009302 0.495842 0.338334 2 0.515510 0.336088 2 0.516051 0.342183 2 0.495842 0.345390 2
0 0.533475 0.335567 0.022338 0.011505 0.522306 0.332784 2 0.544644 0.329814 2 0.544644 0.337980 2 0.522515 0.341320 2
0 0.561450 0.332412 0.025261 0.011134 0.549863 0.329814 2 0.574080 0.326845 2 0.573454 0.332784 2 0.548819 0.337980 2
0 0.591617 0.326851 0.024880 0.010736 0.580143 0.324919 2 0.604057 0.321484 2 0.604057 0.329643 2 0.579177 0.332219 2
0 0.620552 0.322689 0.024217 0.010021 0.608653 0.320647 2 0.632661 0.317678 2 0.632661 0.326214 2 0.608444 0.327699 2
0 0.650469 0.317678 0.027349 0.010021 0.637630 0.316750 2 0.663934 0.312668 2 0.664143 0.318977 2 0.636794 0.322689 2
0 0.948882 0.273475 0.036117 0.011877 0.930824 0.271248 2 0.966941 0.267537 2 0.966106 0.276073 2 0.931241 0.279413 2
