1 0.738333 0.546389 0.166146 0.036481 0.656250 0.528148 2 0.820833 0.528611 2 0.821406 0.564630 2 0.655260 0.559630 2
0 0.828542 0.541944 0.013958 0.046481 0.821563 0.528796 2 0.835417 0.518704 2 0.835521 0.553519 2 0.821875 0.565185 2
0 0.258860 0.267958 0.020741 0.012476 0.248489 0.261721 2 0.268918 0.266988 2 0.269230 0.274196 2 0.248489 0.268929 2
0 0.127241 0.228951 0.031813 0.018298 0.111490 0.219803 2 0.142056 0.228397 2 0.143148 0.238100 2 0.111335 0.229783 2
0 0.037036 0.202030 0.038289 0.019378 0.017891 0.192341 2 0.056180 0.202279 2 0.056180 0.211719 2 0.018450 0.202279 2
0 0.850684 0.521378 0.008896 0.033809 0.846506 0.510728 2 0.855132 0.504474 2 0.846236 0.538283 2 0.846236 0.538283 2
0 0.840845 0.531442 0.011052 0.042387 0.835319 0.518635 2 0.846371 0.510249 2 0.835858 0.552636 2 0.835858 0.552636 2
0 0.280088 0.390320 0.025604 0.011594 0.267527 0.384523 2 0.292890 0.387100 2 0.292890 0.396118 2 0.267286 0.393112 2
0 0.403028 0.356114 0.017241 0.009733 0.394408 0.351248 2 0.411532 0.354975 2 0.411649 0.360981 2 0.394641 0.358082 2
0 0.334681 0.340629 0.021550 0.011259 0.323906 0.335000 2 0.345052 0.339310 2 0.345456 0.346259 2 0.324430 0.341706 2
0 0.308435 0.335189 0.022144 0.012198 0.297363 0.329090 2 0.318728 0.333248 2 0.319507 0.341288 2 0.297831 0.336575 2
0 0.279104 0.328229 0.025983 0.014114 0.266113 0.321172 2 0.292096 0.327267 2 0.291915 0.335286 2 0.266113 0.330154 2
0 0.243884 0.320530 0.028148 0.015077 0.230531 0.312992 2 0.257957 0.318766 2 0.257777 0.328069 2 0.229810 0.321974 2
0 0.206588 0.312062 0.030674 0.015718 0.191792 0.304203 2 0.221925 0.310619 2 0.221925 0.319921 2 0.191251 0.314789 2
0 0.169479 0.305037 0.034270 0.016039 0.152872 0.297018 2 0.186614 0.304075 2 0.186433 0.313056 2 0.152344 0.307315 2
0 0.121048 0.295191 0.039407 0.016893 0.101345 0.286745 2 0.140752 0.295191 2 0.140472 0.303638 2 0.101345 0.297179 2
0 0.070711 0.283780 0.042996 0.022759 0.049213 0.272400 2 0.092209 0.282277 2 0.091485 0.295160 2 0.049696 0.285712 2
