0 0.889844 0.559259 0.134896 0.064815 0.822396 0.544444 2 0.956771 0.526852 2 0.957292 0.571296 2 0.822917 0.591667 2
1 0.608333 0.582407 0.092708 0.074074 0.561979 0.545370 2 0.654687 0.567593 2 0.654167 0.619444 2 0.561979 0.585185 2
0 0.739062 0.582407 0.166667 0.074074 0.655729 0.566667 2 0.822396 0.545370 2 0.821875 0.595370 2 0.655729 0.619444 2
0 0.292622 0.326178 0.027603 0.008317 0.278821 0.322020 2 0.306423 0.322574 2 0.305800 0.329505 2 0.278977 0.330337 2
0 0.328506 0.325880 0.027348 0.007794 0.314832 0.322354 2 0.341554 0.321983 2 0.342180 0.329777 2 0.315458 0.329777 2
0 0.256213 0.326279 0.029449 0.009849 0.241730 0.321355 2 0.270469 0.322222 2 0.270938 0.331204 2 0.241488 0.328655 2
0 0.362032 0.327106 0.025802 0.008340 0.350033 0.322937 2 0.374753 0.322936 2 0.374933 0.329993 2 0.349131 0.331276 2
0 0.516105 0.325880 0.027557 0.008165 0.503997 0.322169 2 0.529884 0.321798 2 0.528214 0.328850 2 0.502327 0.329963 2
0 0.484618 0.326191 0.025474 0.009800 0.474037 0.321291 2 0.497355 0.322010 2 0.496546 0.331091 2 0.471881 0.330133 2
0 0.457967 0.326851 0.024638 0.009018 0.445648 0.323631 2 0.470044 0.322342 2 0.470286 0.330931 2 0.445889 0.331360 2
0 0.423350 0.326474 0.025470 0.009278 0.410615 0.321835 2 0.435249 0.322948 2 0.436085 0.331113 2 0.411659 0.330000 2
0 0.391533 0.326697 0.026305 0.007423 0.380051 0.322985 2 0.404268 0.322985 2 0.404686 0.329666 2 0.378381 0.330408 2
0 0.244519 0.264344 0.025052 0.010764 0.232619 0.258963 2 0.256836 0.261561 2 0.257045 0.269726 2 0.231993 0.267871 2
0 0.270197 0.265087 0.024635 0.008536 0.257880 0.260819 2 0.282097 0.262303 2 0.282514 0.269355 2 0.257880 0.268984 2
0 0.301538 0.267814 0.025433 0.011925 0.289381 0.261852 2 0.312857 0.262349 2 0.314255 0.273777 2 0.288822 0.271292 2
0 0.359307 0.268661 0.020209 0.009944 0.349203 0.263689 2 0.369051 0.264973 2 0.369412 0.273633 2 0.349744 0.272671 2
0 0.386192 0.269624 0.022374 0.008019 0.375006 0.265614 2 0.395936 0.265935 2 0.397379 0.273633 2 0.375186 0.273633 2
0 0.415757 0.269677 0.019181 0.008595 0.406635 0.265380 2 0.424880 0.266212 2 0.425348 0.273975 2 0.406167 0.272866 2
0 0.440237 0.269695 0.018358 0.009018 0.431058 0.265186 2 0.448933 0.266045 2 0.449416 0.274204 2 0.431058 0.274204 2
0 0.468257 0.271413 0.018358 0.009018 0.459078 0.266904 2 0.476953 0.266904 2 0.477436 0.275063 2 0.460044 0.275922 2
0 0.541240 0.272222 0.021111 0.006416 0.530684 0.269014 2 0.551795 0.269014 2 0.551615 0.275430 2 0.531045 0.275109 2
0 0.215159 0.326079 0.036716 0.010306 0.196801 0.320926 2 0.233517 0.322214 2 0.233275 0.330802 2 0.197526 0.331232 2
