0 0.871615 0.550000 0.186979 0.044444 0.778125 0.531481 2 0.965104 0.527778 2 0.964583 0.570370 2 0.778646 0.572222 2
0 0.700260 0.553241 0.151562 0.039815 0.624479 0.535185 2 0.776042 0.533333 2 0.776042 0.571296 2 0.625000 0.573148 2
0 0.563802 0.554630 0.124479 0.035185 0.501563 0.537963 2 0.626042 0.537037 2 0.626042 0.571296 2 0.501563 0.572222 2
0 0.554409 0.333220 0.022768 0.011921 0.543805 0.331696 2 0.565793 0.327260 2 0.565793 0.334745 2 0.543025 0.339181 2
0 0.527141 0.339022 0.020756 0.009584 0.516763 0.336866 2 0.537250 0.334230 2 0.537519 0.340939 2 0.516763 0.343815 2
0 0.583103 0.327814 0.023392 0.009981 0.571719 0.326982 2 0.594799 0.322824 2 0.594799 0.330032 2 0.571407 0.332804 2
0 0.611916 0.321878 0.023096 0.012189 0.600368 0.319953 2 0.623464 0.315783 2 0.623464 0.324444 2 0.600729 0.327972 2
0 0.706843 0.305165 0.027606 0.011548 0.693039 0.302600 2 0.720465 0.299391 2 0.720646 0.307090 2 0.693039 0.310939 2
0 0.652394 0.257051 0.020756 0.012699 0.642016 0.255734 2 0.662637 0.250702 2 0.662772 0.260286 2 0.642015 0.263401 2
0 0.673192 0.312062 0.024900 0.012510 0.660742 0.309335 2 0.685281 0.305807 2 0.685642 0.313826 2 0.661644 0.318317 2
0 0.643985 0.316891 0.025419 0.011921 0.631898 0.315089 2 0.655914 0.310930 2 0.656694 0.318139 2 0.631275 0.322852 2
0 0.737787 0.238573 0.024359 0.011869 0.726149 0.237129 2 0.749425 0.232639 2 0.749967 0.239696 2 0.725608 0.244507 2
0 0.709639 0.245021 0.022374 0.010585 0.698452 0.244218 2 0.719744 0.239728 2 0.720826 0.246464 2 0.698452 0.250313 2
0 0.555254 0.280583 0.018738 0.010500 0.546066 0.279769 2 0.564312 0.275333 2 0.564624 0.281710 2 0.545885 0.285833 2
0 0.576631 0.275472 0.018402 0.010258 0.567742 0.274778 2 0.585676 0.270343 2 0.585832 0.275888 2 0.567431 0.280601 2
0 0.599400 0.269927 0.020585 0.009703 0.589107 0.267848 2 0.609224 0.265075 2 0.609692 0.271452 2 0.590199 0.274779 2
0 0.476800 0.347169 0.019004 0.009584 0.467568 0.345252 2 0.486303 0.342377 2 0.486303 0.348367 2 0.467298 0.351961 2
0 0.503285 0.342257 0.021026 0.009345 0.493311 0.341418 2 0.513798 0.337585 2 0.513528 0.344054 2 0.492772 0.346929 2
