0 0.672135 0.658333 0.283854 0.157407 0.530208 0.633333 2 0.811979 0.579630 2 0.814063 0.663889 2 0.531771 0.737037 2
1 0.476224 0.653009 0.107969 0.171389 0.422240 0.567315 2 0.528490 0.634444 2 0.530208 0.738704 2 0.530208 0.738704 2
0 0.870313 0.495833 0.050000 0.026852 0.845313 0.487963 2 0.895312 0.482407 2 0.895312 0.502778 2 0.845313 0.509259 2
1 0.804948 0.500463 0.082812 0.023148 0.763542 0.490741 2 0.845313 0.488889 2 0.846354 0.511111 2 0.764062 0.512037 2
0 0.620933 0.303720 0.020502 0.008491 0.610798 0.299475 2 0.631184 0.300925 2 0.630951 0.307966 2 0.610682 0.306723 2
0 0.595538 0.301794 0.020386 0.009734 0.585345 0.296927 2 0.605731 0.298377 2 0.605615 0.306661 2 0.585573 0.304352 2
0 0.041060 0.344678 0.051425 0.016893 0.015907 0.336231 2 0.065655 0.338716 2 0.066773 0.353125 2 0.015348 0.351634 2
0 0.101009 0.347659 0.040525 0.014906 0.080747 0.341200 2 0.121272 0.340207 2 0.121272 0.354615 2 0.081306 0.355112 2
0 0.147683 0.349399 0.037730 0.017390 0.129377 0.340704 2 0.165151 0.342194 2 0.166548 0.358093 2 0.128818 0.355609 2
0 0.203719 0.349398 0.036333 0.016396 0.185553 0.341200 2 0.219929 0.342691 2 0.221886 0.357597 2 0.185553 0.355112 2
0 0.250657 0.349077 0.032985 0.015588 0.234164 0.341283 2 0.267149 0.343510 2 0.267149 0.356871 2 0.234581 0.355386 2
0 0.292177 0.351434 0.029652 0.014377 0.277351 0.344246 2 0.306733 0.345923 2 0.307003 0.358623 2 0.277486 0.356706 2
0 0.335149 0.352433 0.032905 0.011644 0.318696 0.346611 2 0.350977 0.349106 2 0.351601 0.358255 2 0.319320 0.357700 2
0 0.377234 0.354676 0.028090 0.011276 0.363391 0.349038 2 0.390876 0.349933 2 0.391279 0.359956 2 0.363190 0.360314 2
0 0.478391 0.357305 0.026282 0.010542 0.465250 0.352034 2 0.491128 0.352992 2 0.491532 0.362097 2 0.465250 0.362576 2
0 0.568444 0.299785 0.021832 0.008872 0.557684 0.295350 2 0.579360 0.296736 2 0.579360 0.304221 2 0.557528 0.302835 2
0 0.479477 0.292976 0.026704 0.010265 0.466125 0.287844 2 0.492107 0.290410 2 0.492829 0.298108 2 0.466125 0.297146 2
0 0.443372 0.288998 0.029772 0.012831 0.429027 0.282583 2 0.458077 0.285791 2 0.458258 0.295414 2 0.428486 0.294131 2
0 0.332342 0.281377 0.031657 0.014694 0.316513 0.274030 2 0.347702 0.277634 2 0.348170 0.288724 2 0.316825 0.284842 2
0 0.289425 0.276200 0.034463 0.014435 0.272194 0.268982 2 0.306115 0.274435 2 0.306657 0.283417 2 0.272374 0.280851 2
0 0.249008 0.273633 0.037350 0.013152 0.230333 0.267057 2 0.266600 0.270265 2 0.267683 0.280209 2 0.230874 0.278926 2
0 0.201193 0.270105 0.039154 0.014434 0.181616 0.262888 2 0.220409 0.266416 2 0.220770 0.277322 2 0.182157 0.275077 2
0 0.094105 0.262887 0.046913 0.016680 0.070648 0.254547 2 0.117561 0.259038 2 0.117561 0.271228 2 0.070648 0.267058 2
0 0.147964 0.266577 0.041320 0.015076 0.127305 0.259039 2 0.167902 0.261925 2 0.168624 0.274115 2 0.127305 0.271228 2
