0 0.826562 0.593981 0.292708 0.078704 0.680208 0.565741 2 0.972917 0.554630 2 0.972917 0.627778 2 0.681250 0.633333 2
0 0.577561 0.345422 0.030674 0.016359 0.562585 0.342375 2 0.592718 0.337243 2 0.592898 0.347828 2 0.562224 0.353602 2
0 0.790656 0.308987 0.035266 0.017606 0.773022 0.305338 2 0.807564 0.300184 2 0.808289 0.313496 2 0.773989 0.317791 2
0 0.888847 0.292591 0.044026 0.020209 0.866834 0.287940 2 0.910319 0.282487 2 0.910860 0.297242 2 0.867195 0.302695 2
0 0.319518 0.329607 0.022133 0.011183 0.308568 0.327950 2 0.330002 0.324015 2 0.330584 0.332092 2 0.308451 0.335198 2
0 0.347923 0.324485 0.021700 0.013623 0.337073 0.322968 2 0.358368 0.317673 2 0.358772 0.325604 2 0.337188 0.331296 2
0 0.377108 0.316858 0.023597 0.010783 0.365714 0.315300 2 0.388492 0.311467 2 0.388906 0.319630 2 0.365309 0.322250 2
0 0.502058 0.290836 0.029921 0.015096 0.488041 0.288320 2 0.516750 0.283289 2 0.517019 0.291915 2 0.487098 0.298384 2
0 0.609975 0.267033 0.032851 0.018036 0.593791 0.264026 2 0.624951 0.258015 2 0.626401 0.271327 2 0.593550 0.276050 2
0 0.654625 0.257434 0.036267 0.017001 0.636671 0.255670 2 0.672217 0.248934 2 0.672759 0.257916 2 0.636491 0.265935 2
0 0.696955 0.247426 0.035906 0.017322 0.679182 0.247106 2 0.714367 0.238765 2 0.714908 0.248389 2 0.679002 0.256087 2
0 0.737588 0.238476 0.036326 0.016330 0.719425 0.236992 2 0.754916 0.230311 2 0.755751 0.239961 2 0.720260 0.246641 2
0 0.785751 0.229569 0.040084 0.018557 0.765709 0.228084 2 0.804957 0.220290 2 0.805793 0.230682 2 0.765709 0.238847 2
0 0.834853 0.219807 0.041127 0.020784 0.814289 0.219066 2 0.854582 0.209415 2 0.855417 0.220550 2 0.814289 0.230199 2
0 0.348806 0.384525 0.023817 0.012189 0.337258 0.382279 2 0.360174 0.378430 2 0.360715 0.387732 2 0.336898 0.390619 2
0 0.741429 0.317270 0.034864 0.015217 0.723997 0.314115 2 0.757818 0.309661 2 0.758861 0.319682 2 0.724832 0.324878 2
0 0.268032 0.339886 0.021124 0.010227 0.257470 0.337980 2 0.278220 0.334773 2 0.278594 0.342130 2 0.258177 0.345000 2
0 0.294425 0.334680 0.022504 0.010562 0.283173 0.332506 2 0.305539 0.329400 2 0.305677 0.337870 2 0.283289 0.339961 2
