1 0.237760 0.590278 0.121354 0.067593 0.177083 0.586111 2 0.297396 0.556481 2 0.298438 0.589815 2 0.177604 0.624074 2
0 0.120833 0.604630 0.116667 0.046296 0.062500 0.586111 2 0.178646 0.581481 2 0.179167 0.624074 2 0.063542 0.627778 2
0 0.367867 0.331566 0.025288 0.013004 0.356268 0.329151 2 0.380511 0.325064 2 0.380511 0.332866 2 0.355223 0.338068 2
0 0.339026 0.336210 0.025288 0.011146 0.326801 0.333981 2 0.351670 0.330637 2 0.351252 0.338439 2 0.326382 0.341783 2
0 0.395454 0.326924 0.024033 0.011151 0.383646 0.325064 2 0.406634 0.321349 2 0.407470 0.328036 2 0.383438 0.332500 2
0 0.423667 0.320977 0.026542 0.011889 0.412486 0.318748 2 0.436938 0.315033 2 0.436520 0.323950 2 0.410396 0.326922 2
0 0.489544 0.308854 0.027698 0.010942 0.475695 0.307362 2 0.502834 0.303383 2 0.503393 0.313331 2 0.476535 0.314325 2
0 0.519720 0.304681 0.027816 0.014450 0.505812 0.301951 2 0.533628 0.297456 2 0.533447 0.306768 2 0.506353 0.311906 2
0 0.555895 0.299725 0.030303 0.011146 0.541788 0.296381 2 0.569374 0.294152 2 0.571046 0.303069 2 0.540743 0.305298 2
0 0.625586 0.287128 0.030951 0.014616 0.610110 0.283689 2 0.641061 0.279820 2 0.641061 0.289707 2 0.610594 0.294436 2
0 0.662268 0.281024 0.025631 0.012037 0.649452 0.278444 2 0.674600 0.275005 2 0.675084 0.283603 2 0.650419 0.287042 2
0 0.368915 0.392056 0.023662 0.016056 0.357084 0.385955 2 0.380385 0.384028 2 0.380746 0.398157 2 0.357446 0.400084 2
0 0.459589 0.377798 0.034499 0.017019 0.442340 0.372179 2 0.475936 0.369289 2 0.476839 0.382455 2 0.443062 0.386308 2
