0 0.910937 0.511111 0.040625 0.037037 0.890625 0.501852 2 0.931250 0.492593 2 0.930729 0.517593 2 0.890625 0.529630 2
1 0.703385 0.539815 0.140104 0.044444 0.633333 0.517593 2 0.773438 0.525926 2 0.772917 0.562037 2 0.633333 0.550000 2
0 0.807552 0.536111 0.068229 0.050000 0.773438 0.523148 2 0.841667 0.511111 2 0.841667 0.545370 2 0.773958 0.561111 2
0 0.865625 0.523148 0.050000 0.042593 0.840625 0.510185 2 0.890625 0.501852 2 0.890625 0.533333 2 0.840625 0.544444 2
0 0.121928 0.286817 0.038974 0.015717 0.103343 0.278959 2 0.141234 0.285053 2 0.141415 0.294676 2 0.102441 0.290506 2
0 0.168660 0.292154 0.037199 0.013742 0.150544 0.285283 2 0.187260 0.289148 2 0.186535 0.299025 2 0.150061 0.296019 2
0 0.211657 0.298939 0.035025 0.014600 0.195110 0.291639 2 0.229169 0.294215 2 0.228686 0.306239 2 0.194144 0.301086 2
0 0.248855 0.302589 0.030677 0.014171 0.233517 0.295503 2 0.262503 0.299798 2 0.264194 0.309674 2 0.233517 0.305380 2
0 0.286126 0.306878 0.029228 0.012248 0.271512 0.300754 2 0.299279 0.304465 2 0.300740 0.313002 2 0.271721 0.308919 2
0 0.322744 0.311962 0.030063 0.013361 0.310635 0.305282 2 0.337775 0.308622 2 0.337358 0.318643 2 0.307713 0.314189 2
0 0.352167 0.315738 0.027436 0.012227 0.338449 0.309625 2 0.365154 0.312511 2 0.365885 0.321852 2 0.339532 0.318927 2
0 0.384006 0.319935 0.025861 0.010769 0.371075 0.314551 2 0.396470 0.317036 2 0.396936 0.325320 2 0.371076 0.322835 2
0 0.413790 0.323088 0.022913 0.011262 0.402334 0.317457 2 0.424573 0.320812 2 0.425247 0.328719 2 0.403008 0.326083 2
0 0.440423 0.327006 0.021026 0.009560 0.430718 0.322226 2 0.450936 0.324142 2 0.450801 0.331786 2 0.429910 0.329653 2
0 0.509296 0.336602 0.015769 0.008626 0.501411 0.332289 2 0.517181 0.334206 2 0.517046 0.340915 2 0.501816 0.339478 2
0 0.166669 0.365148 0.035282 0.013361 0.149028 0.358467 2 0.183266 0.360694 2 0.184310 0.371828 2 0.149237 0.368859 2
0 0.294117 0.249319 0.022735 0.012831 0.284012 0.242904 2 0.305484 0.247394 2 0.304943 0.255734 2 0.282749 0.251885 2
0 0.230719 0.236695 0.027349 0.011876 0.218715 0.230756 2 0.244185 0.236323 2 0.244393 0.242633 2 0.217045 0.240406 2
0 0.121554 0.216987 0.029228 0.013732 0.107358 0.210121 2 0.135541 0.214574 2 0.136168 0.223853 2 0.106940 0.220513 2
0 0.042119 0.202272 0.034924 0.018396 0.024657 0.193074 2 0.059581 0.199972 2 0.059581 0.211470 2 0.024981 0.203997 2
