1 0.394010 0.535648 0.024479 0.028704 0.381771 0.529630 2 0.406250 0.521296 2 0.406250 0.539815 2 0.382292 0.550000 2
0 0.342448 0.542130 0.077604 0.026852 0.303646 0.532407 2 0.381250 0.528704 2 0.381250 0.551852 2 0.304167 0.555556 2
0 0.186458 0.554167 0.078125 0.025000 0.147396 0.545370 2 0.225000 0.541667 2 0.225521 0.562963 2 0.147917 0.566667 2
0 0.264323 0.547685 0.077604 0.025000 0.225521 0.538889 2 0.303125 0.535185 2 0.303125 0.556481 2 0.226042 0.560185 2
0 0.756689 0.317885 0.022039 0.008491 0.745669 0.314468 2 0.767453 0.313640 2 0.767708 0.320926 2 0.746252 0.322131 2
0 0.953297 0.318312 0.020281 0.006961 0.943157 0.315296 2 0.962996 0.314832 2 0.963438 0.320833 2 0.943679 0.321793 2
0 0.729533 0.336843 0.021584 0.007487 0.718816 0.334972 2 0.740175 0.333100 2 0.740325 0.340186 2 0.718741 0.340587 2
0 0.332342 0.304470 0.015877 0.007907 0.324403 0.301859 2 0.340051 0.300517 2 0.340280 0.306555 2 0.325832 0.308424 2
0 0.348151 0.304630 0.016094 0.007593 0.340677 0.301204 2 0.356198 0.300833 2 0.355990 0.308056 2 0.340104 0.308426 2
0 0.252201 0.364299 0.022456 0.009426 0.240973 0.359586 2 0.262025 0.359863 2 0.263429 0.369012 2 0.242532 0.366794 2
0 0.275437 0.361803 0.020585 0.008872 0.265144 0.358476 2 0.285261 0.357368 2 0.285729 0.364853 2 0.265300 0.366239 2
0 0.298515 0.359324 0.022715 0.007662 0.288671 0.356529 2 0.309872 0.355493 2 0.309872 0.361913 2 0.287157 0.363156 2
0 0.326185 0.356543 0.020891 0.010248 0.315739 0.354909 2 0.336630 0.351419 2 0.336530 0.358936 2 0.316406 0.361667 2
0 0.352377 0.354318 0.023358 0.009486 0.340698 0.351186 2 0.364055 0.349575 2 0.363653 0.357808 2 0.340698 0.359061 2
0 0.377384 0.351409 0.021058 0.008678 0.366855 0.349236 2 0.387304 0.347070 2 0.387913 0.355423 2 0.367056 0.355748 2
0 0.400320 0.350309 0.019028 0.007875 0.392215 0.347803 2 0.409834 0.346371 2 0.409432 0.352994 2 0.390806 0.354247 2
0 0.427634 0.347335 0.020894 0.006811 0.417187 0.345093 2 0.438006 0.343929 2 0.438081 0.350213 2 0.417604 0.350741 2
0 0.455179 0.347446 0.022013 0.009305 0.444354 0.343435 2 0.465825 0.342793 2 0.466186 0.351457 2 0.444173 0.352098 2
0 0.533618 0.338139 0.022028 0.008781 0.522604 0.334246 2 0.543631 0.333749 2 0.544633 0.342529 2 0.522896 0.341804 2
0 0.418523 0.295736 0.018525 0.006980 0.409261 0.293678 2 0.427685 0.292246 2 0.427785 0.298511 2 0.409462 0.299227 2
0 0.580546 0.279860 0.018525 0.007875 0.571384 0.277355 2 0.589708 0.275923 2 0.589808 0.281650 2 0.571284 0.283798 2
0 0.615062 0.330518 0.021201 0.009733 0.604461 0.326065 2 0.625429 0.325651 2 0.625662 0.332900 2 0.604461 0.335385 2
0 0.643875 0.328230 0.022924 0.010535 0.632413 0.324903 2 0.654714 0.322962 2 0.655337 0.331557 2 0.632413 0.333498 2
0 0.725401 0.320474 0.023885 0.009467 0.713459 0.317723 2 0.737344 0.315741 2 0.737006 0.323822 2 0.714862 0.325208 2
0 0.841761 0.310556 0.022239 0.008626 0.830642 0.307442 2 0.852207 0.306243 2 0.852881 0.312713 2 0.830642 0.314869 2
0 0.869742 0.307933 0.021565 0.008171 0.858959 0.304806 2 0.879985 0.303847 2 0.880524 0.310341 2 0.859633 0.312018 2
0 0.905931 0.321922 0.020740 0.007159 0.895561 0.319058 2 0.916301 0.318342 2 0.916100 0.324249 2 0.895763 0.325502 2
