0 0.532292 0.615741 0.242708 0.081481 0.410938 0.591667 2 0.651563 0.575000 2 0.653646 0.640741 2 0.411458 0.656481 2
0 0.092187 0.641667 0.182292 0.062963 0.000000 0.000000 0 0.183333 0.610185 2 0.183333 0.669444 2 0.004687 0.673148 2
0 0.297656 0.630093 0.229687 0.076852 0.182812 0.606481 2 0.410938 0.591667 2 0.412500 0.656481 2 0.184375 0.668519 2
0 0.526980 0.257115 0.023929 0.009198 0.515016 0.253092 2 0.537328 0.252516 2 0.538945 0.260565 2 0.516956 0.261715 2
0 0.346314 0.275665 0.020042 0.010392 0.336293 0.272695 2 0.356335 0.270469 2 0.356335 0.277891 2 0.336920 0.280861 2
0 0.394540 0.270840 0.020459 0.011134 0.384310 0.267499 2 0.403934 0.265273 2 0.404769 0.273809 2 0.384519 0.276407 2
0 0.446614 0.264885 0.021740 0.011594 0.435744 0.262953 2 0.457242 0.259088 2 0.457484 0.268536 2 0.436952 0.270683 2
0 0.248527 0.340058 0.026514 0.010021 0.235270 0.336161 2 0.260740 0.335048 2 0.261784 0.343584 2 0.235896 0.345068 2
0 0.279842 0.337646 0.025679 0.009650 0.267838 0.335048 2 0.292681 0.332821 2 0.292681 0.342099 2 0.267003 0.342470 2
0 0.308652 0.335233 0.024843 0.010021 0.296648 0.332078 2 0.320448 0.330223 2 0.321074 0.338388 2 0.296231 0.340244 2
0 0.340427 0.331707 0.023800 0.010392 0.328736 0.328367 2 0.352118 0.326511 2 0.352327 0.333934 2 0.328527 0.336903 2
0 0.372353 0.328903 0.024359 0.009944 0.360535 0.324572 2 0.384532 0.323931 2 0.384352 0.331950 2 0.360174 0.333875 2
0 0.401728 0.326304 0.024720 0.009944 0.389368 0.323899 2 0.413907 0.321332 2 0.414087 0.329672 2 0.390270 0.331276 2
0 0.434190 0.321909 0.025575 0.010258 0.421402 0.318998 2 0.446822 0.316780 2 0.446978 0.325097 2 0.421558 0.327038 2
0 0.591467 0.306497 0.026580 0.009877 0.578177 0.302870 2 0.604757 0.301558 2 0.604757 0.310147 2 0.578428 0.311435 2
0 0.625918 0.303500 0.026096 0.010763 0.612870 0.300345 2 0.638966 0.298119 2 0.638966 0.305913 2 0.613078 0.308882 2
0 0.724535 0.295837 0.027948 0.010931 0.710840 0.291862 2 0.738230 0.290372 2 0.738509 0.298321 2 0.710561 0.301303 2
0 0.757779 0.292399 0.027246 0.010585 0.744156 0.289031 2 0.771222 0.287106 2 0.771402 0.294163 2 0.744157 0.297691 2
0 0.791530 0.289829 0.028165 0.010898 0.777645 0.286304 2 0.805252 0.284379 2 0.805613 0.292399 2 0.777448 0.295278 2
0 0.823873 0.286240 0.029591 0.008661 0.809077 0.281909 2 0.837586 0.281909 2 0.838668 0.289287 2 0.809618 0.290570 2
