0 0.361458 0.544907 0.079167 0.028704 0.321875 0.536111 2 0.401042 0.530556 2 0.401042 0.553704 2 0.321875 0.559259 2
0 0.441406 0.537963 0.080729 0.027778 0.401042 0.529630 2 0.481771 0.524074 2 0.481771 0.546296 2 0.401042 0.551852 2
0 0.281250 0.551389 0.077083 0.026852 0.242708 0.541667 2 0.319792 0.537963 2 0.319792 0.560185 2 0.242708 0.564815 2
0 0.368607 0.303526 0.018952 0.008289 0.359732 0.300986 2 0.378082 0.299381 2 0.378082 0.306467 2 0.359131 0.307670 2
0 0.916336 0.304758 0.021026 0.009105 0.905823 0.301403 2 0.926445 0.300205 2 0.926849 0.308831 2 0.905823 0.309310 2
0 0.888718 0.307158 0.022832 0.007662 0.877535 0.303948 2 0.900017 0.303327 2 0.900134 0.309747 2 0.877302 0.310989 2
0 0.861386 0.310029 0.023182 0.009345 0.849795 0.307034 2 0.872572 0.305357 2 0.872977 0.312066 2 0.850333 0.314702 2
0 0.777110 0.317119 0.022133 0.009112 0.766393 0.314427 2 0.787710 0.312563 2 0.788176 0.320847 2 0.766043 0.321675 2
0 0.746215 0.320788 0.023857 0.009345 0.734286 0.317313 2 0.757873 0.316115 2 0.758143 0.323304 2 0.735230 0.325460 2
0 0.664057 0.327349 0.022366 0.008698 0.652874 0.324657 2 0.675240 0.323001 2 0.675007 0.331284 2 0.653340 0.331698 2
0 0.635537 0.329547 0.022149 0.008949 0.624462 0.327041 2 0.646612 0.325072 2 0.646511 0.332768 2 0.624865 0.334021 2
0 0.583295 0.334515 0.021317 0.008905 0.572986 0.332133 2 0.593372 0.330062 2 0.593954 0.338139 2 0.572636 0.338967 2
0 0.527800 0.340554 0.020941 0.008591 0.517329 0.338049 2 0.538069 0.336259 2 0.538271 0.343418 2 0.517330 0.344850 2
0 0.423636 0.350689 0.021434 0.008077 0.412919 0.347893 2 0.434119 0.346650 2 0.434352 0.353277 2 0.413035 0.354727 2
0 0.397189 0.353119 0.020337 0.008233 0.387020 0.350613 2 0.407257 0.349002 2 0.407358 0.356341 2 0.387322 0.357236 2
0 0.372331 0.355741 0.020035 0.008072 0.362314 0.352600 2 0.382248 0.351705 2 0.382349 0.358328 2 0.362314 0.359777 2
0 0.345400 0.358023 0.020337 0.008412 0.335332 0.355786 2 0.355568 0.353817 2 0.355468 0.360976 2 0.335231 0.362229 2
0 0.319180 0.360575 0.020884 0.008508 0.308738 0.357868 2 0.329535 0.356321 2 0.329622 0.364365 2 0.308999 0.364829 2
0 0.294772 0.362354 0.019926 0.008353 0.284896 0.359879 2 0.304561 0.358177 2 0.304735 0.364984 2 0.284809 0.366530 2
0 0.268197 0.364984 0.019856 0.007425 0.258269 0.362354 2 0.277935 0.361271 2 0.278125 0.367963 2 0.258269 0.368696 2
0 0.597659 0.279270 0.018641 0.007338 0.588439 0.277569 2 0.606461 0.275601 2 0.606979 0.282407 2 0.588339 0.282939 2
0 0.526789 0.287327 0.019404 0.006961 0.517087 0.284620 2 0.536492 0.283847 2 0.536057 0.289880 2 0.517435 0.290808 2
0 0.482064 0.292850 0.017751 0.006497 0.473188 0.290220 2 0.490852 0.289601 2 0.490939 0.295170 2 0.473188 0.296098 2
0 0.455488 0.295096 0.015560 0.006659 0.448041 0.292850 2 0.463268 0.291767 2 0.463181 0.297645 2 0.447708 0.298426 2
0 0.435286 0.296417 0.018122 0.008949 0.426225 0.294627 2 0.443944 0.291942 2 0.444347 0.299817 2 0.426628 0.300891 2
0 0.390041 0.301285 0.017619 0.008770 0.381332 0.298690 2 0.398246 0.296900 2 0.398850 0.304238 2 0.381231 0.305670 2
0 0.349246 0.305634 0.017719 0.008233 0.340386 0.302950 2 0.358105 0.301518 2 0.358005 0.308319 2 0.340486 0.309751 2
