1 0.688802 0.518981 0.044271 0.034259 0.666667 0.501852 2 0.710417 0.508333 2 0.710938 0.536111 2 0.666667 0.526852 2
0 0.952604 0.501852 0.092708 0.037037 0.906250 0.492593 2 0.000000 0.000000 0 0.000000 0.000000 0 0.906771 0.520370 2
0 0.758854 0.518519 0.097917 0.033333 0.709896 0.507407 2 0.807813 0.501852 2 0.807813 0.528704 2 0.710417 0.535185 2
0 0.857031 0.511111 0.098437 0.031481 0.807813 0.500926 2 0.905729 0.495370 2 0.906250 0.521296 2 0.808333 0.526852 2
0 0.412854 0.337050 0.031663 0.013109 0.403962 0.330496 2 0.428541 0.330753 2 0.428686 0.342319 2 0.397022 0.343604 2
0 0.940398 0.300109 0.021543 0.008442 0.929976 0.295888 2 0.950845 0.296444 2 0.951170 0.303753 2 0.929627 0.304330 2
0 0.860105 0.306861 0.021876 0.009611 0.849167 0.302685 2 0.871042 0.302056 2 0.870740 0.310408 2 0.849427 0.311667 2
0 0.830380 0.308584 0.021924 0.008640 0.819418 0.304839 2 0.841342 0.304264 2 0.840910 0.312328 2 0.819634 0.312904 2
0 0.638903 0.319360 0.023149 0.008629 0.627328 0.316705 2 0.649917 0.315046 2 0.650478 0.323675 2 0.628262 0.323343 2
0 0.611190 0.321185 0.022309 0.007799 0.600502 0.317950 2 0.622251 0.317286 2 0.622344 0.322098 2 0.600035 0.325085 2
0 0.584533 0.322526 0.022669 0.008175 0.573924 0.318868 2 0.595867 0.318438 2 0.595706 0.326613 2 0.573198 0.326183 2
0 0.555761 0.325168 0.023742 0.008220 0.544889 0.323058 2 0.567632 0.321058 2 0.567007 0.327501 2 0.543890 0.329278 2
0 0.527639 0.326645 0.021935 0.008297 0.517045 0.324986 2 0.538140 0.322496 2 0.538607 0.330628 2 0.516671 0.330793 2
0 0.501326 0.329128 0.020736 0.007104 0.490958 0.326536 2 0.511586 0.325576 2 0.511694 0.332488 2 0.491066 0.332680 2
0 0.472274 0.330376 0.023112 0.008064 0.461798 0.327304 2 0.483830 0.326344 2 0.483722 0.333832 2 0.460718 0.334408 2
0 0.444896 0.332776 0.021708 0.008256 0.434042 0.330376 2 0.455750 0.328648 2 0.455729 0.336481 2 0.434150 0.336904 2
0 0.568234 0.271187 0.020349 0.009293 0.558433 0.266706 2 0.577848 0.266541 2 0.578408 0.273842 2 0.558059 0.275833 2
0 0.547745 0.272680 0.014655 0.010621 0.540417 0.267370 2 0.555072 0.267702 2 0.554979 0.275668 2 0.540511 0.277991 2
0 0.448694 0.278381 0.019684 0.008032 0.439094 0.274508 2 0.457891 0.274365 2 0.458536 0.281393 2 0.438852 0.282397 2
0 0.455037 0.297323 0.018166 0.007469 0.445954 0.293934 2 0.464120 0.293589 2 0.463936 0.301057 2 0.446484 0.300385 2
0 0.425490 0.280783 0.019494 0.009552 0.415744 0.276006 2 0.435237 0.276228 2 0.435112 0.284670 2 0.416244 0.285559 2
0 0.403435 0.281782 0.018869 0.007553 0.394501 0.278006 2 0.412120 0.278006 2 0.412870 0.285559 2 0.394001 0.284670 2
