0 0.931250 0.509259 0.079167 0.029630 0.891667 0.500926 2 0.970313 0.494444 2 0.970833 0.518519 2 0.892188 0.524074 2
0 0.852604 0.516204 0.077083 0.028704 0.814063 0.507407 2 0.891146 0.501852 2 0.891146 0.524074 2 0.814583 0.530556 2
0 0.773438 0.523148 0.078125 0.025926 0.734375 0.512963 2 0.812500 0.510185 2 0.812500 0.531481 2 0.734375 0.536111 2
1 0.712500 0.523148 0.044792 0.024074 0.690104 0.511111 2 0.734896 0.513889 2 0.734896 0.535185 2 0.690104 0.531481 2
0 0.450156 0.297866 0.018726 0.007160 0.441196 0.294286 2 0.459016 0.294645 2 0.459520 0.300909 2 0.440793 0.301446 2
0 0.497617 0.298481 0.018056 0.010769 0.488589 0.293717 2 0.505364 0.293097 2 0.506645 0.303865 2 0.488706 0.302623 2
0 0.518719 0.294108 0.018626 0.008949 0.509406 0.290528 2 0.527931 0.289633 2 0.528032 0.297866 2 0.509909 0.298582 2
0 0.543697 0.293109 0.018122 0.008440 0.534636 0.289812 2 0.552656 0.288889 2 0.552759 0.295897 2 0.534737 0.297329 2
0 0.565746 0.292649 0.018273 0.006807 0.556610 0.289710 2 0.574883 0.289246 2 0.574709 0.296052 2 0.556688 0.295727 2
0 0.657371 0.285910 0.018172 0.006834 0.648284 0.282493 2 0.666224 0.282701 2 0.666457 0.289327 2 0.648867 0.288913 2
0 0.338879 0.356878 0.023660 0.009059 0.328811 0.353272 2 0.350650 0.352348 2 0.350709 0.359270 2 0.327049 0.361408 2
0 0.394576 0.354451 0.022165 0.009013 0.383494 0.349945 2 0.405009 0.351100 2 0.405659 0.357456 2 0.384079 0.358958 2
0 0.449877 0.351077 0.021841 0.008663 0.439392 0.348292 2 0.460536 0.346745 2 0.460797 0.355408 2 0.438956 0.355408 2
0 0.477212 0.349589 0.021508 0.008971 0.466517 0.345912 2 0.487772 0.345103 2 0.487967 0.353192 2 0.466458 0.354074 2
0 0.503899 0.347248 0.022149 0.009128 0.493126 0.344295 2 0.514974 0.342684 2 0.514370 0.351812 2 0.492824 0.351812 2
0 0.528614 0.346710 0.021584 0.011498 0.517822 0.343903 2 0.538654 0.340961 2 0.539406 0.349384 2 0.517897 0.352459 2
0 0.555425 0.345547 0.021133 0.011899 0.545084 0.341470 2 0.565991 0.339598 2 0.565991 0.348288 2 0.544858 0.351497 2
0 0.583003 0.343829 0.024264 0.008592 0.572381 0.339534 2 0.594933 0.339534 2 0.595134 0.347588 2 0.570871 0.348125 2
0 0.607546 0.341510 0.021471 0.007621 0.596810 0.338555 2 0.618281 0.337699 2 0.618281 0.344919 2 0.597073 0.345320 2
0 0.635254 0.340557 0.022537 0.008663 0.623985 0.336226 2 0.645304 0.336690 2 0.646522 0.344270 2 0.624855 0.344889 2
0 0.406562 0.300855 0.017820 0.007696 0.397652 0.297186 2 0.415472 0.297007 2 0.415372 0.304704 2 0.397753 0.303809 2
