0 0.083594 0.610185 0.121354 0.051852 0.022917 0.584259 2 0.144271 0.587963 2 0.144271 0.636111 2 0.023438 0.630556 2
1 0.365104 0.594907 0.140625 0.106481 0.294792 0.583333 2 0.433854 0.541667 2 0.435417 0.587037 2 0.295312 0.648148 2
0 0.218750 0.614352 0.148958 0.058333 0.144271 0.587037 2 0.293229 0.585185 2 0.293229 0.643519 2 0.145313 0.638889 2
0 0.657029 0.220096 0.025846 0.015030 0.644106 0.218594 2 0.669711 0.212581 2 0.669952 0.221170 2 0.644831 0.227611 2
0 0.476982 0.266739 0.020741 0.011644 0.467079 0.265630 2 0.486728 0.260917 2 0.487352 0.267570 2 0.466611 0.272561 2
0 0.789655 0.187025 0.033538 0.016893 0.772886 0.186032 2 0.805585 0.178579 2 0.806424 0.187522 2 0.774004 0.195472 2
0 0.389242 0.336441 0.019848 0.009944 0.379318 0.335639 2 0.398444 0.331469 2 0.399166 0.338526 2 0.379859 0.341413 2
0 0.551074 0.303834 0.022547 0.012619 0.539801 0.301978 2 0.561513 0.297525 2 0.562348 0.306804 2 0.540636 0.310144 2
0 0.580216 0.298080 0.027296 0.015459 0.566568 0.295503 2 0.592656 0.290350 2 0.593864 0.298939 2 0.567293 0.305810 2
0 0.720026 0.268450 0.032126 0.017177 0.703963 0.266732 2 0.735364 0.259861 2 0.736089 0.270597 2 0.704929 0.277038 2
0 0.801489 0.248032 0.036541 0.017821 0.784167 0.247778 2 0.819113 0.239122 2 0.819759 0.251769 2 0.783219 0.256943 2
0 0.844248 0.240035 0.039875 0.016701 0.825563 0.237251 2 0.863559 0.231684 2 0.864185 0.242447 2 0.824310 0.248386 2
0 0.889765 0.231991 0.041084 0.016396 0.872577 0.230252 2 0.909189 0.223793 2 0.910307 0.232736 2 0.869223 0.240189 2
0 0.941498 0.221457 0.044438 0.020868 0.920397 0.221955 2 0.963716 0.211023 2 0.963716 0.223942 2 0.919279 0.231892 2
