0 0.314844 0.657407 0.329688 0.127778 0.150000 0.633333 2 0.478646 0.593519 2 0.479687 0.673148 2 0.152604 0.721296 2
1 0.789323 0.503241 0.077604 0.025000 0.750521 0.491667 2 0.827604 0.490741 2 0.828125 0.515741 2 0.750521 0.514815 2
0 0.857031 0.500463 0.063021 0.026852 0.825521 0.490741 2 0.888542 0.487037 2 0.888542 0.509259 2 0.825521 0.513889 2
0 0.328852 0.284502 0.030786 0.011610 0.313459 0.278697 2 0.344245 0.280978 2 0.344012 0.290307 2 0.313576 0.288234 2
0 0.406237 0.288096 0.030721 0.011889 0.390877 0.282152 2 0.421598 0.282523 2 0.421598 0.294041 2 0.391504 0.293298 2
0 0.443224 0.289175 0.028568 0.008881 0.429096 0.284734 2 0.457196 0.285012 2 0.457508 0.293615 2 0.428940 0.293338 2
0 0.476007 0.289730 0.026383 0.009992 0.462816 0.284734 2 0.489043 0.286122 2 0.489199 0.294725 2 0.462972 0.293893 2
0 0.543557 0.291284 0.025134 0.010824 0.531302 0.285872 2 0.555967 0.287537 2 0.556124 0.296696 2 0.530990 0.296141 2
0 0.606344 0.293449 0.023105 0.009713 0.594792 0.288592 2 0.617897 0.289980 2 0.617741 0.298306 2 0.594948 0.296918 2
0 0.634367 0.294836 0.021387 0.008049 0.623673 0.290812 2 0.645060 0.291367 2 0.644904 0.298861 2 0.624297 0.297196 2
0 0.661920 0.296085 0.023105 0.009436 0.650368 0.291923 2 0.673472 0.291367 2 0.673472 0.300803 2 0.650680 0.299416 2
0 0.163069 0.355838 0.037493 0.012397 0.145156 0.351111 2 0.181816 0.349640 2 0.181257 0.360582 2 0.144323 0.362037 2
0 0.066133 0.358275 0.049311 0.016377 0.041839 0.351692 2 0.090607 0.350086 2 0.090788 0.366463 2 0.041477 0.366142 2
0 0.112858 0.279046 0.036271 0.013756 0.095206 0.272168 2 0.130993 0.275607 2 0.130510 0.285924 2 0.094722 0.284635 2
0 0.157095 0.280814 0.037003 0.011518 0.139023 0.275055 2 0.175388 0.275055 2 0.175597 0.286573 2 0.138594 0.285833 2
0 0.201720 0.281743 0.035946 0.013376 0.183747 0.275055 2 0.219275 0.275798 2 0.219693 0.288431 2 0.184583 0.287316 2
0 0.249370 0.282858 0.034692 0.012632 0.232233 0.276542 2 0.266298 0.276542 2 0.266716 0.289174 2 0.232024 0.287688 2
0 0.292077 0.282910 0.036487 0.011239 0.273834 0.277290 2 0.310320 0.278575 2 0.309959 0.288529 2 0.274918 0.287887 2
0 0.250009 0.355385 0.032693 0.013808 0.233663 0.348481 2 0.266356 0.349123 2 0.266356 0.361004 2 0.234205 0.362289 2
0 0.292005 0.354747 0.031971 0.011247 0.276019 0.349123 2 0.307629 0.349444 2 0.307990 0.360362 2 0.276198 0.360370 2
0 0.333007 0.354903 0.030887 0.010918 0.317563 0.349765 2 0.348450 0.349444 2 0.348450 0.360362 2 0.317925 0.360362 2
0 0.372112 0.354903 0.031429 0.010276 0.356398 0.349765 2 0.387827 0.351050 2 0.387827 0.360041 2 0.357135 0.359722 2
0 0.445347 0.355921 0.028412 0.009991 0.431141 0.351203 2 0.459397 0.350926 2 0.459553 0.360639 2 0.431921 0.360917 2
0 0.615147 0.353910 0.020874 0.009329 0.604710 0.350075 2 0.625350 0.349245 2 0.625584 0.358574 2 0.605060 0.358574 2
