0 0.888021 0.518981 0.026042 0.034259 0.875521 0.510185 2 0.901042 0.501852 2 0.900000 0.525000 2 0.875000 0.536111 2
0 0.856250 0.527315 0.035417 0.043519 0.838542 0.513889 2 0.873958 0.505556 2 0.873437 0.537963 2 0.838542 0.549074 2
0 0.815104 0.540741 0.047917 0.048148 0.791146 0.527778 2 0.838542 0.516667 2 0.839063 0.551852 2 0.791667 0.564815 2
1 0.714583 0.545833 0.151042 0.041667 0.639583 0.525000 2 0.790104 0.532407 2 0.790104 0.566667 2 0.639062 0.557407 2
0 0.146761 0.288931 0.040246 0.016396 0.128315 0.280733 2 0.166325 0.287689 2 0.166884 0.297129 2 0.126638 0.292657 2
0 0.187936 0.298123 0.033334 0.014171 0.171752 0.291037 2 0.204120 0.294473 2 0.204603 0.305208 2 0.171269 0.298338 2
0 0.228758 0.302933 0.032851 0.014600 0.213782 0.295633 2 0.245184 0.301644 2 0.244942 0.310233 2 0.212333 0.305938 2
0 0.268542 0.309417 0.030194 0.015889 0.254411 0.301472 2 0.283397 0.308343 2 0.283639 0.317361 2 0.253445 0.311779 2
0 0.483014 0.347888 0.016713 0.008147 0.474657 0.343814 2 0.491370 0.345731 2 0.491370 0.351961 2 0.474657 0.349565 2
0 0.569130 0.362580 0.012164 0.008317 0.563516 0.358421 2 0.575212 0.360057 2 0.574744 0.366738 2 0.563048 0.364493 2
0 0.301053 0.315117 0.026305 0.012990 0.288318 0.308622 2 0.314206 0.313447 2 0.313997 0.321612 2 0.287901 0.317158 2
0 0.333214 0.321649 0.025490 0.012248 0.320907 0.315526 2 0.345750 0.319237 2 0.345959 0.327773 2 0.320469 0.324444 2
0 0.365063 0.325278 0.023457 0.011227 0.353335 0.319664 2 0.376792 0.324476 2 0.376792 0.330891 2 0.353876 0.328325 2
0 0.392652 0.331116 0.019667 0.012510 0.383540 0.324861 2 0.402305 0.328710 2 0.402486 0.337371 2 0.382818 0.333842 2
0 0.462028 0.344030 0.017522 0.010303 0.453267 0.338879 2 0.470789 0.341754 2 0.470520 0.349182 2 0.453672 0.346546 2
0 0.094894 0.359172 0.041545 0.013732 0.074748 0.352306 2 0.115667 0.356017 2 0.114832 0.366038 2 0.074122 0.363440 2
0 0.148318 0.364591 0.037787 0.012990 0.129425 0.358096 2 0.167003 0.362549 2 0.167212 0.371086 2 0.129842 0.367745 2
0 0.165646 0.226697 0.030063 0.015616 0.150625 0.218889 2 0.180677 0.225597 2 0.180468 0.234505 2 0.150615 0.227824 2
0 0.236147 0.242818 0.025052 0.014103 0.223621 0.235767 2 0.248673 0.240963 2 0.247838 0.249870 2 0.223621 0.243561 2
0 0.042849 0.272634 0.045835 0.018881 0.019932 0.263194 2 0.065767 0.270150 2 0.065487 0.282074 2 0.019932 0.275118 2
0 0.095989 0.281248 0.042502 0.019911 0.076694 0.271293 2 0.116406 0.278241 2 0.117240 0.291204 2 0.074738 0.282720 2
