0 0.902083 0.606481 0.191667 0.103704 0.807292 0.554630 2 0.000000 0.000000 0 0.997396 0.658333 2 0.806250 0.617593 2
0 0.544101 0.313370 0.026667 0.008040 0.530923 0.310459 2 0.557123 0.309350 2 0.557434 0.317390 2 0.530768 0.317390 2
0 0.677486 0.279451 0.025441 0.010543 0.664765 0.274179 2 0.690026 0.274500 2 0.690207 0.283802 2 0.664948 0.284722 2
0 0.535123 0.279632 0.030854 0.012190 0.519696 0.273537 2 0.550550 0.274179 2 0.550550 0.285727 2 0.520237 0.283160 2
0 0.499126 0.278990 0.031757 0.010265 0.483248 0.273858 2 0.515005 0.273858 2 0.514824 0.284123 2 0.483609 0.283481 2
0 0.455358 0.277768 0.035508 0.009877 0.437604 0.272830 2 0.472387 0.274118 2 0.473112 0.282707 2 0.437865 0.282315 2
0 0.332856 0.355150 0.033996 0.012198 0.316170 0.349051 2 0.349854 0.349328 2 0.349854 0.361249 2 0.315858 0.359863 2
0 0.573285 0.278349 0.029952 0.011548 0.558489 0.272575 2 0.588261 0.273858 2 0.588261 0.284123 2 0.558309 0.283802 2
0 0.610003 0.280273 0.028689 0.011548 0.595659 0.274500 2 0.624167 0.274500 2 0.624348 0.286047 2 0.595659 0.284443 2
0 0.645369 0.278830 0.027606 0.010586 0.631926 0.273537 2 0.658991 0.274820 2 0.659172 0.284123 2 0.631565 0.282840 2
0 0.377909 0.355288 0.034308 0.012476 0.361067 0.349051 2 0.394751 0.349051 2 0.395063 0.359863 2 0.360755 0.361526 2
0 0.373350 0.276592 0.034447 0.011877 0.356544 0.270654 2 0.390573 0.270654 2 0.390573 0.282531 2 0.356126 0.281417 2
0 0.328443 0.274584 0.035556 0.013307 0.310665 0.267931 2 0.346221 0.269317 2 0.345909 0.281238 2 0.310821 0.279852 2
0 0.281262 0.273141 0.038413 0.013733 0.262264 0.266274 2 0.299633 0.268130 2 0.300469 0.280007 2 0.262055 0.277780 2
0 0.190281 0.354755 0.043215 0.017444 0.170134 0.346033 2 0.211679 0.346033 2 0.211888 0.363477 2 0.168673 0.363477 2
0 0.135190 0.274423 0.039407 0.013912 0.115487 0.267467 2 0.154614 0.267963 2 0.154894 0.281379 2 0.116046 0.279391 2
0 0.188887 0.274243 0.041861 0.013793 0.167957 0.268309 2 0.209637 0.267346 2 0.209817 0.281140 2 0.169400 0.280819 2
0 0.238644 0.353935 0.040517 0.016389 0.218594 0.345741 2 0.258068 0.346516 2 0.258903 0.362104 2 0.218385 0.362130 2
0 0.034247 0.358838 0.048852 0.017444 0.010865 0.350116 2 0.058255 0.350116 2 0.058673 0.367189 2 0.009821 0.367560 2
0 0.033850 0.272473 0.044885 0.013732 0.012660 0.265607 2 0.055458 0.266720 2 0.056293 0.279339 2 0.011408 0.278597 2
0 0.084978 0.272345 0.042380 0.013765 0.064010 0.265463 2 0.105750 0.266609 2 0.106168 0.279228 2 0.063788 0.278485 2
