0 0.205729 0.657870 0.327083 0.137963 0.042188 0.640741 2 0.366667 0.588889 2 0.369271 0.663889 2 0.045833 0.726852 2
0 0.938802 0.495833 0.108854 0.030556 0.884375 0.481481 2 0.992708 0.480556 2 0.993229 0.511111 2 0.884896 0.511111 2
0 0.293475 0.349819 0.034238 0.011134 0.276356 0.344252 2 0.309759 0.344623 2 0.310594 0.355386 2 0.277400 0.354273 2
0 0.087504 0.255771 0.045512 0.016330 0.065583 0.247607 2 0.110260 0.249091 2 0.110051 0.263936 2 0.064748 0.259112 2
0 0.140844 0.259668 0.046138 0.014475 0.120072 0.252431 2 0.163913 0.256514 2 0.163078 0.266906 2 0.117775 0.263194 2
0 0.198161 0.263786 0.038072 0.012831 0.179125 0.257370 2 0.216656 0.259616 2 0.217197 0.270201 2 0.179667 0.267635 2
0 0.247616 0.269067 0.036959 0.011921 0.229448 0.263107 2 0.265784 0.265325 2 0.266096 0.275028 2 0.229136 0.271424 2
0 0.289522 0.272056 0.034830 0.011183 0.272223 0.266464 2 0.306587 0.269571 2 0.306937 0.277647 2 0.272107 0.274955 2
0 0.334781 0.276891 0.032887 0.011501 0.318338 0.271141 2 0.351225 0.273057 2 0.351225 0.282642 2 0.319012 0.281204 2
0 0.374946 0.280844 0.033426 0.011262 0.358233 0.275213 2 0.391120 0.277370 2 0.391659 0.286476 2 0.358233 0.285038 2
0 0.482057 0.292130 0.027496 0.010064 0.468309 0.287099 2 0.495400 0.289015 2 0.495805 0.297162 2 0.468714 0.295006 2
0 0.511492 0.293776 0.022965 0.011505 0.500009 0.288024 2 0.522348 0.290251 2 0.522974 0.299529 2 0.500009 0.296560 2
0 0.593981 0.301477 0.018585 0.009623 0.584869 0.296665 2 0.602912 0.297948 2 0.603273 0.306288 2 0.584688 0.305647 2
0 0.617364 0.304063 0.020352 0.008866 0.607323 0.299630 2 0.627001 0.301307 2 0.627540 0.308496 2 0.607188 0.307058 2
0 0.251304 0.347778 0.035908 0.011506 0.233767 0.342025 2 0.268631 0.342396 2 0.269258 0.353531 2 0.233349 0.353531 2
0 0.338908 0.351856 0.035247 0.011497 0.321284 0.346107 2 0.355562 0.346682 2 0.356532 0.357605 2 0.322255 0.357030 2
0 0.412770 0.354212 0.030313 0.012831 0.398336 0.347796 2 0.427927 0.349079 2 0.427927 0.360627 2 0.397614 0.358702 2
