0 0.594531 0.762963 0.535938 0.192593 0.328646 0.705556 2 0.859896 0.666667 2 0.862500 0.801852 2 0.326562 0.859259 2
0 0.925260 0.728241 0.119271 0.145370 0.866667 0.665741 2 0.984896 0.655556 2 0.984896 0.773148 2 0.865625 0.800926 2
0 0.165625 0.799074 0.312500 0.174074 0.009375 0.740741 2 0.318750 0.712037 2 0.321875 0.875926 2 0.011458 0.886111 2
0 0.311055 0.248739 0.024638 0.007300 0.298736 0.245519 2 0.323374 0.245089 2 0.323133 0.252389 2 0.299219 0.252389 2
0 0.340283 0.247880 0.023189 0.009018 0.328688 0.243801 2 0.351394 0.243371 2 0.351877 0.252389 2 0.329171 0.251960 2
0 0.353326 0.304779 0.028503 0.008589 0.339075 0.300485 2 0.366853 0.300485 2 0.367578 0.309073 2 0.339800 0.309073 2
0 0.398026 0.245936 0.023382 0.009279 0.386335 0.242039 2 0.409508 0.241297 2 0.409717 0.250575 2 0.387170 0.249091 2
0 0.426001 0.245565 0.022965 0.008536 0.414519 0.241297 2 0.437483 0.242781 2 0.437483 0.249833 2 0.415354 0.249833 2
0 0.456899 0.244637 0.022547 0.008908 0.446460 0.240183 2 0.467337 0.240183 2 0.468172 0.247606 2 0.445625 0.249091 2
0 0.522558 0.300055 0.028020 0.008588 0.509272 0.297050 2 0.536567 0.295761 2 0.536567 0.303920 2 0.508548 0.304350 2
0 0.595603 0.240580 0.021740 0.011165 0.585457 0.235427 2 0.605989 0.234997 2 0.606473 0.245304 2 0.584733 0.246162 2
0 0.653538 0.295335 0.026305 0.008536 0.640385 0.291438 2 0.666690 0.291067 2 0.666273 0.299232 2 0.640594 0.299603 2
0 0.749918 0.294172 0.025145 0.010306 0.737345 0.289878 2 0.761983 0.289019 2 0.762491 0.297178 2 0.738336 0.299325 2
0 0.779508 0.292884 0.025387 0.009447 0.767297 0.288160 2 0.791960 0.288160 2 0.792201 0.297608 2 0.766814 0.297178 2
0 0.813779 0.292893 0.024432 0.010325 0.801839 0.288590 2 0.825995 0.287731 2 0.825995 0.297178 2 0.801562 0.298056 2
0 0.932321 0.288896 0.024126 0.008866 0.920258 0.284942 2 0.944384 0.284463 2 0.944384 0.293328 2 0.920393 0.293328 2
