0 0.745052 0.664352 0.359896 0.136111 0.565104 0.630556 2 0.924479 0.596296 2 0.925000 0.689815 2 0.565625 0.732407 2
1 0.540365 0.647824 0.050521 0.167870 0.515104 0.563889 2 0.515104 0.563889 2 0.565625 0.731759 2 0.565625 0.731759 2
0 0.451691 0.356730 0.026148 0.012460 0.438752 0.351938 2 0.464225 0.350500 2 0.464764 0.362959 2 0.438617 0.361761 2
0 0.334618 0.362802 0.028694 0.015248 0.321207 0.357396 2 0.348186 0.355178 2 0.348965 0.369317 2 0.320271 0.370426 2
0 0.301695 0.364605 0.030054 0.013668 0.287367 0.359013 2 0.316489 0.357771 2 0.316722 0.369783 2 0.286668 0.371439 2
0 0.257619 0.367105 0.035313 0.013179 0.241580 0.360755 2 0.275275 0.360515 2 0.275275 0.372017 2 0.239963 0.373694 2
0 0.796342 0.274686 0.025628 0.009526 0.783528 0.270130 2 0.809039 0.269923 2 0.809156 0.279035 2 0.783878 0.279449 2
0 0.765569 0.275789 0.024935 0.012220 0.753102 0.271116 2 0.778037 0.269679 2 0.777902 0.280461 2 0.753372 0.281899 2
0 0.732818 0.276939 0.026687 0.011022 0.720148 0.273825 2 0.746161 0.271428 2 0.746026 0.280509 2 0.719474 0.282450 2
0 0.593779 0.283032 0.028074 0.011183 0.579742 0.278890 2 0.607816 0.277440 2 0.607816 0.286552 2 0.579742 0.288623 2
0 0.560054 0.284316 0.030565 0.010535 0.544927 0.279048 2 0.575337 0.279048 2 0.575337 0.289029 2 0.544772 0.289583 2
0 0.487795 0.287170 0.029952 0.009623 0.472819 0.282680 2 0.502049 0.282358 2 0.502771 0.291982 2 0.472999 0.291661 2
0 0.449467 0.288057 0.029652 0.010543 0.434641 0.283504 2 0.464293 0.282786 2 0.463888 0.292610 2 0.435045 0.293328 2
0 0.416145 0.357900 0.027787 0.012189 0.402251 0.352768 2 0.430038 0.351806 2 0.430038 0.362391 2 0.403153 0.363995 2
0 0.414556 0.289472 0.029630 0.009703 0.399742 0.285175 2 0.429371 0.284621 2 0.429215 0.294324 2 0.399742 0.294047 2
0 0.376240 0.291025 0.031033 0.011090 0.360724 0.286312 2 0.391757 0.285480 2 0.391445 0.295183 2 0.360724 0.296569 2
0 0.489847 0.354334 0.029652 0.010063 0.475291 0.349302 2 0.504134 0.349541 2 0.504673 0.358886 2 0.475021 0.359365 2
0 0.334623 0.292010 0.032150 0.010794 0.318548 0.288098 2 0.350698 0.286613 2 0.350489 0.297377 2 0.318958 0.297407 2
0 0.377413 0.360731 0.030056 0.013179 0.362385 0.355339 2 0.392441 0.354142 2 0.392171 0.365643 2 0.363193 0.367320 2
0 0.137573 0.301730 0.033334 0.010306 0.120906 0.297436 2 0.153515 0.296577 2 0.154240 0.306454 2 0.120906 0.306883 2
0 0.296055 0.295074 0.031160 0.011165 0.280474 0.289491 2 0.311635 0.289921 2 0.311635 0.299368 2 0.281199 0.300656 2
0 0.175375 0.300657 0.033576 0.011594 0.158829 0.294859 2 0.192163 0.295289 2 0.191439 0.306454 2 0.158588 0.306454 2
