0 0.265365 0.592593 0.171354 0.064815 0.179688 0.580556 2 0.350000 0.560185 2 0.351042 0.605556 2 0.181250 0.625000 2
0 0.968229 0.507870 0.063542 0.026852 0.936458 0.494444 2 0.000000 0.000000 0 0.000000 0.000000 0 0.936458 0.519444 2
0 0.421372 0.366487 0.030435 0.011165 0.406154 0.360905 2 0.436348 0.361334 2 0.436589 0.372070 2 0.406395 0.370782 2
0 0.655166 0.296280 0.025983 0.009944 0.642175 0.291308 2 0.667797 0.292912 2 0.668157 0.301252 2 0.642536 0.299969 2
0 0.684848 0.296441 0.025441 0.008340 0.672668 0.292271 2 0.697027 0.292912 2 0.697568 0.300610 2 0.672127 0.300610 2
0 0.743038 0.295606 0.024178 0.008661 0.731671 0.291276 2 0.755127 0.291597 2 0.754766 0.299937 2 0.730949 0.299616 2
0 0.350356 0.369064 0.030918 0.012024 0.334896 0.363052 2 0.364607 0.363052 2 0.365815 0.373788 2 0.335138 0.375076 2
0 0.305548 0.371211 0.030194 0.015460 0.290692 0.363481 2 0.320645 0.363481 2 0.320645 0.377223 2 0.290451 0.378941 2
0 0.266078 0.300914 0.030194 0.009877 0.250981 0.295976 2 0.281175 0.295976 2 0.280450 0.304994 2 0.251223 0.305853 2
0 0.387796 0.367561 0.027054 0.010736 0.374269 0.362193 2 0.400598 0.362193 2 0.401323 0.372070 2 0.374511 0.372929 2
0 0.304726 0.300700 0.033093 0.012024 0.288180 0.294688 2 0.320306 0.295976 2 0.321273 0.306711 2 0.288663 0.304994 2
0 0.347481 0.299196 0.031643 0.009018 0.332143 0.295547 2 0.362819 0.294687 2 0.363303 0.303705 2 0.331659 0.303705 2
0 0.385525 0.299196 0.029469 0.010736 0.370791 0.293829 2 0.399535 0.294258 2 0.400260 0.304564 2 0.370791 0.304564 2
0 0.713988 0.295793 0.022735 0.008993 0.703333 0.291296 2 0.725355 0.291950 2 0.725175 0.299327 2 0.702620 0.300290 2
0 0.417804 0.298515 0.027309 0.010747 0.404149 0.293571 2 0.431203 0.293142 2 0.431458 0.303889 2 0.405357 0.303448 2
0 0.455417 0.298378 0.029645 0.010763 0.440594 0.292997 2 0.469822 0.294110 2 0.470239 0.303018 2 0.441011 0.303760 2
0 0.525921 0.299007 0.025983 0.008340 0.513652 0.294837 2 0.538912 0.294837 2 0.538912 0.303177 2 0.512930 0.302214 2
0 0.556324 0.297884 0.027246 0.009944 0.542701 0.292912 2 0.569586 0.293233 2 0.569947 0.301894 2 0.543423 0.302856 2
0 0.459899 0.365628 0.034059 0.011165 0.442870 0.360046 2 0.476445 0.360905 2 0.476928 0.370782 2 0.443111 0.371211 2
