0 0.286641 0.581481 0.150365 0.059259 0.211458 0.568519 2 0.359896 0.551852 2 0.361823 0.592593 2 0.211979 0.611111 2
0 0.130729 0.598611 0.161458 0.058333 0.050000 0.584259 2 0.210417 0.569444 2 0.211458 0.612037 2 0.051042 0.627778 2
1 0.368203 0.566528 0.016094 0.053981 0.360156 0.555185 2 0.376250 0.539537 2 0.361094 0.593519 2 0.361094 0.593519 2
0 0.025000 0.607870 0.050000 0.045370 0.000000 0.000000 0 0.050000 0.585185 2 0.050000 0.630556 2 0.002604 0.625000 2
0 0.239761 0.336923 0.023868 0.007488 0.228151 0.333371 2 0.251695 0.333179 2 0.251587 0.340667 2 0.227827 0.340667 2
0 0.213606 0.278627 0.020820 0.008736 0.203333 0.274259 2 0.223582 0.274514 2 0.224016 0.282996 2 0.203196 0.282739 2
0 0.238162 0.278536 0.022140 0.007104 0.227633 0.275175 2 0.248584 0.274984 2 0.249232 0.281704 2 0.227092 0.282088 2
0 0.265048 0.277742 0.022215 0.007301 0.254221 0.274423 2 0.276156 0.274091 2 0.276063 0.281393 2 0.253941 0.281061 2
0 0.374807 0.275295 0.020243 0.006220 0.364935 0.272852 2 0.384679 0.272185 2 0.384929 0.276850 2 0.364685 0.278405 2
0 0.502295 0.272242 0.019907 0.007137 0.492341 0.268673 2 0.512248 0.269268 2 0.512081 0.275810 2 0.492508 0.275513 2
0 0.101121 0.341882 0.026892 0.009253 0.088542 0.337256 2 0.114567 0.337256 2 0.113989 0.345995 2 0.087675 0.346509 2
0 0.137628 0.340212 0.025591 0.007968 0.125266 0.337256 2 0.150134 0.336228 2 0.150423 0.344196 2 0.124832 0.344196 2
0 0.170182 0.340053 0.025743 0.008602 0.158685 0.336440 2 0.183054 0.335752 2 0.183054 0.344010 2 0.157311 0.344354 2
0 0.205012 0.337942 0.027366 0.007775 0.191954 0.334054 2 0.218570 0.334054 2 0.218695 0.341607 2 0.191329 0.341829 2
0 0.271978 0.336409 0.026117 0.008220 0.259420 0.332743 2 0.285036 0.332299 2 0.284911 0.340519 2 0.258920 0.340519 2
0 0.456508 0.327795 0.024256 0.009517 0.445216 0.325118 2 0.468135 0.323037 2 0.468637 0.331959 2 0.444380 0.332554 2
0 0.544264 0.325098 0.021976 0.007711 0.533276 0.321242 2 0.554530 0.321242 2 0.555253 0.328953 2 0.533276 0.328182 2
0 0.573383 0.324018 0.024434 0.008225 0.561310 0.321448 2 0.585600 0.319906 2 0.585600 0.328131 2 0.561166 0.327617 2
0 0.600391 0.323736 0.021976 0.007454 0.589403 0.321037 2 0.611379 0.320009 2 0.611235 0.327463 2 0.589547 0.326435 2
0 0.682226 0.320545 0.021384 0.008448 0.671858 0.317666 2 0.692702 0.316321 2 0.692918 0.323425 2 0.671534 0.324769 2
0 0.782651 0.316333 0.018940 0.008996 0.773181 0.311835 2 0.791976 0.312606 2 0.792121 0.320060 2 0.773181 0.320831 2
0 0.805329 0.315949 0.019369 0.007997 0.796020 0.312617 2 0.814639 0.311950 2 0.815014 0.318170 2 0.795645 0.319947 2
