1 0.325781 0.545370 0.036979 0.029630 0.307292 0.538889 2 0.343750 0.530556 2 0.344271 0.549074 2 0.307292 0.560185 2
0 0.268490 0.552315 0.077604 0.028704 0.229687 0.543519 2 0.307292 0.537963 2 0.307292 0.561111 2 0.230208 0.566667 2
0 0.113802 0.563889 0.075521 0.024074 0.076042 0.553704 2 0.151562 0.551852 2 0.151562 0.573148 2 0.076042 0.575926 2
0 0.191146 0.557870 0.077083 0.025000 0.152604 0.548148 2 0.229687 0.545370 2 0.229687 0.566667 2 0.152604 0.570370 2
0 0.462208 0.348501 0.021545 0.008054 0.451435 0.345906 2 0.472880 0.344474 2 0.472980 0.352349 2 0.452039 0.352528 2
0 0.228841 0.368882 0.020710 0.008353 0.219182 0.366562 2 0.238935 0.364705 2 0.239196 0.372285 2 0.218486 0.373059 2
0 0.255999 0.366642 0.020540 0.008435 0.245794 0.364620 2 0.266139 0.362424 2 0.266269 0.369473 2 0.245729 0.370860 2
0 0.280220 0.365245 0.020639 0.007893 0.270303 0.362014 2 0.290540 0.361299 2 0.290338 0.368279 2 0.269900 0.369192 2
0 0.306165 0.362444 0.021142 0.008591 0.295594 0.360475 2 0.316736 0.358149 2 0.316736 0.364771 2 0.295795 0.366740 2
0 0.332448 0.360308 0.019929 0.007621 0.322558 0.358236 2 0.342337 0.356497 2 0.342412 0.362380 2 0.322483 0.364118 2
0 0.357036 0.358342 0.020238 0.007086 0.347301 0.355468 2 0.367155 0.354799 2 0.367155 0.361083 2 0.346917 0.361885 2
0 0.384459 0.355454 0.021232 0.008508 0.374017 0.352438 2 0.394901 0.351200 2 0.395075 0.358626 2 0.373843 0.359708 2
0 0.408304 0.353889 0.021344 0.008591 0.397733 0.350846 2 0.418875 0.349593 2 0.418976 0.357110 2 0.397632 0.358184 2
0 0.513786 0.344248 0.021201 0.008905 0.503418 0.342281 2 0.524270 0.339796 2 0.524387 0.347044 2 0.503186 0.348701 2
0 0.569624 0.338327 0.021700 0.009105 0.558774 0.335452 2 0.580339 0.333775 2 0.580474 0.341203 2 0.559448 0.342880 2
0 0.595537 0.336133 0.022049 0.008949 0.584513 0.333269 2 0.606461 0.331659 2 0.606562 0.339892 2 0.584613 0.340608 2
0 0.623098 0.334091 0.021493 0.008818 0.612786 0.329837 2 0.633844 0.329682 2 0.633844 0.336644 2 0.612351 0.338500 2
0 0.679471 0.329653 0.024126 0.009345 0.667408 0.326898 2 0.691534 0.324981 2 0.691399 0.331690 2 0.667408 0.334326 2
0 0.704996 0.327166 0.023458 0.009665 0.694273 0.323408 2 0.716725 0.322334 2 0.716523 0.330567 2 0.693266 0.331999 2
0 0.821075 0.316436 0.022954 0.008284 0.810297 0.313950 2 0.831848 0.312294 2 0.832552 0.319352 2 0.809598 0.320578 2
0 0.876242 0.311769 0.022189 0.008508 0.865148 0.308597 2 0.887337 0.307515 2 0.887337 0.315404 2 0.865235 0.316023 2
0 0.399705 0.370747 0.020487 0.007907 0.389597 0.367752 2 0.409140 0.366793 2 0.409949 0.374221 2 0.389462 0.374700 2
0 0.514090 0.360027 0.019429 0.007908 0.504792 0.356481 2 0.523571 0.356073 2 0.523804 0.362493 2 0.504375 0.363981 2
0 0.710226 0.342305 0.020014 0.007580 0.700219 0.340217 2 0.720233 0.338515 2 0.720059 0.345631 2 0.700654 0.346095 2
