1 0.784635 0.514352 0.064063 0.034259 0.753125 0.497222 2 0.816667 0.504630 2 0.816146 0.531481 2 0.752604 0.521296 2
0 0.864844 0.512963 0.098437 0.035185 0.815625 0.501852 2 0.913542 0.495370 2 0.914062 0.525000 2 0.816146 0.530556 2
0 0.952604 0.507407 0.079167 0.035185 0.913542 0.493519 2 0.992188 0.489815 2 0.990625 0.520370 2 0.913021 0.525000 2
0 0.542902 0.274851 0.017994 0.007997 0.533905 0.271741 2 0.551400 0.270852 2 0.551899 0.277517 2 0.534405 0.278850 2
0 0.428064 0.281685 0.020531 0.007968 0.418088 0.278986 2 0.438329 0.277701 2 0.438040 0.285155 2 0.417799 0.285669 2
0 0.520160 0.276184 0.021993 0.008442 0.510538 0.271963 2 0.531156 0.272629 2 0.531156 0.279294 2 0.509163 0.280405 2
0 0.568103 0.272332 0.019509 0.008795 0.558349 0.268930 2 0.577204 0.267935 2 0.577857 0.276730 2 0.558442 0.275900 2
0 0.590468 0.271917 0.017642 0.007965 0.581647 0.269262 2 0.599195 0.267935 2 0.599289 0.275568 2 0.582114 0.275900 2
0 0.615988 0.269660 0.016895 0.006804 0.607727 0.267586 2 0.624155 0.266259 2 0.624435 0.272896 2 0.607540 0.273062 2
0 0.687922 0.263141 0.017927 0.007579 0.678958 0.259352 2 0.696885 0.261045 2 0.696220 0.266391 2 0.679101 0.266931 2
0 0.357504 0.341090 0.024194 0.008778 0.345799 0.336867 2 0.369601 0.336701 2 0.369153 0.345479 2 0.345407 0.345164 2
0 0.413919 0.337142 0.023242 0.008664 0.402917 0.334167 2 0.425541 0.332810 2 0.425291 0.341029 2 0.402298 0.341474 2
0 0.471447 0.333819 0.022918 0.008658 0.459988 0.330977 2 0.482404 0.329490 2 0.482906 0.338115 2 0.461302 0.338148 2
0 0.499816 0.332895 0.023492 0.008655 0.488070 0.329234 2 0.511563 0.328567 2 0.511198 0.337222 2 0.488070 0.336364 2
0 0.528490 0.329827 0.026025 0.009767 0.515478 0.325715 2 0.541503 0.324944 2 0.541069 0.334711 2 0.516201 0.333940 2
0 0.553265 0.327977 0.021702 0.008174 0.543296 0.325895 2 0.563552 0.323890 2 0.564115 0.329622 2 0.542414 0.332064 2
0 0.582504 0.326440 0.027983 0.009600 0.570997 0.321832 2 0.595632 0.321640 2 0.596496 0.331240 2 0.568513 0.331240 2
0 0.611220 0.324173 0.024579 0.008996 0.599943 0.320445 2 0.623365 0.319675 2 0.623510 0.326357 2 0.598931 0.328671 2
0 0.637968 0.322630 0.024868 0.008996 0.625534 0.318132 2 0.650257 0.318646 2 0.650402 0.327129 2 0.625968 0.327129 2
0 0.665750 0.319603 0.023492 0.007797 0.654004 0.316371 2 0.677496 0.315704 2 0.677496 0.322835 2 0.654504 0.323502 2
0 0.694803 0.316948 0.022368 0.007775 0.683619 0.313061 2 0.705862 0.313727 2 0.705987 0.320370 2 0.683744 0.320836 2
0 0.497355 0.350460 0.017994 0.007131 0.488358 0.346894 2 0.506102 0.346894 2 0.506352 0.354025 2 0.488882 0.353914 2
