0 0.650521 0.751852 0.532292 0.164815 0.384375 0.689815 2 0.916667 0.669444 2 0.915625 0.800926 2 0.385937 0.834259 2
0 0.255251 0.320915 0.026704 0.008982 0.241899 0.316424 2 0.268603 0.316425 2 0.268603 0.322840 2 0.241899 0.325406 2
0 0.290422 0.316944 0.028843 0.009630 0.276001 0.313537 2 0.304844 0.312130 2 0.304479 0.321759 2 0.276253 0.321717 2
0 0.392428 0.311539 0.027355 0.012292 0.379174 0.307249 2 0.405270 0.305393 2 0.406105 0.314301 2 0.378750 0.317685 2
0 0.423851 0.309290 0.027975 0.010021 0.410281 0.305022 2 0.436794 0.304280 2 0.437838 0.311703 2 0.409863 0.314301 2
0 0.321137 0.316342 0.028393 0.009279 0.307775 0.312816 2 0.334915 0.311703 2 0.335333 0.320610 2 0.306940 0.320981 2
0 0.357567 0.313744 0.027349 0.008536 0.344728 0.310589 2 0.370197 0.309476 2 0.371241 0.318012 2 0.343892 0.318012 2
0 0.406494 0.253320 0.022768 0.008872 0.395110 0.249994 2 0.417878 0.248885 2 0.417722 0.257756 2 0.395110 0.257756 2
0 0.379654 0.255678 0.020960 0.008202 0.369884 0.252319 2 0.390135 0.251577 2 0.389947 0.259780 2 0.369174 0.259780 2
0 0.355583 0.256959 0.020668 0.008536 0.345249 0.253062 2 0.365917 0.252691 2 0.365709 0.260114 2 0.345667 0.261227 2
