0 0.624740 0.559259 0.154687 0.050000 0.547396 0.542593 2 0.701562 0.534259 2 0.702083 0.574074 2 0.547917 0.584259 2
0 0.437760 0.373544 0.025446 0.010269 0.425037 0.370352 2 0.450483 0.368410 2 0.450483 0.377569 2 0.425349 0.378679 2
0 0.473335 0.369995 0.024565 0.009312 0.461414 0.366945 2 0.485617 0.365339 2 0.485256 0.373367 2 0.461052 0.374652 2
0 0.506913 0.366688 0.023301 0.011560 0.495443 0.363156 2 0.518383 0.360908 2 0.518563 0.370541 2 0.495263 0.372468 2
0 0.572823 0.359803 0.026123 0.012261 0.559761 0.355159 2 0.585885 0.353672 2 0.585885 0.365562 2 0.560388 0.365933 2
0 0.104362 0.350488 0.019564 0.010794 0.095525 0.346770 2 0.113874 0.345091 2 0.114144 0.354445 2 0.094580 0.355885 2
0 0.134315 0.348209 0.023342 0.011514 0.122914 0.344132 2 0.145716 0.342452 2 0.145986 0.351807 2 0.122644 0.353966 2
0 0.162099 0.345292 0.025290 0.009991 0.149454 0.341684 2 0.174276 0.340296 2 0.174744 0.348067 2 0.149766 0.350287 2
0 0.191947 0.341247 0.023105 0.010284 0.180395 0.338048 2 0.203500 0.336105 2 0.203343 0.344709 2 0.180885 0.346389 2
0 0.221936 0.338048 0.023885 0.009991 0.209994 0.335273 2 0.233567 0.333053 2 0.233879 0.339713 2 0.209994 0.343044 2
0 0.311169 0.327308 0.023105 0.010824 0.299617 0.324671 2 0.322409 0.321896 2 0.322722 0.330777 2 0.300086 0.332719 2
0 0.343578 0.323783 0.025134 0.010269 0.331011 0.320591 2 0.355989 0.318649 2 0.356145 0.326420 2 0.331480 0.328917 2
0 0.437625 0.312548 0.026371 0.012523 0.424439 0.308856 2 0.450450 0.306287 2 0.450811 0.315920 2 0.424981 0.318810 2
0 0.539119 0.363734 0.026010 0.010597 0.526113 0.359720 2 0.551943 0.358435 2 0.552124 0.367748 2 0.526114 0.369032 2
0 0.472186 0.308419 0.026350 0.010775 0.459010 0.305278 2 0.485361 0.303032 2 0.484943 0.311206 2 0.459864 0.313807 2
0 0.504576 0.304883 0.025915 0.011379 0.491618 0.301137 2 0.517221 0.299194 2 0.517533 0.307520 2 0.492243 0.310573 2
0 0.536578 0.300443 0.027163 0.010824 0.523153 0.297251 2 0.550160 0.295031 2 0.549692 0.304467 2 0.522997 0.305854 2
0 0.604721 0.294115 0.026695 0.011101 0.591530 0.289119 2 0.618069 0.288564 2 0.617912 0.298000 2 0.591373 0.299666 2
0 0.638597 0.289813 0.027632 0.010824 0.624781 0.286899 2 0.652257 0.284401 2 0.652413 0.293005 2 0.625094 0.295225 2
0 0.671698 0.285960 0.027816 0.012202 0.657790 0.281786 2 0.685245 0.279859 2 0.685606 0.289171 2 0.658512 0.292061 2
0 0.743352 0.278029 0.029261 0.012523 0.728721 0.274015 2 0.757242 0.271767 2 0.757983 0.280116 2 0.730166 0.284291 2
0 0.815042 0.271061 0.027997 0.012202 0.801044 0.266565 2 0.829041 0.264960 2 0.828138 0.275235 2 0.801586 0.277162 2
0 0.849903 0.266886 0.027997 0.011560 0.835904 0.263675 2 0.863540 0.261106 2 0.863901 0.270097 2 0.836446 0.272666 2
0 0.884854 0.262551 0.028900 0.012523 0.870404 0.259501 2 0.898943 0.256290 2 0.899304 0.265281 2 0.872030 0.268813 2
