0 0.820573 0.506481 0.090104 0.025926 0.775521 0.494444 2 0.865625 0.493519 2 0.865625 0.519444 2 0.775521 0.519444 2
1 0.892969 0.501389 0.055729 0.034259 0.865104 0.491667 2 0.920833 0.484259 2 0.920833 0.508333 2 0.865104 0.518519 2
0 0.086198 0.676389 0.165104 0.112037 0.003646 0.641667 2 0.163542 0.620370 2 0.168750 0.702778 2 0.005729 0.732407 2
0 0.200796 0.266705 0.038974 0.015718 0.182031 0.258846 2 0.220283 0.263657 2 0.220283 0.274564 2 0.181309 0.269111 2
0 0.153926 0.260978 0.043721 0.019324 0.132790 0.251316 2 0.175303 0.257328 2 0.175786 0.270640 2 0.132065 0.264198 2
0 0.095855 0.253296 0.048356 0.017643 0.072038 0.244475 2 0.120033 0.250249 2 0.119672 0.262118 2 0.071677 0.256023 2
0 0.026515 0.245097 0.053030 0.021025 0.000000 0.000000 0 0.053030 0.242727 2 0.052788 0.255610 2 0.000000 0.000000 0
0 0.254945 0.351934 0.037271 0.013308 0.236310 0.345280 2 0.273581 0.348053 2 0.273425 0.358588 2 0.236778 0.355815 2
0 0.295437 0.280304 0.034238 0.015217 0.278527 0.272695 2 0.312139 0.276407 2 0.312556 0.287912 2 0.278318 0.283830 2
0 0.524492 0.310182 0.019919 0.010147 0.514532 0.305108 2 0.534102 0.307179 2 0.534451 0.315255 2 0.514648 0.312977 2
0 0.548651 0.314116 0.019687 0.009940 0.538808 0.309146 2 0.558262 0.310596 2 0.558495 0.319087 2 0.538808 0.316187 2
0 0.410198 0.295478 0.027946 0.011597 0.396458 0.289679 2 0.423938 0.291958 2 0.424171 0.301277 2 0.396226 0.297756 2
0 0.205838 0.349245 0.037115 0.013861 0.187593 0.342314 2 0.223928 0.345363 2 0.224396 0.356176 2 0.187280 0.353126 2
0 0.498770 0.307466 0.020487 0.009824 0.488526 0.302554 2 0.509013 0.304231 2 0.508878 0.312378 2 0.489066 0.309981 2
0 0.250722 0.274211 0.036809 0.015397 0.232859 0.266512 2 0.268765 0.271645 2 0.269126 0.281909 2 0.232318 0.276777 2
