1 0.701562 0.555093 0.123958 0.047222 0.639583 0.531481 2 0.763021 0.540741 2 0.763542 0.578704 2 0.639583 0.564815 2
0 0.890625 0.537037 0.072917 0.046296 0.854167 0.524074 2 0.926562 0.513889 2 0.927083 0.547222 2 0.854167 0.560185 2
0 0.810156 0.552778 0.091146 0.051852 0.764583 0.537963 2 0.855208 0.526852 2 0.855729 0.563889 2 0.765104 0.578704 2
0 0.957292 0.525000 0.059375 0.042593 0.927604 0.513889 2 0.986979 0.503704 2 0.986979 0.534259 2 0.928125 0.546296 2
0 0.451084 0.336435 0.022913 0.009105 0.439897 0.331882 2 0.462271 0.333080 2 0.462541 0.340987 2 0.439628 0.339549 2
0 0.552352 0.344102 0.017912 0.007189 0.543666 0.340507 2 0.560500 0.340987 2 0.561308 0.347696 2 0.543396 0.346738 2
0 0.374049 0.351966 0.023817 0.008661 0.362862 0.347635 2 0.385777 0.349560 2 0.385958 0.356297 2 0.362140 0.355334 2
0 0.185314 0.253264 0.024900 0.010907 0.172864 0.247811 2 0.197043 0.250377 2 0.197764 0.258718 2 0.173045 0.256151 2
0 0.219886 0.256985 0.024720 0.011548 0.208067 0.251212 2 0.231885 0.253778 2 0.232245 0.262759 2 0.207526 0.259872 2
0 0.311655 0.267731 0.022735 0.009623 0.301370 0.262920 2 0.323022 0.264844 2 0.323022 0.272543 2 0.300287 0.269977 2
0 0.369141 0.274307 0.020209 0.008982 0.359217 0.269816 2 0.379246 0.270779 2 0.379246 0.278798 2 0.359037 0.275911 2
0 0.468786 0.284254 0.017823 0.007456 0.459875 0.280526 2 0.477698 0.281769 2 0.477581 0.287981 2 0.459875 0.287360 2
0 0.129921 0.314500 0.036087 0.012510 0.112239 0.308245 2 0.147243 0.311132 2 0.147964 0.320755 2 0.111878 0.318830 2
0 0.216722 0.319643 0.032285 0.011826 0.200579 0.313730 2 0.232516 0.316617 2 0.232865 0.325556 2 0.200760 0.323674 2
0 0.256877 0.323015 0.031064 0.008818 0.241693 0.318606 2 0.272409 0.319380 2 0.272235 0.327424 2 0.241345 0.326496 2
0 0.293482 0.325672 0.029588 0.009940 0.279387 0.320702 2 0.307927 0.321944 2 0.308276 0.330642 2 0.278688 0.328364 2
0 0.326026 0.327066 0.027602 0.010812 0.312692 0.321660 2 0.339359 0.322768 2 0.339827 0.332472 2 0.312225 0.330808 2
0 0.359325 0.330061 0.027226 0.009824 0.345712 0.325149 2 0.372803 0.326586 2 0.372938 0.334973 2 0.345982 0.333535 2
0 0.393360 0.331379 0.025469 0.010063 0.381025 0.326347 2 0.405555 0.328024 2 0.406094 0.336411 2 0.380625 0.335648 2
0 0.421432 0.334170 0.024126 0.009848 0.409639 0.329246 2 0.433091 0.331403 2 0.433495 0.339094 2 0.409369 0.337417 2
0 0.478956 0.337932 0.022715 0.010148 0.468297 0.332858 2 0.490314 0.333894 2 0.490314 0.343006 2 0.467598 0.341349 2
