0 0.583594 0.551852 0.138021 0.044444 0.514583 0.536111 2 0.652604 0.529630 2 0.652604 0.567593 2 0.515104 0.574074 2
0 0.527611 0.357605 0.029006 0.012877 0.513646 0.353704 2 0.541855 0.351166 2 0.542114 0.361456 2 0.513108 0.364043 2
0 0.563145 0.354276 0.029411 0.011869 0.548980 0.349625 2 0.577128 0.348341 2 0.577850 0.357965 2 0.548439 0.360210 2
0 0.169346 0.334388 0.024900 0.010265 0.156896 0.330538 2 0.181255 0.329255 2 0.181796 0.338237 2 0.157076 0.339520 2
0 0.197401 0.331182 0.025731 0.010784 0.184536 0.326899 2 0.209643 0.325790 2 0.210267 0.334385 2 0.185156 0.336574 2
0 0.229370 0.327454 0.025107 0.010535 0.216817 0.325790 2 0.241768 0.322186 2 0.241924 0.330781 2 0.217440 0.332721 2
0 0.261501 0.323759 0.024800 0.010783 0.249101 0.320764 2 0.273631 0.318368 2 0.273901 0.327473 2 0.249640 0.329150 2
0 0.292426 0.319973 0.025999 0.010543 0.279427 0.317577 2 0.305426 0.314702 2 0.305426 0.323807 2 0.279561 0.325245 2
0 0.388451 0.308851 0.028382 0.011090 0.374572 0.304970 2 0.402486 0.303306 2 0.402642 0.312178 2 0.374260 0.314396 2
0 0.423939 0.304845 0.027607 0.012510 0.410136 0.301477 2 0.437021 0.298590 2 0.437742 0.307571 2 0.410497 0.311100 2
0 0.527635 0.291789 0.028689 0.012510 0.513290 0.287779 2 0.541438 0.285534 2 0.541980 0.294837 2 0.513471 0.298044 2
0 0.562953 0.289100 0.028392 0.011505 0.548757 0.285574 2 0.576314 0.283347 2 0.577149 0.291512 2 0.549174 0.294853 2
0 0.595864 0.284399 0.029472 0.010147 0.581361 0.282017 2 0.610484 0.279325 2 0.610600 0.286987 2 0.581129 0.289472 2
0 0.632850 0.280601 0.029162 0.011367 0.618893 0.277412 2 0.647431 0.274917 2 0.647431 0.283789 2 0.618269 0.286284 2
0 0.742400 0.268720 0.032213 0.011981 0.726294 0.266084 2 0.758103 0.262730 2 0.758507 0.271835 2 0.726429 0.274711 2
0 0.784336 0.263661 0.032281 0.013862 0.768196 0.260889 2 0.800321 0.256730 2 0.800477 0.267265 2 0.768352 0.270592 2
0 0.899159 0.251768 0.033684 0.011090 0.882317 0.248441 2 0.915222 0.246223 2 0.916002 0.253709 2 0.883409 0.257313 2
0 0.979565 0.241621 0.031033 0.012476 0.964049 0.237878 2 0.994614 0.235383 2 0.995082 0.245086 2 0.964672 0.247859 2
0 0.230224 0.388791 0.028689 0.011869 0.215880 0.385102 2 0.243667 0.382857 2 0.244569 0.393763 2 0.216421 0.394725 2
0 0.635355 0.346641 0.029411 0.011548 0.620649 0.343434 2 0.649699 0.340867 2 0.650060 0.350811 2 0.621010 0.352415 2
0 0.292150 0.382778 0.026013 0.010740 0.279144 0.378846 2 0.305022 0.377408 2 0.305156 0.387472 2 0.279271 0.388148 2
0 0.460218 0.365630 0.027557 0.010763 0.447274 0.361733 2 0.473997 0.360248 2 0.473997 0.368785 2 0.446439 0.371011 2
0 0.598780 0.350426 0.027787 0.011869 0.584887 0.346417 2 0.612493 0.344492 2 0.612674 0.355719 2 0.585067 0.356361 2
