1 0.710938 0.570370 0.108333 0.072222 0.657292 0.534259 2 0.765104 0.556481 2 0.764583 0.606481 2 0.656771 0.575000 2
0 0.852344 0.568981 0.175521 0.071296 0.764583 0.551852 2 0.939583 0.533333 2 0.940104 0.582407 2 0.765625 0.604630 2
0 0.968229 0.554630 0.058333 0.061111 0.939583 0.535185 2 0.997396 0.524074 2 0.994271 0.574074 2 0.939063 0.585185 2
0 0.460551 0.323158 0.025121 0.009018 0.449198 0.318650 2 0.473112 0.319508 2 0.472387 0.327238 2 0.447991 0.327667 2
0 0.320258 0.269308 0.020290 0.008588 0.310113 0.265443 2 0.330403 0.265014 2 0.329920 0.273603 2 0.310113 0.273603 2
0 0.345628 0.269012 0.019805 0.008594 0.335726 0.265546 2 0.355531 0.264715 2 0.355375 0.273309 2 0.336038 0.273032 2
0 0.373449 0.268361 0.022359 0.009937 0.362829 0.263392 2 0.384628 0.264386 2 0.384349 0.271839 2 0.362270 0.273329 2
0 0.424802 0.268020 0.022947 0.008159 0.414052 0.263940 2 0.436275 0.263941 2 0.436275 0.270811 2 0.413328 0.272100 2
0 0.453425 0.267161 0.018358 0.008159 0.444730 0.263081 2 0.462604 0.263082 2 0.462604 0.271241 2 0.444246 0.270811 2
0 0.484441 0.265830 0.019324 0.009877 0.474779 0.260891 2 0.493378 0.260892 2 0.494103 0.270339 2 0.475020 0.270769 2
0 0.506301 0.265168 0.016667 0.008553 0.497968 0.260891 2 0.514393 0.260892 2 0.514635 0.268621 2 0.499635 0.269444 2
0 0.533476 0.263898 0.019807 0.008588 0.523572 0.260462 2 0.542655 0.259603 2 0.543379 0.268192 2 0.523572 0.267333 2
0 0.297166 0.328140 0.030194 0.008159 0.282069 0.324919 2 0.312021 0.324060 2 0.312263 0.332219 2 0.282069 0.332219 2
0 0.333785 0.327925 0.023672 0.010306 0.321949 0.322772 2 0.345621 0.322772 2 0.345379 0.331360 2 0.321949 0.333078 2
0 0.367170 0.326660 0.024008 0.010392 0.355166 0.321464 2 0.378548 0.322206 2 0.379174 0.330371 2 0.355166 0.331856 2
0 0.399825 0.325005 0.027054 0.009877 0.387265 0.320926 2 0.413352 0.320066 2 0.412627 0.329514 2 0.386298 0.329943 2
0 0.431662 0.323845 0.025363 0.007301 0.418980 0.320195 2 0.444343 0.320195 2 0.444343 0.326637 2 0.419222 0.327496 2
0 0.492967 0.322257 0.026571 0.007300 0.480648 0.319465 2 0.505528 0.318606 2 0.506253 0.325907 2 0.479682 0.325477 2
0 0.524683 0.320324 0.026571 0.009447 0.512847 0.315601 2 0.537002 0.316030 2 0.537968 0.323330 2 0.511398 0.325048 2
0 0.551737 0.320109 0.023672 0.009018 0.539901 0.316030 2 0.563573 0.315600 2 0.563573 0.322901 2 0.540384 0.324618 2
0 0.582124 0.318306 0.025604 0.008159 0.569805 0.314656 2 0.594926 0.314226 2 0.594926 0.322385 2 0.569322 0.322385 2
