1 0.883854 0.502778 0.077083 0.035185 0.845313 0.492593 2 0.922396 0.485185 2 0.922396 0.512037 2 0.845313 0.520370 2
0 0.806250 0.506481 0.077083 0.025926 0.767708 0.493519 2 0.844792 0.493519 2 0.844792 0.519444 2 0.768229 0.518519 2
0 0.068490 0.617037 0.136979 0.071111 0.000000 0.000000 0 0.135937 0.581481 2 0.136979 0.634259 2 0.000000 0.000000 0
0 0.247962 0.280388 0.034783 0.011594 0.230570 0.274590 2 0.265353 0.277596 2 0.265112 0.286185 2 0.230570 0.284467 2
0 0.099407 0.270511 0.044446 0.015888 0.077185 0.262567 2 0.121389 0.266861 2 0.121630 0.278455 2 0.077668 0.274590 2
0 0.146511 0.272658 0.038647 0.015030 0.127428 0.265143 2 0.165834 0.269437 2 0.165834 0.280173 2 0.127188 0.276759 2
0 0.199048 0.276308 0.035991 0.010306 0.181052 0.271155 2 0.217043 0.272873 2 0.216560 0.281461 2 0.181293 0.281032 2
0 0.286610 0.282320 0.029952 0.012024 0.271876 0.276308 2 0.301103 0.280173 2 0.301586 0.288332 2 0.271634 0.285755 2
0 0.404149 0.291767 0.026329 0.009448 0.391226 0.287043 2 0.417313 0.288332 2 0.417313 0.296491 2 0.390984 0.295203 2
0 0.437604 0.295203 0.028986 0.009447 0.423594 0.290479 2 0.451855 0.291338 2 0.452097 0.299926 2 0.423111 0.299068 2
0 0.533012 0.301060 0.025622 0.008340 0.520923 0.296889 2 0.545462 0.297852 2 0.545823 0.305230 2 0.520201 0.304267 2
0 0.560979 0.304107 0.022013 0.008661 0.549973 0.299777 2 0.571264 0.302343 2 0.571986 0.308437 2 0.550334 0.307154 2
0 0.586420 0.304909 0.019487 0.008340 0.576677 0.300739 2 0.596164 0.302984 2 0.595803 0.309079 2 0.576858 0.307796 2
0 0.610671 0.307058 0.020570 0.008019 0.600928 0.303048 2 0.620956 0.303369 2 0.620775 0.311068 2 0.600386 0.310105 2
0 0.109574 0.352028 0.041715 0.016097 0.089687 0.343980 2 0.130432 0.345130 2 0.129785 0.359502 2 0.088717 0.360077 2
0 0.204483 0.352890 0.040098 0.013223 0.184435 0.346279 2 0.223885 0.346854 2 0.224532 0.359502 2 0.184758 0.358927 2
0 0.246521 0.352603 0.034277 0.012648 0.230029 0.346279 2 0.263660 0.348579 2 0.263337 0.358927 2 0.229383 0.358352 2
0 0.290833 0.356356 0.034271 0.015490 0.273698 0.348611 2 0.307969 0.349722 2 0.305698 0.364101 2 0.274008 0.362376 2
0 0.332376 0.356915 0.035247 0.014372 0.316046 0.349729 2 0.350000 0.352028 2 0.348706 0.364101 2 0.314752 0.361226 2
