0 0.804427 0.600463 0.250521 0.087963 0.679167 0.574074 2 0.929688 0.556481 2 0.929688 0.625000 2 0.679688 0.644444 2
1 0.648438 0.593519 0.059375 0.103704 0.618750 0.541667 2 0.677083 0.575000 2 0.678125 0.645370 2 0.618750 0.592593 2
0 0.965625 0.582917 0.068750 0.080463 0.932813 0.551852 2 0.000000 0.000000 0 0.000000 0.000000 0 0.931250 0.623148 2
0 0.587392 0.307908 0.026355 0.008594 0.574994 0.304998 2 0.600569 0.303611 2 0.600569 0.310542 2 0.574214 0.312206 2
0 0.617943 0.304502 0.025887 0.010763 0.606043 0.299863 2 0.630886 0.299121 2 0.630886 0.308771 2 0.604999 0.309884 2
0 0.651241 0.301942 0.027349 0.010763 0.637985 0.298416 2 0.664916 0.296560 2 0.664916 0.304725 2 0.637567 0.307323 2
0 0.517639 0.258236 0.022194 0.009944 0.506542 0.255830 2 0.528375 0.253264 2 0.528736 0.259680 2 0.507264 0.263208 2
0 0.491927 0.260642 0.020570 0.008982 0.482003 0.257756 2 0.502031 0.256151 2 0.502212 0.265133 2 0.481642 0.265133 2
0 0.438825 0.266031 0.022194 0.009302 0.427728 0.263946 2 0.449922 0.261380 2 0.449561 0.270362 2 0.428270 0.270682 2
0 0.412752 0.269239 0.020209 0.008019 0.402828 0.267154 2 0.422857 0.265229 2 0.422315 0.271324 2 0.402648 0.273249 2
0 0.492216 0.317868 0.027606 0.011227 0.478593 0.314179 2 0.505838 0.312254 2 0.506019 0.320595 2 0.478412 0.323482 2
0 0.718026 0.295187 0.026931 0.010021 0.705396 0.293517 2 0.731283 0.290176 2 0.731492 0.298713 2 0.704561 0.300197 2
0 0.396810 0.327121 0.025887 0.009703 0.383866 0.323933 2 0.409753 0.322269 2 0.409753 0.329478 2 0.384178 0.331973 2
0 0.428623 0.323794 0.025575 0.008594 0.416459 0.320606 2 0.441254 0.319497 2 0.441410 0.326982 2 0.415835 0.328091 2
0 0.459890 0.321022 0.024795 0.010258 0.447648 0.316725 2 0.471664 0.315893 2 0.472288 0.323378 2 0.447492 0.326151 2
0 0.547483 0.255189 0.020750 0.008340 0.537108 0.252623 2 0.557497 0.251019 2 0.557858 0.257434 2 0.537469 0.259359 2
0 0.572527 0.252591 0.021291 0.010265 0.561882 0.249703 2 0.582451 0.247458 2 0.583173 0.254836 2 0.562062 0.257723 2
0 0.389278 0.271196 0.020209 0.008982 0.379531 0.268981 2 0.399202 0.266705 2 0.399382 0.275686 2 0.379173 0.275686 2
0 0.335040 0.331252 0.025263 0.010535 0.322408 0.328479 2 0.347671 0.325984 2 0.347359 0.336242 2 0.323032 0.336519 2
0 0.363905 0.329755 0.024328 0.009981 0.352365 0.326428 2 0.376069 0.324765 2 0.376069 0.332527 2 0.351741 0.334745 2
0 0.521969 0.314724 0.024178 0.008982 0.509880 0.311517 2 0.533517 0.310234 2 0.534058 0.318574 2 0.509880 0.319215 2
0 0.553960 0.311709 0.025081 0.009944 0.541420 0.307699 2 0.566501 0.306737 2 0.566320 0.314757 2 0.541420 0.316681 2
