0 0.539323 0.560648 0.147396 0.047222 0.465625 0.543519 2 0.613021 0.537037 2 0.613021 0.577778 2 0.466146 0.584259 2
0 0.469519 0.311464 0.026542 0.012257 0.456248 0.308680 2 0.482790 0.305336 2 0.482372 0.313138 2 0.456458 0.317593 2
0 0.189777 0.352063 0.023261 0.009991 0.178147 0.350675 2 0.201252 0.347068 2 0.201408 0.354561 2 0.178147 0.357059 2
0 0.213974 0.350676 0.020451 0.010546 0.203749 0.348456 2 0.223888 0.345403 2 0.224200 0.352896 2 0.203749 0.355949 2
0 0.241216 0.345125 0.021543 0.009991 0.230444 0.342627 2 0.251363 0.340130 2 0.251988 0.347345 2 0.230757 0.350121 2
0 0.323561 0.333015 0.024243 0.011146 0.312485 0.330414 2 0.335682 0.327442 2 0.335265 0.335244 2 0.311440 0.338588 2
0 0.349580 0.329300 0.022780 0.011146 0.338399 0.326699 2 0.360761 0.323727 2 0.360970 0.331529 2 0.338190 0.334873 2
0 0.438379 0.317263 0.027324 0.011177 0.424717 0.314253 2 0.451557 0.311674 2 0.452041 0.319842 2 0.425442 0.322851 2
0 0.502887 0.306616 0.025636 0.011753 0.490069 0.303618 2 0.515165 0.300740 2 0.515705 0.309855 2 0.490339 0.312493 2
0 0.536354 0.301992 0.028423 0.011889 0.522352 0.300505 2 0.549729 0.296047 2 0.550565 0.304221 2 0.522143 0.307936 2
0 0.636512 0.287181 0.029262 0.011881 0.621881 0.286057 2 0.650781 0.281240 2 0.651143 0.289910 2 0.621881 0.293121 2
0 0.673451 0.281892 0.030303 0.011518 0.658926 0.278734 2 0.688185 0.276133 2 0.688603 0.285050 2 0.658299 0.287650 2
0 0.748920 0.272168 0.032910 0.012467 0.732465 0.268084 2 0.764141 0.265935 2 0.765374 0.274962 2 0.732465 0.278401 2
0 0.784961 0.267053 0.033128 0.013756 0.769848 0.264044 2 0.801041 0.260175 2 0.801525 0.268342 2 0.768397 0.273931 2
0 0.863548 0.255847 0.032393 0.013747 0.847351 0.253803 2 0.879744 0.248973 2 0.879535 0.257890 2 0.847351 0.262720 2
0 0.904405 0.250460 0.032184 0.013375 0.888940 0.246744 2 0.920079 0.243772 2 0.920497 0.251203 2 0.888313 0.257147 2
0 0.944891 0.245000 0.037719 0.015476 0.926757 0.242850 2 0.963511 0.237262 2 0.963750 0.247963 2 0.926031 0.252738 2
0 0.441554 0.375654 0.024197 0.011656 0.429455 0.373711 2 0.453340 0.369825 2 0.453652 0.378706 2 0.429455 0.381482 2
0 0.469289 0.373046 0.022398 0.011881 0.458090 0.370316 2 0.479946 0.367105 2 0.480488 0.377060 2 0.458090 0.378987 2
0 0.504944 0.368615 0.027636 0.010276 0.492030 0.365403 2 0.518401 0.363477 2 0.518762 0.371184 2 0.491126 0.373752 2
0 0.536348 0.363680 0.025366 0.011993 0.523665 0.360802 2 0.548491 0.357684 2 0.549031 0.366798 2 0.523665 0.369677 2
0 0.569159 0.360056 0.027476 0.011934 0.555421 0.356310 2 0.582897 0.354089 2 0.582897 0.363803 2 0.556046 0.366023 2
