1 0.871094 0.503704 0.053646 0.035185 0.844792 0.493519 2 0.897917 0.486111 2 0.897917 0.510185 2 0.844271 0.521296 2
0 0.799740 0.508796 0.088021 0.025000 0.755729 0.496296 2 0.843750 0.496296 2 0.843750 0.521296 2 0.755729 0.520370 2
0 0.076527 0.248884 0.049189 0.018384 0.051932 0.239692 2 0.101121 0.246648 2 0.101121 0.258076 2 0.051932 0.251617 2
0 0.135623 0.258365 0.043665 0.016359 0.113790 0.250185 2 0.157275 0.255317 2 0.157455 0.266544 2 0.113790 0.260450 2
0 0.185116 0.264267 0.038974 0.017643 0.165990 0.255445 2 0.204603 0.262823 2 0.204242 0.273088 2 0.165629 0.266673 2
0 0.235331 0.271946 0.036989 0.015373 0.217396 0.264259 2 0.253284 0.268084 2 0.253825 0.279632 2 0.216836 0.274500 2
0 0.239517 0.351613 0.038072 0.013793 0.220481 0.344717 2 0.257651 0.347604 2 0.258553 0.358510 2 0.220481 0.354340 2
0 0.190901 0.348255 0.040801 0.013491 0.170501 0.341509 2 0.210738 0.343754 2 0.211302 0.355000 2 0.171042 0.351774 2
0 0.536478 0.314800 0.018755 0.009319 0.527101 0.310140 2 0.545833 0.312222 2 0.545856 0.319459 2 0.527334 0.317388 2
0 0.513175 0.310969 0.018510 0.010768 0.503919 0.305584 2 0.522430 0.309105 2 0.522430 0.316353 2 0.504036 0.313039 2
0 0.486773 0.307907 0.020941 0.009308 0.476303 0.303253 2 0.497244 0.305044 2 0.497043 0.312561 2 0.476303 0.310592 2
0 0.397158 0.295365 0.027361 0.011502 0.383478 0.289614 2 0.410434 0.293448 2 0.410838 0.301116 2 0.383747 0.297282 2
0 0.358307 0.289805 0.029630 0.012198 0.343492 0.283706 2 0.372810 0.287864 2 0.373122 0.295904 2 0.343648 0.291468 2
