0 0.417188 0.573611 0.151042 0.054630 0.341667 0.561111 2 0.492188 0.546296 2 0.492708 0.583333 2 0.341667 0.600926 2
0 0.090104 0.601389 0.168750 0.052778 0.006771 0.594444 2 0.173958 0.575000 2 0.174479 0.615741 2 0.005729 0.627778 2
0 0.258333 0.588426 0.166667 0.056481 0.175000 0.574074 2 0.340625 0.560185 2 0.341667 0.602778 2 0.176563 0.616667 2
0 0.130974 0.331033 0.029116 0.009774 0.116666 0.326146 2 0.145032 0.327034 2 0.145532 0.335920 2 0.116416 0.335698 2
0 0.091407 0.332286 0.031784 0.009814 0.075515 0.327379 2 0.106798 0.327676 2 0.107300 0.337193 2 0.075515 0.336896 2
0 0.796468 0.345601 0.015876 0.007296 0.788962 0.342145 2 0.804082 0.341953 2 0.804406 0.348481 2 0.788530 0.349249 2
0 0.798877 0.328341 0.018792 0.006720 0.790237 0.324981 2 0.808273 0.324981 2 0.808273 0.331317 2 0.789481 0.331701 2
0 0.317910 0.272353 0.023220 0.009216 0.307596 0.267745 2 0.328872 0.269089 2 0.329520 0.276961 2 0.306300 0.276193 2
0 0.261781 0.272274 0.023617 0.008663 0.250347 0.267943 2 0.273590 0.268609 2 0.273340 0.276606 2 0.249973 0.275940 2
0 0.232353 0.272052 0.023992 0.008664 0.221107 0.267720 2 0.244349 0.268609 2 0.244349 0.276384 2 0.220357 0.275051 2
0 0.206299 0.272052 0.022868 0.006887 0.194865 0.268609 2 0.217358 0.268609 2 0.217733 0.274607 2 0.194991 0.275495 2
0 0.704485 0.328917 0.018576 0.007872 0.695197 0.324981 2 0.713773 0.325557 2 0.713557 0.332853 2 0.695197 0.331893 2
0 0.627534 0.329350 0.021655 0.007965 0.617266 0.325533 2 0.638362 0.325367 2 0.638362 0.332835 2 0.616706 0.333332 2
0 0.601518 0.329742 0.022140 0.008256 0.590447 0.325614 2 0.612480 0.325806 2 0.612588 0.333870 2 0.590448 0.333678 2
0 0.574267 0.329233 0.020618 0.008664 0.564083 0.324901 2 0.584326 0.325568 2 0.584576 0.332677 2 0.563958 0.333565 2
0 0.490615 0.329985 0.023218 0.008305 0.479076 0.325833 2 0.502155 0.326205 2 0.502224 0.333023 2 0.479006 0.334138 2
0 0.459592 0.329889 0.023492 0.008020 0.448221 0.326545 2 0.471213 0.325879 2 0.471338 0.333898 2 0.447846 0.333432 2
0 0.335288 0.330876 0.025482 0.007799 0.322921 0.326977 2 0.347470 0.327143 2 0.348030 0.334776 2 0.322547 0.334610 2
0 0.305187 0.331048 0.025920 0.008256 0.293307 0.327112 2 0.317823 0.326920 2 0.318147 0.335176 2 0.292227 0.334792 2
0 0.270800 0.331297 0.027000 0.008064 0.258380 0.328225 2 0.283868 0.327265 2 0.284300 0.335137 2 0.257300 0.335329 2
0 0.237722 0.330727 0.027326 0.007865 0.224854 0.327334 2 0.251067 0.326794 2 0.251385 0.334454 2 0.224059 0.334660 2
0 0.201463 0.331358 0.028096 0.007965 0.187695 0.327375 2 0.215138 0.327541 2 0.215512 0.334511 2 0.187415 0.335340 2
0 0.166040 0.332469 0.027909 0.007965 0.152459 0.328487 2 0.179528 0.328819 2 0.179995 0.336452 2 0.152085 0.336452 2
