0 0.647656 0.549074 0.139062 0.048148 0.578125 0.536111 2 0.716667 0.525000 2 0.717187 0.562963 2 0.578646 0.573148 2
0 0.318679 0.263286 0.021545 0.008591 0.308309 0.260601 2 0.329049 0.258991 2 0.329452 0.265434 2 0.307907 0.267582 2
0 0.151546 0.338543 0.022104 0.008866 0.140898 0.336027 2 0.162598 0.334110 2 0.162463 0.341299 2 0.140494 0.342976 2
0 0.183624 0.334470 0.023991 0.009345 0.172302 0.332193 2 0.195620 0.329797 2 0.195620 0.336986 2 0.171628 0.339142 2
0 0.211712 0.331690 0.024126 0.009584 0.200189 0.328575 2 0.223641 0.326898 2 0.223775 0.333367 2 0.199650 0.336482 2
0 0.244466 0.328202 0.023704 0.009981 0.232614 0.325153 2 0.256006 0.323212 2 0.256318 0.330975 2 0.232926 0.333193 2
0 0.275792 0.324470 0.024843 0.011877 0.263997 0.320016 2 0.288214 0.318532 2 0.288214 0.326326 2 0.263370 0.330408 2
0 0.306440 0.319568 0.025080 0.009944 0.294261 0.317162 2 0.318439 0.314596 2 0.318980 0.322936 2 0.293900 0.324540 2
0 0.402995 0.309142 0.027349 0.010763 0.389946 0.305245 2 0.416043 0.303760 2 0.416669 0.312668 2 0.389320 0.314523 2
0 0.437761 0.304831 0.026823 0.011644 0.424350 0.302336 2 0.450705 0.299009 2 0.451173 0.307604 2 0.424662 0.310653 2
0 0.541262 0.292218 0.029019 0.010763 0.527379 0.289805 2 0.555771 0.286836 2 0.555771 0.295743 2 0.526753 0.297599 2
0 0.576648 0.288135 0.029228 0.012248 0.562870 0.284980 2 0.591262 0.282011 2 0.591262 0.291290 2 0.562035 0.294259 2
0 0.610579 0.284424 0.029228 0.012453 0.596207 0.280345 2 0.625193 0.278198 2 0.625193 0.289363 2 0.595965 0.290651 2
0 0.647913 0.281204 0.029591 0.010906 0.633298 0.277676 2 0.662708 0.275751 2 0.662708 0.284732 2 0.633117 0.286657 2
0 0.685124 0.276258 0.029436 0.012619 0.671241 0.273289 2 0.699425 0.269949 2 0.699843 0.279970 2 0.670406 0.282568 2
0 0.799786 0.264112 0.031885 0.013742 0.785051 0.260677 2 0.815487 0.257242 2 0.815729 0.267977 2 0.783844 0.270983 2
0 0.916142 0.252089 0.032126 0.011165 0.900320 0.248224 2 0.931722 0.246506 2 0.932205 0.255953 2 0.900078 0.257671 2
0 0.244049 0.389290 0.024155 0.010306 0.231971 0.384566 2 0.256126 0.384137 2 0.255643 0.392725 2 0.232213 0.394443 2
0 0.304920 0.383278 0.024155 0.012024 0.293084 0.378984 2 0.316756 0.377266 2 0.316997 0.388860 2 0.292842 0.389290 2
0 0.405526 0.374045 0.021015 0.013312 0.395019 0.367819 2 0.416033 0.367389 2 0.416033 0.378984 2 0.395984 0.380701 2
0 0.478115 0.366391 0.026272 0.013415 0.464980 0.359683 2 0.491251 0.359683 2 0.490972 0.370117 2 0.465818 0.373099 2
0 0.542737 0.357451 0.028148 0.013793 0.528664 0.353120 2 0.556450 0.350555 2 0.556811 0.362744 2 0.529024 0.364348 2
0 0.615507 0.350384 0.034542 0.013312 0.599685 0.346304 2 0.632777 0.343728 2 0.632777 0.354893 2 0.598236 0.357040 2
0 0.651562 0.348653 0.029625 0.014906 0.636750 0.341697 2 0.665536 0.341200 2 0.666375 0.353622 2 0.637588 0.356106 2
0 0.270317 0.269463 0.020570 0.010585 0.260033 0.268020 2 0.280241 0.264171 2 0.280602 0.271869 2 0.260032 0.274756 2
