0 0.810937 0.736019 0.378125 0.205741 0.622917 0.686111 2 0.000000 0.000000 0 0.000000 0.000000 0 0.621875 0.838889 2
0 0.311458 0.808796 0.612500 0.232407 0.008333 0.744444 2 0.617708 0.692593 2 0.616667 0.833333 2 0.005208 0.925000 2
0 0.708287 0.299438 0.025608 0.009105 0.697100 0.294886 2 0.720148 0.295605 2 0.721092 0.303033 2 0.695483 0.303991 2
0 0.677962 0.299319 0.024800 0.008866 0.665562 0.296084 2 0.689688 0.294886 2 0.690361 0.303752 2 0.665562 0.303512 2
0 0.277135 0.306421 0.029382 0.009324 0.262848 0.301978 2 0.291667 0.301759 2 0.291826 0.309886 2 0.262444 0.311084 2
0 0.300682 0.245886 0.024530 0.007188 0.289630 0.242291 2 0.312947 0.243010 2 0.312947 0.249480 2 0.288417 0.248521 2
0 0.162579 0.307798 0.030254 0.010535 0.148075 0.302808 2 0.177393 0.302530 2 0.177705 0.313065 2 0.147452 0.311679 2
0 0.238300 0.308429 0.033092 0.015030 0.221753 0.300914 2 0.253638 0.301344 2 0.254846 0.315944 2 0.222478 0.313367 2
0 0.198544 0.306890 0.029921 0.010543 0.183988 0.302817 2 0.213370 0.301619 2 0.213505 0.312162 2 0.183584 0.311683 2
0 0.361302 0.245093 0.023298 0.009112 0.349770 0.240536 2 0.372951 0.241572 2 0.372835 0.249649 2 0.349653 0.248820 2
0 0.388968 0.246128 0.022715 0.009941 0.377844 0.241158 2 0.400209 0.241572 2 0.400326 0.250684 2 0.377611 0.251098 2
0 0.421241 0.246122 0.023056 0.010739 0.409915 0.240752 2 0.432165 0.242184 2 0.432769 0.251491 2 0.409713 0.248627 2
0 0.244185 0.245899 0.026722 0.008537 0.231241 0.241630 2 0.257128 0.241631 2 0.257546 0.250167 2 0.230823 0.249425 2
0 0.270803 0.246288 0.025679 0.009243 0.258594 0.241667 2 0.282807 0.242373 2 0.283642 0.249425 2 0.257963 0.250909 2
0 0.879888 0.298088 0.023065 0.010147 0.868355 0.293014 2 0.890954 0.293842 2 0.891420 0.303161 2 0.868472 0.299848 2
0 0.853911 0.297156 0.021667 0.007869 0.843077 0.293221 2 0.864395 0.293428 2 0.864744 0.301090 2 0.843077 0.300262 2
0 0.736316 0.299063 0.023465 0.007940 0.724583 0.295093 2 0.748048 0.295126 2 0.746823 0.302778 2 0.726213 0.303033 2
