0 0.130208 0.562500 0.075000 0.023148 0.092708 0.553704 2 0.167708 0.550926 2 0.167708 0.571296 2 0.092708 0.574074 2
0 0.285156 0.550463 0.077604 0.028704 0.246354 0.541667 2 0.323958 0.536111 2 0.323958 0.558333 2 0.246354 0.564815 2
1 0.341146 0.544444 0.033333 0.031481 0.324479 0.537037 2 0.357292 0.528704 2 0.357812 0.548148 2 0.324479 0.560185 2
0 0.206771 0.556481 0.078125 0.025926 0.167708 0.546296 2 0.245312 0.543519 2 0.245833 0.566667 2 0.167708 0.569444 2
0 0.360189 0.305387 0.017010 0.006956 0.351684 0.303180 2 0.368064 0.301909 2 0.368694 0.308588 2 0.352165 0.308865 2
0 0.259945 0.365516 0.020269 0.009112 0.250393 0.364274 2 0.270080 0.360960 2 0.270080 0.369658 2 0.249811 0.370072 2
0 0.233197 0.369046 0.020756 0.009345 0.222819 0.366051 2 0.243036 0.364373 2 0.243575 0.371801 2 0.224436 0.373718 2
0 0.318504 0.309105 0.017590 0.006834 0.309709 0.306723 2 0.327183 0.305688 2 0.327299 0.311279 2 0.309826 0.312522 2
0 0.283839 0.364113 0.020178 0.009552 0.274437 0.361657 2 0.293928 0.359337 2 0.293580 0.367381 2 0.273750 0.368889 2
0 0.309895 0.361573 0.019752 0.010071 0.300019 0.359337 2 0.319337 0.356537 2 0.319772 0.364117 2 0.300976 0.366608 2
0 0.388121 0.354583 0.022925 0.008241 0.376658 0.351890 2 0.399010 0.350463 2 0.399583 0.358704 2 0.376927 0.358119 2
0 0.413632 0.353101 0.024442 0.009760 0.401562 0.350463 2 0.425327 0.348221 2 0.425853 0.357981 2 0.401411 0.357313 2
0 0.517910 0.342985 0.022017 0.008491 0.506902 0.340603 2 0.528685 0.338739 2 0.528918 0.345574 2 0.507950 0.347230 2
0 0.574081 0.336689 0.022366 0.007455 0.563015 0.334204 2 0.584798 0.332962 2 0.585264 0.339381 2 0.562898 0.340417 2
0 0.601171 0.334308 0.025991 0.008905 0.588176 0.331719 2 0.614037 0.329855 2 0.614167 0.338519 2 0.588759 0.338760 2
0 0.628062 0.333417 0.023438 0.010023 0.616716 0.329649 2 0.639781 0.328406 2 0.639219 0.336852 2 0.616343 0.338429 2
0 0.682404 0.328095 0.024113 0.008905 0.671163 0.324678 2 0.694461 0.323643 2 0.694461 0.331512 2 0.670347 0.332547 2
0 0.709080 0.326335 0.022482 0.009112 0.697839 0.323229 2 0.719739 0.321779 2 0.720321 0.328613 2 0.698538 0.330891 2
0 0.740177 0.322926 0.020487 0.011369 0.729933 0.319159 2 0.749746 0.317242 2 0.750420 0.325844 2 0.730260 0.328611 2
0 0.496034 0.291651 0.019274 0.007428 0.486397 0.288656 2 0.505671 0.287937 2 0.505536 0.293688 2 0.487340 0.295365 2
0 0.566363 0.284032 0.019139 0.008386 0.557604 0.282500 2 0.575393 0.279838 2 0.575932 0.287506 2 0.556793 0.288225 2
0 0.825089 0.314007 0.021835 0.008626 0.814441 0.311611 2 0.835467 0.309694 2 0.836006 0.317841 2 0.814172 0.318320 2
0 0.880932 0.309626 0.021747 0.008054 0.870361 0.307926 2 0.891302 0.305598 2 0.891806 0.312221 2 0.870059 0.313653 2
0 0.890442 0.326065 0.020153 0.008077 0.880365 0.323062 2 0.900518 0.322027 2 0.900518 0.328447 2 0.880482 0.330104 2
0 0.517944 0.359008 0.019028 0.007696 0.508429 0.356234 2 0.527458 0.355159 2 0.527458 0.362319 2 0.508429 0.362856 2
0 0.402555 0.369639 0.018424 0.008412 0.393444 0.367044 2 0.411566 0.365433 2 0.411767 0.372235 2 0.393343 0.373846 2
0 0.713770 0.341834 0.020347 0.007857 0.703787 0.338514 2 0.723712 0.337905 2 0.723943 0.345763 2 0.703596 0.345637 2
