1 0.278646 0.615278 0.167708 0.121296 0.195312 0.602778 2 0.360938 0.554630 2 0.362500 0.608333 2 0.194792 0.675926 2
0 0.104688 0.640278 0.176042 0.067593 0.016667 0.609259 2 0.192188 0.606481 2 0.192708 0.674074 2 0.019792 0.672222 2
0 0.816695 0.256125 0.032851 0.017177 0.800270 0.252690 2 0.833120 0.247537 2 0.830705 0.259990 2 0.801719 0.264714 2
0 0.722682 0.208784 0.027766 0.013361 0.709842 0.206929 2 0.736565 0.202104 2 0.736565 0.208042 2 0.708799 0.215465 2
0 0.524890 0.307516 0.026887 0.014107 0.511510 0.305370 2 0.538333 0.300463 2 0.537865 0.309352 2 0.511446 0.314570 2
0 0.496379 0.313285 0.027236 0.015467 0.482760 0.310833 2 0.509997 0.305552 2 0.509755 0.315858 2 0.482865 0.321019 2
0 0.906356 0.239070 0.033612 0.014846 0.890177 0.236843 2 0.922118 0.231647 2 0.923162 0.242781 2 0.889550 0.246493 2
0 0.331638 0.341543 0.020877 0.012619 0.322243 0.338945 2 0.342076 0.335233 2 0.341867 0.344883 2 0.321199 0.347852 2
0 0.861114 0.246753 0.030133 0.013152 0.846048 0.245951 2 0.876181 0.240177 2 0.875639 0.250121 2 0.847131 0.253329 2
0 0.661213 0.282670 0.032157 0.016396 0.645414 0.277453 2 0.676716 0.274472 2 0.677292 0.286852 2 0.645134 0.290869 2
0 0.736500 0.267934 0.030919 0.015030 0.721524 0.265573 2 0.751717 0.260419 2 0.751959 0.271155 2 0.721040 0.275449 2
0 0.775027 0.261922 0.033576 0.017606 0.758964 0.258701 2 0.791815 0.253119 2 0.791573 0.264714 2 0.758239 0.270726 2
0 0.701345 0.340396 0.032967 0.014496 0.684862 0.338533 2 0.716663 0.333148 2 0.717828 0.345366 2 0.684978 0.347644 2
0 0.463417 0.318967 0.022508 0.013179 0.454049 0.315492 2 0.474671 0.312378 2 0.474401 0.323160 2 0.452162 0.325556 2
0 0.626533 0.228148 0.022558 0.013793 0.617058 0.225421 2 0.637628 0.221251 2 0.637813 0.230278 2 0.615254 0.235045 2
0 0.601109 0.234168 0.020891 0.011262 0.590664 0.232132 2 0.611016 0.228538 2 0.611555 0.236684 2 0.590798 0.239799 2
0 0.520170 0.252405 0.020758 0.012476 0.509792 0.251204 2 0.530237 0.246168 2 0.530549 0.254208 2 0.509808 0.258643 2
