1 0.721615 0.520370 0.063021 0.033333 0.690104 0.512037 2 0.752604 0.503704 2 0.753125 0.527778 2 0.690104 0.537037 2
0 0.656771 0.523611 0.065625 0.026852 0.623958 0.510185 2 0.689583 0.512037 2 0.689583 0.537037 2 0.623958 0.534259 2
0 0.305340 0.298301 0.029050 0.011548 0.291536 0.292527 2 0.319865 0.296376 2 0.319865 0.304075 2 0.290815 0.300867 2
0 0.072740 0.262781 0.046378 0.019324 0.051242 0.253120 2 0.095929 0.260849 2 0.095929 0.272443 2 0.049551 0.265572 2
0 0.124553 0.270082 0.038890 0.016747 0.106075 0.261708 2 0.143515 0.269008 2 0.143998 0.278455 2 0.105108 0.270726 2
0 0.076022 0.347629 0.052818 0.017815 0.050448 0.338722 2 0.102431 0.343547 2 0.101596 0.356537 2 0.049612 0.352454 2
0 0.125813 0.353196 0.041336 0.017815 0.107441 0.344289 2 0.146481 0.348743 2 0.146272 0.362104 2 0.105145 0.356908 2
0 0.182229 0.358125 0.039515 0.014435 0.162832 0.350908 2 0.201626 0.354757 2 0.201987 0.365342 2 0.162471 0.361814 2
0 0.268964 0.291950 0.030313 0.012189 0.255251 0.285855 2 0.284120 0.289704 2 0.283940 0.298044 2 0.253807 0.294195 2
0 0.410985 0.312788 0.026355 0.011922 0.398899 0.306827 2 0.424163 0.311263 2 0.423539 0.318748 2 0.397808 0.315976 2
0 0.440086 0.319011 0.023991 0.009385 0.428495 0.314318 2 0.452082 0.317433 2 0.451927 0.323704 2 0.428090 0.319590 2
0 0.465964 0.321746 0.022374 0.011022 0.454912 0.316235 2 0.476881 0.320309 2 0.477151 0.327257 2 0.454777 0.324622 2
0 0.491064 0.325763 0.021832 0.009980 0.481239 0.320773 2 0.501980 0.323267 2 0.501980 0.330753 2 0.480147 0.328535 2
