0 0.682031 0.603704 0.253646 0.083333 0.555208 0.571296 2 0.808333 0.562037 2 0.808854 0.629630 2 0.555208 0.645370 2
0 0.904687 0.584259 0.190625 0.081481 0.809896 0.557407 2 0.000000 0.000000 0 0.000000 0.000000 0 0.809375 0.625000 2
0 0.378986 0.317901 0.025679 0.009279 0.366147 0.315859 2 0.391617 0.313261 2 0.391826 0.321798 2 0.366982 0.322540 2
0 0.345375 0.320684 0.024843 0.010392 0.332953 0.316231 2 0.357796 0.315488 2 0.357588 0.323653 2 0.333788 0.325880 2
0 0.557298 0.245983 0.020028 0.009623 0.547284 0.242454 2 0.566771 0.241171 2 0.567313 0.249191 2 0.547284 0.250794 2
0 0.282159 0.324656 0.025470 0.011505 0.269424 0.320016 2 0.294477 0.318903 2 0.294894 0.328553 2 0.269633 0.330408 2
0 0.314727 0.321872 0.025052 0.009650 0.302827 0.317047 2 0.327254 0.317047 2 0.327254 0.325955 2 0.302201 0.326697 2
0 0.373203 0.261895 0.021712 0.008907 0.362556 0.257442 2 0.384059 0.257813 2 0.383642 0.265978 2 0.362348 0.266349 2
0 0.422650 0.257756 0.021053 0.008872 0.412124 0.254984 2 0.433176 0.253320 2 0.433176 0.260529 2 0.412436 0.262192 2
0 0.475995 0.252623 0.020750 0.009944 0.466522 0.249255 2 0.486189 0.247651 2 0.486370 0.256312 2 0.465620 0.257595 2
0 0.501989 0.250869 0.021856 0.008961 0.491963 0.248613 2 0.512708 0.246389 2 0.512917 0.254352 2 0.491061 0.255349 2
0 0.531767 0.248549 0.019848 0.009623 0.521843 0.245020 2 0.541330 0.243737 2 0.541691 0.251115 2 0.521843 0.253361 2
0 0.601038 0.299497 0.026329 0.009018 0.588839 0.296706 2 0.613961 0.294988 2 0.614202 0.303147 2 0.587873 0.304006 2
0 0.570369 0.302718 0.026346 0.011165 0.557196 0.298853 2 0.583042 0.297135 2 0.583542 0.307407 2 0.557438 0.308300 2
0 0.859070 0.280081 0.028184 0.009650 0.845396 0.275998 2 0.872953 0.275256 2 0.873162 0.283421 2 0.844978 0.284906 2
0 0.633526 0.297350 0.026571 0.010736 0.620241 0.292841 2 0.645845 0.291982 2 0.646812 0.301000 2 0.620241 0.302718 2
0 0.536440 0.305171 0.025261 0.009650 0.524853 0.300717 2 0.549070 0.300346 2 0.549070 0.308511 2 0.523809 0.309995 2
0 0.504477 0.306841 0.025261 0.010763 0.491847 0.303686 2 0.516272 0.301459 2 0.517108 0.310738 2 0.491847 0.312222 2
0 0.474815 0.310095 0.026088 0.009255 0.462188 0.306574 2 0.487650 0.305467 2 0.487859 0.312519 2 0.461771 0.314722 2
0 0.442254 0.313441 0.026117 0.009290 0.429195 0.310292 2 0.454479 0.308796 2 0.455313 0.315833 2 0.429613 0.318086 2
0 0.410406 0.316045 0.025470 0.009279 0.398073 0.312500 2 0.423141 0.311406 2 0.423141 0.318457 2 0.397671 0.320684 2
