0 0.835938 0.622685 0.320833 0.091667 0.677083 0.576852 2 0.996354 0.577778 2 0.994792 0.668519 2 0.675521 0.651852 2
0 0.570573 0.607870 0.213021 0.069444 0.464583 0.573148 2 0.677083 0.581481 2 0.676042 0.642593 2 0.464062 0.630556 2
0 0.775644 0.275850 0.033816 0.017444 0.759989 0.274180 2 0.792139 0.267128 2 0.792552 0.277500 2 0.758736 0.284572 2
0 0.603883 0.259964 0.020123 0.011925 0.593821 0.259467 2 0.613944 0.254002 2 0.613664 0.262448 2 0.593821 0.265926 2
0 0.625291 0.254695 0.021503 0.011877 0.614540 0.253210 2 0.635417 0.248757 2 0.636043 0.255808 2 0.614540 0.260633 2
0 0.651909 0.246530 0.022965 0.013361 0.641471 0.246530 2 0.663392 0.239849 2 0.662974 0.247272 2 0.640427 0.253210 2
0 0.711282 0.230059 0.025121 0.015459 0.698962 0.228341 2 0.723842 0.222329 2 0.723842 0.230918 2 0.698721 0.237789 2
0 0.742200 0.221041 0.027054 0.014600 0.728673 0.220182 2 0.755727 0.213741 2 0.754519 0.221471 2 0.728915 0.228341 2
0 0.778000 0.209732 0.027948 0.016893 0.765424 0.209731 2 0.791974 0.201285 2 0.791136 0.210228 2 0.764026 0.218178 2
0 0.516576 0.336020 0.021209 0.012198 0.506440 0.333803 2 0.527025 0.329921 2 0.527181 0.337684 2 0.505972 0.342120 2
0 0.544881 0.328812 0.022924 0.011644 0.533574 0.327704 2 0.556343 0.322990 2 0.556031 0.331585 2 0.533419 0.334634 2
0 0.570300 0.323822 0.025107 0.012198 0.558994 0.323268 2 0.582854 0.317723 2 0.582542 0.324654 2 0.557746 0.329921 2
0 0.601379 0.317108 0.024539 0.013748 0.589109 0.315366 2 0.612926 0.310234 2 0.613648 0.317932 2 0.589271 0.323981 2
0 0.632803 0.308574 0.025887 0.014139 0.620951 0.306217 2 0.645591 0.301504 2 0.645747 0.310930 2 0.619860 0.315643 2
0 0.665505 0.301412 0.029772 0.015397 0.652243 0.300129 2 0.680391 0.293714 2 0.680391 0.303658 2 0.650619 0.309111 2
0 0.701346 0.292589 0.031524 0.016701 0.686836 0.290177 2 0.716273 0.284238 2 0.717108 0.294630 2 0.685584 0.300939 2
0 0.735461 0.284639 0.031885 0.015459 0.720002 0.283351 2 0.751162 0.276909 2 0.751403 0.286357 2 0.719519 0.292369 2
