1 0.756510 0.569444 0.094271 0.075926 0.709896 0.531481 2 0.803646 0.554630 2 0.803646 0.607407 2 0.709375 0.573148 2
0 0.901823 0.572222 0.196354 0.070370 0.804167 0.551852 2 0.000000 0.000000 0 0.000000 0.000000 0 0.803646 0.607407 2
0 0.505333 0.267443 0.022374 0.008340 0.494146 0.264876 2 0.516520 0.263272 2 0.515979 0.269367 2 0.495048 0.271613 2
0 0.631493 0.311292 0.026885 0.009944 0.618412 0.308245 2 0.644936 0.306320 2 0.644936 0.314660 2 0.618051 0.316264 2
0 0.663767 0.307769 0.027140 0.011877 0.650824 0.306284 2 0.677337 0.301830 2 0.677337 0.310738 2 0.650197 0.313707 2
0 0.758569 0.300828 0.027766 0.009650 0.745730 0.298230 2 0.771826 0.296003 2 0.772452 0.303797 2 0.744686 0.305653 2
0 0.428297 0.273756 0.022573 0.008993 0.417191 0.270554 2 0.438646 0.269259 2 0.439583 0.277315 2 0.417011 0.278253 2
0 0.602175 0.313869 0.025731 0.009149 0.589310 0.311513 2 0.614729 0.309295 2 0.615041 0.317612 2 0.589622 0.318444 2
0 0.406004 0.276168 0.021652 0.008661 0.395539 0.273120 2 0.416830 0.271837 2 0.416830 0.278253 2 0.395178 0.280498 2
0 0.453722 0.271522 0.021097 0.008993 0.443174 0.269592 2 0.464104 0.267026 2 0.464271 0.274722 2 0.443333 0.276019 2
0 0.569442 0.317034 0.028509 0.009944 0.555187 0.314949 2 0.583516 0.312062 2 0.583696 0.319761 2 0.555909 0.322006 2
0 0.536919 0.320095 0.025433 0.010005 0.524202 0.317889 2 0.549635 0.315093 2 0.549323 0.323704 2 0.524202 0.325097 2
0 0.510018 0.322896 0.024443 0.010793 0.497797 0.319014 2 0.522240 0.317500 2 0.521823 0.327593 2 0.498005 0.328293 2
0 0.477776 0.326066 0.027349 0.008165 0.464101 0.322354 2 0.490824 0.321983 2 0.491450 0.327922 2 0.464310 0.330149 2
0 0.446982 0.328293 0.024217 0.010392 0.435291 0.324952 2 0.459091 0.323097 2 0.459091 0.331262 2 0.434874 0.333489 2
0 0.414414 0.332561 0.027975 0.012248 0.400636 0.326437 2 0.428402 0.326437 2 0.428402 0.337571 2 0.400427 0.338685 2
0 0.384243 0.333265 0.027065 0.008982 0.370711 0.329736 2 0.397596 0.328774 2 0.397776 0.337435 2 0.370711 0.337756 2
0 0.612241 0.256697 0.019307 0.009944 0.603851 0.253328 2 0.621714 0.251725 2 0.621894 0.260065 2 0.602588 0.261669 2
0 0.585266 0.259744 0.020209 0.010265 0.575161 0.256537 2 0.595009 0.254612 2 0.595370 0.262631 2 0.575342 0.264876 2
0 0.562351 0.261829 0.017683 0.008019 0.554592 0.258461 2 0.571011 0.257819 2 0.571192 0.265518 2 0.553509 0.265839 2
0 0.532038 0.264716 0.018765 0.008019 0.523016 0.261669 2 0.541059 0.260706 2 0.541420 0.267122 2 0.522655 0.268726 2
