1 0.723177 0.517593 0.055729 0.033333 0.695312 0.500926 2 0.751042 0.505556 2 0.751042 0.534259 2 0.695312 0.526852 2
0 0.797396 0.516667 0.092708 0.035185 0.751042 0.505556 2 0.843229 0.499074 2 0.843750 0.526852 2 0.751563 0.534259 2
0 0.889583 0.510185 0.090625 0.033333 0.844271 0.498148 2 0.934375 0.493519 2 0.934896 0.521296 2 0.844271 0.526852 2
0 0.967969 0.502778 0.061979 0.033333 0.936979 0.491667 2 0.000000 0.000000 0 0.997396 0.512963 2 0.936979 0.519444 2
0 0.492805 0.332181 0.023544 0.007872 0.482221 0.328244 2 0.504361 0.329397 2 0.504577 0.336117 2 0.481033 0.335349 2
0 0.518779 0.330837 0.022788 0.009024 0.507817 0.326516 2 0.530173 0.326325 2 0.529741 0.335349 2 0.507385 0.335157 2
0 0.546567 0.328629 0.022896 0.010368 0.536523 0.324981 2 0.558015 0.323445 2 0.557691 0.333813 2 0.535119 0.332853 2
0 0.575916 0.326595 0.022776 0.008629 0.564808 0.322281 2 0.587303 0.322778 2 0.587303 0.329748 2 0.564528 0.330910 2
0 0.601865 0.325268 0.022215 0.007965 0.590850 0.321949 2 0.612973 0.321285 2 0.612786 0.328255 2 0.590757 0.329250 2
0 0.658650 0.322485 0.023328 0.008832 0.647418 0.319220 2 0.670314 0.318069 2 0.669990 0.324981 2 0.646986 0.326901 2
0 0.629557 0.323485 0.022135 0.008030 0.618808 0.320238 2 0.639976 0.319470 2 0.640625 0.327315 2 0.618490 0.327500 2
0 0.413800 0.280390 0.019071 0.007435 0.404265 0.276673 2 0.423336 0.277267 2 0.423001 0.284108 2 0.404767 0.284108 2
0 0.437304 0.279052 0.021914 0.008327 0.426347 0.275185 2 0.448261 0.274888 2 0.447927 0.283215 2 0.427518 0.283215 2
0 0.509321 0.278903 0.019405 0.010409 0.499618 0.274591 2 0.518521 0.273699 2 0.519023 0.284108 2 0.499635 0.281759 2
0 0.535141 0.274822 0.018651 0.006940 0.525816 0.271352 2 0.544467 0.272637 2 0.544322 0.278292 2 0.526249 0.278035 2
0 0.557841 0.274694 0.021543 0.008739 0.547069 0.270324 2 0.568178 0.271095 2 0.568612 0.279063 2 0.549093 0.277778 2
0 0.319122 0.338875 0.024145 0.008225 0.307049 0.336561 2 0.330905 0.334762 2 0.331194 0.339903 2 0.308350 0.342988 2
0 0.377320 0.337691 0.022896 0.009600 0.366953 0.333083 2 0.388660 0.332891 2 0.388768 0.341339 2 0.365872 0.342491 2
0 0.436861 0.334389 0.022248 0.008448 0.425737 0.330548 2 0.447769 0.330165 2 0.447985 0.338037 2 0.426493 0.338613 2
0 0.464725 0.332852 0.023112 0.008064 0.453169 0.328820 2 0.476281 0.329013 2 0.476173 0.336885 2 0.453169 0.335925 2
