0 0.582812 0.901797 0.225000 0.118281 0.472344 0.877344 2 0.695312 0.842656 2 0.693750 0.912500 2 0.470313 0.960938 2
1 0.428664 0.512656 0.117641 0.133332 0.371930 0.445990 2 0.487485 0.506192 2 0.485465 0.579322 2 0.369844 0.498906 2
0 0.586755 0.751775 0.219615 0.094656 0.479112 0.723920 2 0.696009 0.704447 2 0.696563 0.769844 2 0.476948 0.799103 2
0 0.587964 0.610918 0.221119 0.084614 0.477872 0.578427 2 0.698524 0.568611 2 0.694784 0.640603 2 0.477405 0.653225 2
0 0.594509 0.538925 0.217380 0.074330 0.487222 0.505032 2 0.703199 0.501761 2 0.703199 0.569078 2 0.485819 0.576090 2
0 0.594790 0.467401 0.215042 0.077135 0.489606 0.428833 2 0.702311 0.432106 2 0.702311 0.501761 2 0.487269 0.505968 2
0 0.595725 0.393398 0.211770 0.075264 0.491241 0.355766 2 0.700675 0.365115 2 0.701610 0.431030 2 0.489840 0.428225 2
0 0.595958 0.322341 0.212238 0.084614 0.489839 0.280034 2 0.702077 0.297330 2 0.701142 0.364648 2 0.490307 0.354831 2
0 0.599701 0.252650 0.218777 0.088425 0.490781 0.208438 2 0.709089 0.234220 2 0.705817 0.296863 2 0.490313 0.279063 2
0 0.601948 0.112454 0.217980 0.100092 0.495122 0.062408 2 0.710938 0.097566 2 0.707656 0.162500 2 0.492958 0.133806 2
0 0.572422 0.826406 0.221094 0.092500 0.464688 0.804375 2 0.682969 0.780156 2 0.681946 0.845079 2 0.461875 0.872656 2
0 0.585048 0.680695 0.219472 0.084859 0.476003 0.653226 2 0.694784 0.638266 2 0.694784 0.703246 2 0.475313 0.723125 2
1 0.441362 0.113890 0.108456 0.105651 0.387601 0.113423 2 0.495590 0.061064 2 0.493720 0.132589 2 0.387134 0.166716 2
1 0.434808 0.244177 0.113054 0.071057 0.379219 0.224063 2 0.491336 0.208649 2 0.489466 0.279706 2 0.378281 0.278281 2
1 0.432415 0.317426 0.113534 0.075959 0.376051 0.279446 2 0.489182 0.279850 2 0.488778 0.355405 2 0.375648 0.334395 2
1 0.433223 0.382476 0.115150 0.095353 0.376051 0.334799 2 0.490798 0.355809 2 0.489586 0.430152 2 0.375648 0.388536 2
1 0.431687 0.448212 0.114746 0.116767 0.375931 0.389828 2 0.489061 0.430233 2 0.487444 0.506596 2 0.374314 0.445182 2
1 0.423935 0.576167 0.112876 0.153017 0.368704 0.499658 2 0.480373 0.578430 2 0.476449 0.652675 2 0.367497 0.556398 2
1 0.422012 0.640053 0.107903 0.165173 0.368060 0.557466 2 0.475963 0.653497 2 0.475265 0.722639 2 0.475265 0.722639 2
1 0.420859 0.705422 0.108686 0.187474 0.366516 0.611685 2 0.366516 0.611685 2 0.475202 0.799159 2 0.475202 0.799159 2
1 0.411970 0.771280 0.098989 0.199594 0.362476 0.671483 2 0.362476 0.671483 2 0.461465 0.871077 2 0.461465 0.871077 2
