0 0.762578 0.552292 0.172031 0.046250 0.676562 0.535417 2 0.846875 0.529167 2 0.848594 0.575417 2 0.678125 0.575000 2
0 0.370500 0.551948 0.069422 0.022176 0.335789 0.545705 2 0.404488 0.540860 2 0.405211 0.556287 2 0.335789 0.563036 2
1 0.894498 0.541863 0.096330 0.068663 0.846333 0.528440 2 0.941823 0.507532 2 0.942663 0.547856 2 0.848294 0.576194 2
0 0.676969 0.509017 0.076111 0.019043 0.638913 0.506246 2 0.715024 0.499496 2 0.715024 0.512030 2 0.639455 0.518539 2
0 0.675250 0.521813 0.074844 0.018750 0.637828 0.518479 2 0.712672 0.512438 2 0.712672 0.524729 2 0.637984 0.531188 2
0 0.762578 0.552292 0.172031 0.046250 0.676562 0.535417 2 0.846875 0.529167 2 0.848594 0.575417 2 0.678125 0.575000 2
0 0.370500 0.551948 0.069422 0.022176 0.335789 0.545705 2 0.404488 0.540860 2 0.405211 0.556287 2 0.335789 0.563036 2
1 0.894498 0.541863 0.096330 0.068663 0.846333 0.528440 2 0.941823 0.507532 2 0.942663 0.547856 2 0.848294 0.576194 2
0 0.676969 0.509017 0.076111 0.019043 0.638913 0.506246 2 0.715024 0.499496 2 0.715024 0.512030 2 0.639455 0.518539 2
0 0.675250 0.521813 0.074844 0.018750 0.637828 0.518479 2 0.712672 0.512438 2 0.712672 0.524729 2 0.637984 0.531188 2
