0 0.727344 0.856016 0.338125 0.053906 0.558281 0.833594 2 0.896406 0.829063 2 0.893750 0.873437 2 0.559375 0.882969 2
0 0.729453 0.765313 0.339219 0.048438 0.559844 0.743125 2 0.899063 0.741094 2 0.896875 0.789062 2 0.561563 0.789531 2
0 0.292109 0.530234 0.374219 0.042656 0.106406 0.512969 2 0.479219 0.508906 2 0.479219 0.548906 2 0.105000 0.551562 2
0 0.300391 0.669141 0.369531 0.037344 0.115625 0.654219 2 0.485156 0.650469 2 0.476562 0.684375 2 0.123594 0.687813 2
0 0.286172 0.485000 0.402656 0.055000 0.084844 0.457500 2 0.487500 0.457500 2 0.481719 0.507969 2 0.090625 0.512500 2
0 0.294141 0.577813 0.377656 0.053750 0.105313 0.553438 2 0.482969 0.550938 2 0.481250 0.603125 2 0.106250 0.604688 2
0 0.291563 0.708281 0.362187 0.036875 0.110469 0.693281 2 0.472656 0.689844 2 0.470313 0.725000 2 0.122969 0.726719 2
0 0.743203 0.676797 0.347656 0.042344 0.569375 0.656719 2 0.917031 0.655625 2 0.906250 0.695625 2 0.577500 0.697969 2
0 0.719219 0.903750 0.343125 0.041875 0.547813 0.884375 2 0.890781 0.882812 2 0.888750 0.922969 2 0.547656 0.924688 2
0 0.291406 0.751719 0.362812 0.046562 0.110000 0.733438 2 0.472813 0.728438 2 0.468438 0.770625 2 0.121719 0.775000 2
0 0.291641 0.629766 0.382344 0.052344 0.100469 0.606250 2 0.479687 0.603594 2 0.482812 0.652969 2 0.102656 0.655938 2
0 0.285859 0.792891 0.367031 0.041719 0.102344 0.775156 2 0.469375 0.772031 2 0.467187 0.809375 2 0.106094 0.813750 2
0 0.737109 0.592422 0.353281 0.046406 0.563750 0.569219 2 0.913750 0.574063 2 0.910469 0.615625 2 0.560469 0.613594 2
0 0.289297 0.870078 0.362969 0.039844 0.107813 0.854688 2 0.468750 0.850156 2 0.470781 0.882188 2 0.112031 0.890000 2
0 0.294844 0.831797 0.360000 0.045156 0.114844 0.817031 2 0.474844 0.809219 2 0.470313 0.848437 2 0.126094 0.854375 2
0 0.280391 0.911172 0.383281 0.057031 0.088750 0.895781 2 0.472031 0.882656 2 0.471250 0.925469 2 0.090469 0.939688 2
0 0.291641 0.431563 0.373594 0.049063 0.104844 0.407031 2 0.478438 0.407969 2 0.476562 0.456094 2 0.106250 0.451562 2
0 0.737813 0.638672 0.343437 0.037969 0.566094 0.619688 2 0.909531 0.619844 2 0.902969 0.653750 2 0.569844 0.657656 2
0 0.736094 0.721250 0.338750 0.041250 0.567813 0.700625 2 0.905469 0.701406 2 0.902656 0.737656 2 0.566719 0.741875 2
0 0.742578 0.545859 0.354844 0.055156 0.565156 0.518281 2 0.920000 0.523125 2 0.915625 0.573438 2 0.570469 0.568281 2
0 0.730634 0.811926 0.337371 0.048888 0.562756 0.794351 2 0.899319 0.787482 2 0.896491 0.827078 2 0.561949 0.836371 2
0 0.751583 0.495964 0.359960 0.037399 0.573940 0.477264 2 0.931563 0.477656 2 0.924552 0.514663 2 0.571603 0.514196 2
0 0.760466 0.455038 0.360897 0.045388 0.580938 0.432344 2 0.940914 0.433321 2 0.928760 0.475862 2 0.580017 0.477732 2
0 0.770049 0.407375 0.354820 0.049086 0.594977 0.382832 2 0.947459 0.387508 2 0.943251 0.431919 2 0.592639 0.431451 2
0 0.294559 0.380561 0.387278 0.054630 0.100920 0.353246 2 0.486035 0.359737 2 0.488199 0.407876 2 0.105247 0.405712 2
