1 0.538070 0.204948 0.490462 0.067969 0.293620 0.171549 2 0.772819 0.170964 2 0.783301 0.238932 2 0.292839 0.232975 2
1 0.536133 0.862630 0.516927 0.071615 0.277669 0.831706 2 0.793294 0.826823 2 0.794596 0.889974 2 0.277669 0.898438 2
1 0.541813 0.938005 0.519173 0.079720 0.282227 0.911133 2 0.801400 0.898145 2 0.801107 0.968099 2 0.282227 0.977865 2
1 0.536784 0.327148 0.488932 0.061198 0.292318 0.301107 2 0.777344 0.296549 2 0.781250 0.357096 2 0.293294 0.357747 2
1 0.536784 0.266276 0.483073 0.052083 0.295247 0.240234 2 0.778320 0.240885 2 0.777344 0.292318 2 0.297201 0.292318 2
1 0.538411 0.789551 0.513021 0.066732 0.284505 0.759766 2 0.792969 0.756185 2 0.794922 0.817708 2 0.281901 0.822917 2
1 0.528320 0.517253 0.501953 0.057943 0.277344 0.488281 2 0.779297 0.489583 2 0.777344 0.542643 2 0.280273 0.546224 2
1 0.529574 0.582129 0.495345 0.071289 0.282552 0.553060 2 0.777246 0.546484 2 0.777116 0.617773 2 0.281901 0.615560 2
1 0.529948 0.453451 0.494792 0.059896 0.282552 0.425130 2 0.775716 0.423503 2 0.777344 0.483398 2 0.283529 0.479818 2
1 0.535156 0.654492 0.503906 0.066146 0.283203 0.625000 2 0.787109 0.621419 2 0.783626 0.687565 2 0.285156 0.682617 2
1 0.535482 0.391113 0.492188 0.054362 0.291341 0.366862 2 0.779622 0.363932 2 0.781576 0.418294 2 0.289388 0.417969 2
1 0.541895 0.724349 0.506315 0.072396 0.288737 0.691406 2 0.791341 0.688151 2 0.795052 0.754948 2 0.291243 0.760547 2
