1 0.709456 0.764811 0.430632 0.058203 0.494141 0.737305 2 0.922852 0.735710 2 0.924772 0.793913 2 0.495768 0.784505 2
1 0.703288 0.337565 0.422852 0.064453 0.491862 0.318685 2 0.913411 0.305339 2 0.914714 0.356120 2 0.493164 0.369792 2
1 0.709473 0.818506 0.420898 0.054980 0.499023 0.791016 2 0.917969 0.794596 2 0.919922 0.845996 2 0.500000 0.835938 2
1 0.705729 0.231771 0.421224 0.063151 0.495117 0.215820 2 0.914388 0.200195 2 0.916341 0.247396 2 0.496419 0.263346 2
1 0.709473 0.707682 0.429362 0.053385 0.494792 0.680990 2 0.924154 0.683919 2 0.923828 0.734375 2 0.496419 0.730469 2
1 0.705241 0.284342 0.424805 0.062826 0.492839 0.267578 2 0.916016 0.252930 2 0.917643 0.301432 2 0.494141 0.315755 2
1 0.702799 0.387858 0.417969 0.058268 0.493815 0.368490 2 0.911784 0.358724 2 0.911458 0.407227 2 0.495768 0.416992 2
1 0.260091 0.513509 0.444661 0.047852 0.037760 0.496745 2 0.481771 0.489583 2 0.482422 0.530599 2 0.040039 0.537435 2
1 0.262695 0.882324 0.443359 0.045898 0.041016 0.859375 2 0.484375 0.864909 2 0.482422 0.905273 2 0.041667 0.900391 2
1 0.713542 0.116536 0.423828 0.072917 0.501628 0.104167 2 0.925456 0.080078 2 0.925130 0.136068 2 0.505859 0.152995 2
1 0.260254 0.556966 0.443034 0.046875 0.038737 0.541992 2 0.481771 0.533529 2 0.480469 0.572591 2 0.040690 0.580404 2
1 0.707682 0.176758 0.417318 0.067057 0.499023 0.160807 2 0.915365 0.143229 2 0.916341 0.192708 2 0.500977 0.210286 2
1 0.713216 0.972493 0.415365 0.051758 0.505534 0.946615 2 0.920573 0.952474 2 0.920898 0.998372 2 0.506510 0.992839 2
1 0.262207 0.835286 0.448893 0.046224 0.037760 0.812174 2 0.486654 0.817383 2 0.484701 0.858398 2 0.040690 0.853190 2
1 0.710938 0.868652 0.410807 0.047852 0.505534 0.844727 2 0.916341 0.848958 2 0.916341 0.892578 2 0.505859 0.887370 2
1 0.259440 0.788737 0.449219 0.039062 0.034831 0.769206 2 0.482096 0.770833 2 0.484049 0.807943 2 0.040039 0.808268 2
1 0.258952 0.974284 0.452799 0.051432 0.032552 0.948568 2 0.485352 0.957031 2 0.000000 0.000000 0 0.033301 0.993783 2
1 0.701823 0.442220 0.413411 0.052409 0.495117 0.423177 2 0.908529 0.416016 2 0.908529 0.461914 2 0.496745 0.468424 2
1 0.704915 0.491829 0.418294 0.056966 0.495768 0.476237 2 0.913607 0.463346 2 0.914062 0.520313 2 0.496419 0.518555 2
1 0.255843 0.743620 0.447949 0.043750 0.031868 0.721745 2 0.479492 0.722005 2 0.479818 0.765299 2 0.034473 0.765495 2
1 0.262044 0.468587 0.436198 0.042643 0.043945 0.453776 2 0.478841 0.447266 2 0.480143 0.483724 2 0.045573 0.489909 2
1 0.255371 0.242188 0.431315 0.050781 0.039714 0.229167 2 0.470052 0.216797 2 0.471029 0.256510 2 0.042318 0.267578 2
1 0.260628 0.337158 0.431868 0.060384 0.044694 0.317188 2 0.474935 0.306966 2 0.476562 0.346680 2 0.045996 0.367350 2
1 0.260579 0.289062 0.428711 0.050781 0.046224 0.275065 2 0.472656 0.263672 2 0.474935 0.303060 2 0.050130 0.314453 2
1 0.710954 0.918164 0.414030 0.058203 0.503939 0.889063 2 0.917969 0.891667 2 0.917643 0.947266 2 0.508789 0.941732 2
1 0.262386 0.423779 0.430892 0.049382 0.047526 0.406901 2 0.475260 0.399089 2 0.477832 0.441927 2 0.046940 0.448470 2
1 0.710449 0.652507 0.415690 0.047201 0.502604 0.630208 2 0.915690 0.628906 2 0.918294 0.676107 2 0.503255 0.674479 2
1 0.261068 0.929362 0.445964 0.050130 0.038086 0.904297 2 0.484049 0.913411 2 0.484049 0.954427 2 0.038411 0.944987 2
1 0.257650 0.696615 0.437174 0.042318 0.039062 0.677734 2 0.475911 0.675456 2 0.476237 0.717448 2 0.040039 0.717773 2
1 0.250488 0.198568 0.436523 0.052734 0.032227 0.183594 2 0.468750 0.172201 2 0.468750 0.214193 2 0.035156 0.224935 2
1 0.264811 0.376628 0.426758 0.050130 0.051432 0.363932 2 0.477865 0.351562 2 0.478190 0.388997 2 0.053060 0.401693 2
1 0.702637 0.547689 0.416341 0.047852 0.494466 0.528971 2 0.908854 0.523763 2 0.910807 0.569336 2 0.496094 0.571615 2
1 0.247884 0.151530 0.443034 0.058919 0.026367 0.135091 2 0.469401 0.122070 2 0.468099 0.165365 2 0.030599 0.180990 2
1 0.259115 0.650716 0.432943 0.042969 0.043294 0.631185 2 0.475260 0.629232 2 0.475586 0.670247 2 0.042643 0.672201 2
1 0.706706 0.598796 0.416016 0.046549 0.498698 0.579427 2 0.912435 0.575521 2 0.914714 0.621745 2 0.500326 0.622070 2
1 0.255908 0.605046 0.441960 0.047982 0.035742 0.581478 2 0.476237 0.581055 2 0.476888 0.622070 2 0.034928 0.629036 2
