1 0.281087 0.075521 0.413086 0.057943 0.076172 0.046549 2 0.487630 0.057617 2 0.486654 0.104492 2 0.074544 0.096354 2
1 0.273112 0.340007 0.413411 0.058919 0.066732 0.310547 2 0.479818 0.320638 2 0.479492 0.369466 2 0.066406 0.359049 2
1 0.272624 0.288249 0.407878 0.056966 0.069661 0.259766 2 0.475911 0.269206 2 0.476562 0.316732 2 0.068685 0.307292 2
1 0.277507 0.128092 0.413086 0.058919 0.072266 0.098633 2 0.484049 0.109375 2 0.482747 0.157552 2 0.070964 0.149740 2
1 0.273926 0.390951 0.412435 0.054688 0.068034 0.363607 2 0.479492 0.372721 2 0.480143 0.418294 2 0.067708 0.409180 2
1 0.274740 0.235514 0.408854 0.061523 0.071289 0.204753 2 0.478516 0.215495 2 0.479167 0.266276 2 0.070312 0.255859 2
1 0.274089 0.440592 0.407552 0.053060 0.070312 0.414062 2 0.476562 0.422526 2 0.477865 0.467122 2 0.070964 0.460286 2
1 0.275716 0.184570 0.410807 0.057292 0.072266 0.155924 2 0.480794 0.165365 2 0.481120 0.213216 2 0.070312 0.202148 2
1 0.736328 0.857096 0.432943 0.046875 0.519857 0.842122 2 0.952799 0.833659 2 0.952799 0.874674 2 0.521810 0.880534 2
1 0.750000 0.268066 0.455078 0.047201 0.522461 0.244466 2 0.975586 0.250000 2 0.977539 0.291667 2 0.523112 0.285482 2
1 0.757666 0.079980 0.459342 0.055143 0.527995 0.052409 2 0.985352 0.059570 2 0.987337 0.107552 2 0.529297 0.093750 2
1 0.274740 0.492839 0.410156 0.048828 0.069661 0.468424 2 0.477539 0.473633 2 0.479818 0.517253 2 0.070312 0.513672 2
1 0.742025 0.943197 0.424805 0.039388 0.529622 0.926758 2 0.952799 0.923503 2 0.954427 0.961914 2 0.530924 0.962891 2
1 0.737793 0.816569 0.439779 0.047852 0.517904 0.800130 2 0.957357 0.792643 2 0.957682 0.832682 2 0.519857 0.840495 2
1 0.284342 0.851400 0.403320 0.043945 0.082682 0.830729 2 0.482747 0.829427 2 0.486003 0.873047 2 0.083984 0.873372 2
1 0.286328 0.950016 0.398177 0.053027 0.087240 0.927083 2 0.484375 0.923503 2 0.485417 0.973893 2 0.089518 0.976530 2
1 0.752604 0.316520 0.449870 0.054915 0.527669 0.289062 2 0.974935 0.295573 2 0.977539 0.343978 2 0.529948 0.335742 2
1 0.738770 0.633952 0.439128 0.039388 0.519206 0.615560 2 0.958333 0.614258 2 0.957682 0.653646 2 0.521484 0.652995 2
1 0.273926 0.597656 0.407227 0.048828 0.070964 0.573242 2 0.476888 0.575521 2 0.477539 0.622070 2 0.070312 0.621094 2
1 0.739909 0.545996 0.440104 0.042513 0.519857 0.524740 2 0.959310 0.526042 2 0.959961 0.567253 2 0.520508 0.563477 2
1 0.274089 0.544271 0.412109 0.048177 0.068034 0.520182 2 0.478841 0.523438 2 0.480143 0.568359 2 0.068685 0.566732 2
1 0.749674 0.409505 0.448568 0.044271 0.525716 0.387370 2 0.973307 0.388346 2 0.973958 0.431641 2 0.525391 0.427734 2
1 0.283854 0.899902 0.399740 0.043945 0.083984 0.879883 2 0.481445 0.877930 2 0.483724 0.917969 2 0.083984 0.921875 2
1 0.752930 0.222331 0.452474 0.048828 0.527995 0.197917 2 0.977865 0.204102 2 0.979167 0.246745 2 0.526693 0.239909 2
1 0.284017 0.801107 0.403320 0.043620 0.082357 0.780924 2 0.481445 0.779297 2 0.485677 0.822591 2 0.083333 0.822917 2
1 0.751335 0.363835 0.453841 0.049284 0.524414 0.339193 2 0.978255 0.342643 2 0.978158 0.388477 2 0.526693 0.379883 2
1 0.276221 0.704183 0.407259 0.053548 0.075521 0.677734 2 0.475586 0.677409 2 0.479850 0.727083 2 0.072591 0.730957 2
1 0.278483 0.750977 0.408529 0.044922 0.074219 0.729492 2 0.479492 0.728516 2 0.482747 0.771159 2 0.074544 0.773438 2
1 0.753418 0.173828 0.456706 0.050130 0.527344 0.148763 2 0.979818 0.154948 2 0.981771 0.198893 2 0.525065 0.192057 2
1 0.275065 0.648600 0.402995 0.045247 0.075521 0.625977 2 0.474609 0.626953 2 0.476562 0.671224 2 0.073568 0.670247 2
1 0.743034 0.591781 0.445703 0.046387 0.520182 0.570964 2 0.965885 0.568587 2 0.962337 0.614974 2 0.521810 0.609049 2
1 0.739242 0.770492 0.440723 0.046908 0.518880 0.753581 2 0.959603 0.747038 2 0.957031 0.789388 2 0.520182 0.793945 2
1 0.739583 0.677897 0.429036 0.040690 0.525391 0.658854 2 0.954102 0.657552 2 0.954102 0.698242 2 0.525065 0.697266 2
1 0.756022 0.125000 0.452799 0.050130 0.529622 0.099935 2 0.982096 0.108398 2 0.982422 0.150065 2 0.529948 0.142578 2
1 0.744661 0.457389 0.441797 0.048893 0.523763 0.432943 2 0.963965 0.435352 2 0.965560 0.481836 2 0.524414 0.473633 2
1 0.737956 0.900553 0.429036 0.045898 0.523438 0.884440 2 0.951497 0.877604 2 0.952474 0.916992 2 0.525391 0.923503 2
1 0.738118 0.722982 0.431315 0.040365 0.523763 0.703776 2 0.953776 0.702799 2 0.953776 0.742513 2 0.522461 0.743164 2
1 0.739909 0.498535 0.437500 0.038737 0.521159 0.479167 2 0.958659 0.481771 2 0.957357 0.517904 2 0.522135 0.517253 2
