1 0.682734 0.771406 0.537969 0.432812 0.416250 0.711250 2 0.951719 0.555000 2 0.951562 0.700156 2 0.413750 0.987813 2
1 0.755000 0.077188 0.253750 0.071250 0.628125 0.064062 2 0.881875 0.041563 2 0.880625 0.094063 2 0.630313 0.112813 2
1 0.752656 0.475938 0.250937 0.051875 0.628125 0.450000 2 0.877813 0.454375 2 0.878125 0.501875 2 0.627188 0.496563 2
1 0.751094 0.427344 0.251563 0.052187 0.625313 0.401250 2 0.876875 0.402813 2 0.876250 0.453438 2 0.628125 0.450000 2
1 0.753438 0.127188 0.248125 0.066875 0.629375 0.113125 2 0.877500 0.093750 2 0.877500 0.147188 2 0.630313 0.160625 2
1 0.752500 0.176875 0.250000 0.061875 0.627813 0.162500 2 0.876250 0.145938 2 0.877500 0.198125 2 0.627500 0.207813 2
1 0.751094 0.279531 0.253438 0.058437 0.624375 0.260625 2 0.877813 0.250313 2 0.877188 0.299688 2 0.624688 0.308750 2
1 0.752031 0.228906 0.253438 0.059687 0.625625 0.208750 2 0.878750 0.199063 2 0.877500 0.249688 2 0.625313 0.258750 2
1 0.431641 0.460156 0.182031 0.042500 0.341094 0.438906 2 0.522656 0.439531 2 0.522656 0.481406 2 0.340625 0.473438 2
1 0.752188 0.327344 0.252500 0.054688 0.625938 0.310625 2 0.878438 0.300000 2 0.877500 0.350938 2 0.627813 0.354687 2
1 0.432031 0.096875 0.187812 0.048125 0.338125 0.087188 2 0.523438 0.072813 2 0.525938 0.109688 2 0.338125 0.120938 2
1 0.753281 0.377188 0.250313 0.050000 0.630000 0.355313 2 0.878438 0.352188 2 0.876250 0.402188 2 0.628125 0.402188 2
1 0.431406 0.377891 0.184062 0.039844 0.339844 0.357969 2 0.522500 0.359844 2 0.523438 0.397813 2 0.339375 0.396563 2
1 0.430781 0.056719 0.190312 0.062187 0.335625 0.045625 2 0.525938 0.025625 2 0.525625 0.073438 2 0.336250 0.087813 2
1 0.431719 0.418203 0.183437 0.042969 0.340313 0.396719 2 0.523438 0.399375 2 0.523438 0.439688 2 0.340000 0.438438 2
1 0.432813 0.136406 0.188125 0.055312 0.338750 0.121875 2 0.526875 0.108750 2 0.525313 0.153125 2 0.340000 0.164062 2
1 0.431328 0.299531 0.182969 0.041875 0.339844 0.281719 2 0.522813 0.278594 2 0.522656 0.319688 2 0.342187 0.320469 2
1 0.431563 0.218672 0.184375 0.050469 0.339375 0.203125 2 0.523750 0.193438 2 0.522969 0.237031 2 0.339375 0.243906 2
1 0.431484 0.340000 0.183906 0.040000 0.339531 0.320000 2 0.522500 0.320625 2 0.523438 0.360000 2 0.340781 0.357969 2
1 0.432500 0.177188 0.186250 0.048750 0.340625 0.164219 2 0.525625 0.152813 2 0.525000 0.193125 2 0.339375 0.201563 2
0 0.223828 0.770547 0.387656 0.427969 0.030000 0.556563 2 0.417656 0.715000 2 0.411563 0.984531 2 0.030781 0.712188 2
1 0.431094 0.259375 0.182813 0.042500 0.339688 0.244531 2 0.522188 0.238125 2 0.522500 0.278125 2 0.340313 0.280625 2
