0 0.767217 0.144199 0.079463 0.107642 0.727485 0.090378 2 0.806948 0.164226 2 0.796041 0.198020 2 0.796041 0.198020 2
0 0.707312 0.324389 0.046235 0.109801 0.684195 0.269488 2 0.684195 0.269488 2 0.730430 0.379289 2 0.730430 0.379289 2
0 0.135790 0.367315 0.043867 0.125270 0.157724 0.304681 2 0.157724 0.304681 2 0.113857 0.429950 2 0.113857 0.429950 2
1 0.441841 0.366302 0.232558 0.044894 0.325562 0.359061 2 0.558120 0.343855 2 0.556918 0.371370 2 0.330971 0.388749 2
0 0.783375 0.461258 0.072764 0.166005 0.746992 0.378256 2 0.746992 0.378256 2 0.819757 0.544261 2 0.819757 0.544261 2
0 0.892399 0.268520 0.144708 0.174698 0.820044 0.181171 2 0.964753 0.319078 2 0.944191 0.355869 2 0.944191 0.355869 2
0 0.767217 0.144199 0.079463 0.107642 0.727485 0.090378 2 0.806948 0.164226 2 0.796041 0.198020 2 0.796041 0.198020 2
0 0.707312 0.324389 0.046235 0.109801 0.684195 0.269488 2 0.684195 0.269488 2 0.730430 0.379289 2 0.730430 0.379289 2
0 0.135790 0.367315 0.043867 0.125270 0.157724 0.304681 2 0.157724 0.304681 2 0.113857 0.429950 2 0.113857 0.429950 2
1 0.441841 0.366302 0.232558 0.044894 0.325562 0.359061 2 0.558120 0.343855 2 0.556918 0.371370 2 0.330971 0.388749 2
0 0.783375 0.461258 0.072764 0.166005 0.746992 0.378256 2 0.746992 0.378256 2 0.819757 0.544261 2 0.819757 0.544261 2
0 0.892399 0.268520 0.144708 0.174698 0.820044 0.181171 2 0.964753 0.319078 2 0.944191 0.355869 2 0.944191 0.355869 2
