0 0.268247 0.194911 0.021124 0.065858 0.278809 0.161982 2 0.278809 0.161982 2 0.257685 0.227840 2 0.257685 0.227840 2
0 0.235450 0.270191 0.029177 0.088706 0.250039 0.225838 2 0.250039 0.225838 2 0.220861 0.314544 2 0.220861 0.314544 2
0 0.175391 0.402579 0.048074 0.139752 0.199428 0.332703 2 0.199428 0.332703 2 0.151354 0.472455 2 0.151354 0.472455 2
0 0.083635 0.588897 0.099595 0.227684 0.133433 0.475055 2 0.133433 0.475055 2 0.053384 0.702738 2 0.033837 0.689279 2
0 0.766545 0.083335 0.067505 0.079921 0.739756 0.043375 2 0.800297 0.095715 2 0.791374 0.123296 2 0.732793 0.067198 2
0 0.710657 0.032231 0.046743 0.061971 0.000000 0.000000 0 0.734029 0.036932 2 0.727797 0.063217 2 0.687286 0.026293 2
0 0.223016 0.044368 0.037257 0.061662 0.204388 0.049777 2 0.241645 0.013538 2 0.212018 0.075199 2 0.212018 0.075199 2
0 0.175659 0.099810 0.044888 0.086002 0.198103 0.056809 2 0.198103 0.056809 2 0.153215 0.142811 2 0.153215 0.142811 2
0 0.075068 0.212015 0.079643 0.146375 0.114890 0.138828 2 0.114890 0.138828 2 0.035247 0.285203 2 0.035247 0.285203 2
0 0.887382 0.539198 0.094314 0.202065 0.840226 0.438165 2 0.840226 0.438165 2 0.934539 0.640230 2 0.934539 0.640230 2
0 0.788779 0.371165 0.057633 0.128966 0.759962 0.306682 2 0.759962 0.306682 2 0.817595 0.435648 2 0.817595 0.435648 2
0 0.717891 0.249901 0.036884 0.084040 0.699449 0.207881 2 0.699449 0.207881 2 0.736333 0.291920 2 0.736333 0.291920 2
0 0.677741 0.181077 0.026381 0.064045 0.664551 0.149055 2 0.664551 0.149055 2 0.690932 0.213100 2 0.690932 0.213100 2
1 0.486015 0.197333 0.164739 0.031372 0.403645 0.185433 2 0.568384 0.181647 2 0.564793 0.208151 2 0.405441 0.213019 2
0 0.873845 0.182463 0.119040 0.126875 0.826034 0.119026 2 0.933365 0.213137 2 0.916928 0.245901 2 0.814325 0.147720 2
0 0.268247 0.194911 0.021124 0.065858 0.278809 0.161982 2 0.278809 0.161982 2 0.257685 0.227840 2 0.257685 0.227840 2
0 0.235450 0.270191 0.029177 0.088706 0.250039 0.225838 2 0.250039 0.225838 2 0.220861 0.314544 2 0.220861 0.314544 2
0 0.175391 0.402579 0.048074 0.139752 0.199428 0.332703 2 0.199428 0.332703 2 0.151354 0.472455 2 0.151354 0.472455 2
0 0.083635 0.588897 0.099595 0.227684 0.133433 0.475055 2 0.133433 0.475055 2 0.053384 0.702738 2 0.033837 0.689279 2
0 0.766545 0.083335 0.067505 0.079921 0.739756 0.043375 2 0.800297 0.095715 2 0.791374 0.123296 2 0.732793 0.067198 2
0 0.710657 0.032231 0.046743 0.061971 0.000000 0.000000 0 0.734029 0.036932 2 0.727797 0.063217 2 0.687286 0.026293 2
0 0.223016 0.044368 0.037257 0.061662 0.204388 0.049777 2 0.241645 0.013538 2 0.212018 0.075199 2 0.212018 0.075199 2
0 0.175659 0.099810 0.044888 0.086002 0.198103 0.056809 2 0.198103 0.056809 2 0.153215 0.142811 2 0.153215 0.142811 2
0 0.075068 0.212015 0.079643 0.146375 0.114890 0.138828 2 0.114890 0.138828 2 0.035247 0.285203 2 0.035247 0.285203 2
0 0.887382 0.539198 0.094314 0.202065 0.840226 0.438165 2 0.840226 0.438165 2 0.934539 0.640230 2 0.934539 0.640230 2
0 0.788779 0.371165 0.057633 0.128966 0.759962 0.306682 2 0.759962 0.306682 2 0.817595 0.435648 2 0.817595 0.435648 2
0 0.717891 0.249901 0.036884 0.084040 0.699449 0.207881 2 0.699449 0.207881 2 0.736333 0.291920 2 0.736333 0.291920 2
0 0.677741 0.181077 0.026381 0.064045 0.664551 0.149055 2 0.664551 0.149055 2 0.690932 0.213100 2 0.690932 0.213100 2
1 0.486015 0.197333 0.164739 0.031372 0.403645 0.185433 2 0.568384 0.181647 2 0.564793 0.208151 2 0.405441 0.213019 2
0 0.873845 0.182463 0.119040 0.126875 0.826034 0.119026 2 0.933365 0.213137 2 0.916928 0.245901 2 0.814325 0.147720 2
