0 0.433908 0.540583 0.164112 0.121525 0.352490 0.525785 2 0.515964 0.479821 2 0.514687 0.534753 2 0.351852 0.601345 2
0 0.117497 0.662556 0.234994 0.174888 0.000000 0.000000 0 0.227969 0.575112 2 0.234994 0.650224 2 0.000000 0.000000 0
0 0.646360 0.464406 0.066156 0.052130 0.614304 0.451794 2 0.679438 0.438341 2 0.676245 0.470516 2 0.613282 0.490471 2
0 0.707235 0.445921 0.037356 0.040762 0.689476 0.435629 2 0.725913 0.425540 2 0.724074 0.450764 2 0.688557 0.466302 2
1 0.302850 0.527465 0.098930 0.147307 0.253384 0.453812 2 0.352315 0.534169 2 0.352315 0.601119 2 0.352315 0.601119 2
0 0.433908 0.540583 0.164112 0.121525 0.352490 0.525785 2 0.515964 0.479821 2 0.514687 0.534753 2 0.351852 0.601345 2
0 0.117497 0.662556 0.234994 0.174888 0.000000 0.000000 0 0.227969 0.575112 2 0.234994 0.650224 2 0.000000 0.000000 0
0 0.646360 0.464406 0.066156 0.052130 0.614304 0.451794 2 0.679438 0.438341 2 0.676245 0.470516 2 0.613282 0.490471 2
0 0.707235 0.445921 0.037356 0.040762 0.689476 0.435629 2 0.725913 0.425540 2 0.724074 0.450764 2 0.688557 0.466302 2
1 0.302850 0.527465 0.098930 0.147307 0.253384 0.453812 2 0.352315 0.534169 2 0.352315 0.601119 2 0.352315 0.601119 2
