0 0.606673 0.343148 0.125000 0.029445 0.544173 0.328426 2 0.669173 0.336353 2 0.667293 0.357871 2 0.544173 0.348811 2
0 0.296722 0.154927 0.185836 0.035158 0.203804 0.137348 2 0.385151 0.142216 2 0.389640 0.172506 2 0.213252 0.166025 2
0 0.096818 0.146446 0.185930 0.039439 0.000000 0.000000 0 0.177838 0.134874 2 0.189784 0.166166 2 0.019431 0.156778 2
0 0.339636 0.342219 0.146260 0.026179 0.266506 0.329129 2 0.410826 0.334739 2 0.412766 0.355308 2 0.271161 0.345491 2
0 0.180961 0.330999 0.143157 0.024310 0.109382 0.318844 2 0.247108 0.326791 2 0.252539 0.343153 2 0.115978 0.334271 2
0 0.606673 0.343148 0.125000 0.029445 0.544173 0.328426 2 0.669173 0.336353 2 0.667293 0.357871 2 0.544173 0.348811 2
0 0.296722 0.154927 0.185836 0.035158 0.203804 0.137348 2 0.385151 0.142216 2 0.389640 0.172506 2 0.213252 0.166025 2
0 0.096818 0.146446 0.185930 0.039439 0.000000 0.000000 0 0.177838 0.134874 2 0.189784 0.166166 2 0.019431 0.156778 2
0 0.339636 0.342219 0.146260 0.026179 0.266506 0.329129 2 0.410826 0.334739 2 0.412766 0.355308 2 0.271161 0.345491 2
0 0.180961 0.330999 0.143157 0.024310 0.109382 0.318844 2 0.247108 0.326791 2 0.252539 0.343153 2 0.115978 0.334271 2
